PARTICIPANT_ID	TEST_SECTION_ID	HOLD_LATENCY	INTERKEY_LATENCY	PRESS_LATENCY	RELEASE_LATENCY
10330	109817	0.214	0.0	0.0	0.0
10330	109817	0.132	0.132	0.082	0.0
10330	109817	0.077	0.125	0.257	0.202
10330	109817	0.148	0.0	0.077	0.148
10330	109817	0.129	0.097	0.051	0.032
10330	109817	0.121	0.046	0.175	0.167
10330	109817	0.086	0.0	0.121	0.086
10330	109817	0.115	0.0	0.086	0.115
10330	109817	0.085	0.015	0.1	0.07
10330	109817	0.088	0.094	0.179	0.182
10330	109817	0.102	0.046	0.134	0.148
10330	109817	0.191	0.079	0.181	0.27
10330	109817	0.101	0.055	0.136	0.046
10330	109817	0.118	0.032	0.133	0.15
10330	109817	0.072	0.031	0.149	0.103
10330	109817	0.072	0.094	0.166	0.166
10330	109817	0.136	0.0	0.072	0.136
10330	109817	0.067	0.036	0.1	0.031
10330	109817	0.088	0.078	0.145	0.166
10330	109817	0.103	0.0	0.088	0.103
10330	109817	0.08	0.033	0.07	0.047
10330	109817	0.133	0.047	0.127	0.18
10330	109817	0.071	0.25	0.383	0.321
10330	109817	0.113	0.285	0.356	0.398
10330	109817	0.072	0.031	0.144	0.103
10330	109817	0.071	0.078	0.15	0.149
10330	109817	0.075	0.109	0.18	0.184
10330	109817	0.099	0.0	0.075	0.099
10330	109817	0.111	0.064	0.035	0.047
10330	109817	0.095	0.094	0.205	0.189
10330	109817	0.016	0.204	0.299	0.22
10330	109817	0.067	0.061	0.077	0.128
10330	109817	0.079	0.737	0.804	0.816
10330	109817	0.071	0.063	0.142	0.134
10330	109817	0.069	0.25	0.321	0.319
10330	109817	0.113	0.0	0.069	0.113
10330	109817	0.057	0.046	0.159	0.103
10330	109817	0.057	0.109	0.166	0.166
10330	109817	0.067	0.266	0.323	0.333
10330	109817	0.077	0.156	0.223	0.233
10330	109817	0.116	0.0	0.077	0.116
10330	109817	0.097	0.065	0.051	0.032
10330	109817	0.152	0.078	0.175	0.23
10330	109817	0.088	0.0	0.152	0.088
10330	109817	0.104	0.062	0.15	0.166
10330	109817	0.071	0.0	0.104	0.071
10330	109817	0.095	0.0	0.071	0.095
10330	109817	0.131	0.219	0.314	0.35
10330	109817	0.053	0.0	0.131	0.053
10330	109817	0.185	0.047	0.1	0.232
10330	109817	0.131	0.084	0.101	0.047
10330	109817	0.105	0.283	0.414	0.388
10330	109817	0.1	0.031	0.136	0.131
10330	109817	0.088	0.046	0.146	0.134
10330	109817	0.125	0.078	0.166	0.203
10330	109817	0.084	0.037	0.088	0.047
10330	109817	0.065	0.156	0.24	0.221
10330	109817	0.0	0.0	0.0	0.0
10330	109817	0.0	0.0	0.0	0.0
10330	109817	0.0	0.0	0.0	0.0
10330	109817	0.0	0.0	0.0	0.0
10330	109817	0.0	0.0	0.0	0.0
10330	109817	0.0	0.0	0.0	0.0
10330	109817	0.0	0.0	0.0	0.0
10330	109817	0.0	0.0	0.0	0.0
10330	109817	0.0	0.0	0.0	0.0
10330	109817	0.0	0.0	0.0	0.0
10330	109817	0.0	0.0	0.0	0.0
10330	109817	0.0	0.0	0.0	0.0
10330	109817	0.0	0.0	0.0	0.0
10330	109841	0.19	0.0	0.0	0.0
10330	109841	0.112	0.096	0.094	0.016
10330	109841	0.052	0.0	0.112	0.052
10330	109841	0.059	0.125	0.177	0.184
10330	109841	0.071	0.062	0.121	0.133
10330	109841	0.072	0.11	0.181	0.182
10330	109841	0.064	0.172	0.244	0.236
10330	109841	0.039	0.094	0.158	0.133
10330	109841	0.042	0.109	0.148	0.151
10330	109841	0.052	0.514	0.556	0.566
10330	109841	0.09	0.14	0.192	0.23
10330	109841	0.117	0.0	0.09	0.117
10330	109841	0.114	0.081	0.036	0.033
10330	109841	0.112	0.158	0.272	0.27
10330	109841	0.064	0.236	0.348	0.3
10330	109841	0.114	0.031	0.095	0.145
10330	109841	0.07	0.0	0.114	0.07
10330	109841	0.133	0.047	0.117	0.18
10330	109841	0.055	0.034	0.167	0.089
10330	109841	0.119	0.093	0.148	0.212
10330	109841	0.106	0.046	0.165	0.152
10330	109841	0.071	0.296	0.402	0.367
10330	109841	0.086	0.047	0.118	0.133
10330	109841	0.051	0.0	0.086	0.051
10330	109841	0.137	0.125	0.176	0.262
10330	109841	0.095	0.392	0.529	0.487
10330	109841	0.126	0.109	0.204	0.235
10330	109841	0.116	0.051	0.075	0.065
10330	109841	0.095	0.156	0.272	0.251
10330	109841	0.052	0.032	0.127	0.084
10330	109841	0.164	0.034	0.086	0.198
10330	109841	0.129	0.082	0.082	0.047
10330	109841	0.064	0.109	0.238	0.173
10330	109841	0.053	0.112	0.176	0.165
10330	109841	0.064	0.141	0.194	0.205
10330	109841	0.067	0.078	0.142	0.145
10330	109841	0.086	0.046	0.113	0.132
10330	109841	0.099	0.0	0.086	0.099
10330	109841	0.087	0.064	0.163	0.151
10330	109841	0.136	0.032	0.119	0.168
10330	109841	0.096	0.065	0.071	0.031
10330	109841	0.056	0.094	0.19	0.15
10330	109841	0.215	0.062	0.118	0.277
10330	109841	0.148	0.043	0.172	0.105
10330	109841	0.0	0.0	0.0	0.0
10330	109841	0.0	0.0	0.0	0.0
10330	109841	0.0	0.0	0.0	0.0
10330	109841	0.0	0.0	0.0	0.0
10330	109841	0.0	0.0	0.0	0.0
10330	109841	0.0	0.0	0.0	0.0
10330	109841	0.0	0.0	0.0	0.0
10330	109841	0.0	0.0	0.0	0.0
10330	109841	0.0	0.0	0.0	0.0
10330	109841	0.0	0.0	0.0	0.0
10330	109841	0.0	0.0	0.0	0.0
10330	109841	0.0	0.0	0.0	0.0
10330	109841	0.0	0.0	0.0	0.0
10330	109841	0.0	0.0	0.0	0.0
10330	109841	0.0	0.0	0.0	0.0
10330	109841	0.0	0.0	0.0	0.0
10330	109841	0.0	0.0	0.0	0.0
10330	109841	0.0	0.0	0.0	0.0
10330	109841	0.0	0.0	0.0	0.0
10330	109841	0.0	0.0	0.0	0.0
10330	109841	0.0	0.0	0.0	0.0
10330	109841	0.0	0.0	0.0	0.0
10330	109841	0.0	0.0	0.0	0.0
10330	109841	0.0	0.0	0.0	0.0
10330	109841	0.0	0.0	0.0	0.0
10330	109841	0.0	0.0	0.0	0.0
10330	109859	3.452	0.0	0.0	0.0
10330	109859	0.098	0.098	3.354	0.0
10330	109859	0.108	0.109	0.207	0.217
10330	109859	0.074	0.062	0.17	0.136
10330	109859	0.084	0.031	0.105	0.115
10330	109859	0.086	0.0	0.084	0.086
10330	109859	0.086	0.095	0.181	0.181
10330	109859	0.09	0.377	0.463	0.467
10330	109859	0.104	0.078	0.168	0.182
10330	109859	0.178	0.016	0.088	0.162
10330	109859	0.136	0.0	0.178	0.136
10330	109859	0.096	0.374	0.51	0.47
10330	109859	0.133	0.22	0.316	0.353
10330	109859	0.1	0.053	0.08	0.047
10330	109859	0.057	0.062	0.162	0.119
10330	109859	0.104	0.078	0.135	0.182
10330	109859	0.068	0.068	0.036	0.0
10330	109859	0.137	0.064	0.132	0.201
10330	109859	0.099	0.052	0.085	0.047
10330	109859	0.069	0.0	0.099	0.069
10330	109859	0.076	0.109	0.178	0.185
10330	109859	0.129	0.033	0.043	0.096
10330	109859	0.143	0.171	0.3	0.314
10330	109859	0.076	0.312	0.455	0.388
10330	109859	0.108	0.094	0.17	0.202
10330	109859	0.145	0.035	0.073	0.11
10330	109859	0.118	0.032	0.113	0.086
10330	109859	0.09	0.328	0.446	0.418
10330	109859	0.124	0.174	0.264	0.298
10330	109859	0.034	0.062	0.186	0.096
10330	109859	0.08	0.109	0.143	0.189
10330	109859	0.131	0.0	0.08	0.131
10330	109859	0.09	0.046	0.177	0.136
10330	109859	0.088	0.612	0.702	0.7
10330	109859	0.077	0.141	0.229	0.218
10330	109859	0.096	0.032	0.045	0.064
10330	109859	0.087	0.032	0.128	0.119
10330	109859	0.116	0.031	0.118	0.147
10330	109859	0.167	0.016	0.132	0.183
10330	109859	0.118	0.034	0.133	0.084
10330	109859	0.052	0.219	0.337	0.271
10330	109859	0.071	0.094	0.146	0.165
10330	109859	0.087	0.063	0.134	0.15
10330	109859	0.15	0.0	0.087	0.15
10330	109859	0.13	0.083	0.067	0.047
10330	109859	0.068	1.02	1.15	1.088
10330	109859	0.055	0.095	0.163	0.15
10330	109859	0.059	0.125	0.18	0.184
10330	109859	0.057	0.109	0.168	0.166
10330	109859	0.061	0.172	0.229	0.233
10330	109859	0.057	0.094	0.155	0.151
10330	109859	0.07	0.062	0.119	0.132
10330	109859	0.041	0.327	0.397	0.368
10330	109859	0.076	0.172	0.213	0.248
10330	109859	0.072	0.079	0.155	0.151
10330	109859	0.066	0.0	0.072	0.066
10330	109859	0.12	0.094	0.16	0.214
10330	109859	0.054	0.0	0.12	0.054
10330	109859	0.1	0.047	0.101	0.147
10330	109859	0.06	0.0	0.1	0.06
10330	109859	0.152	0.016	0.044	0.136
10330	109859	0.104	0.0	0.152	0.104
10330	109859	0.086	0.0	0.104	0.086
10330	109859	0.16	0.047	0.133	0.207
10330	109859	0.139	0.091	0.069	0.048
10330	109859	0.075	0.236	0.375	0.311
10330	109859	0.096	0.032	0.107	0.128
10330	109859	0.09	0.032	0.128	0.122
10330	109859	0.1	0.0	0.09	0.1
10330	109859	0.084	0.0	0.1	0.084
10330	109908	0.286	0.0	0.0	0.0
10330	109908	0.114	0.192	0.094	0.078
10330	109908	0.065	0.156	0.27	0.221
10330	109908	0.172	0.078	0.143	0.25
10330	109908	0.122	0.054	0.118	0.068
10330	109908	0.148	0.037	0.085	0.111
10330	109908	0.132	0.0	0.148	0.132
10330	109908	0.097	0.156	0.288	0.253
10330	109908	0.08	0.156	0.253	0.236
10330	109908	0.068	0.031	0.111	0.099
10330	109908	0.081	0.219	0.287	0.3
10330	109908	0.087	0.062	0.143	0.149
10330	109908	0.071	0.047	0.134	0.118
10330	109908	0.174	0.046	0.117	0.22
10330	109908	0.08	0.08	0.094	0.0
10330	109908	0.067	0.313	0.393	0.38
10330	109908	0.098	0.0	0.067	0.098
10330	109908	0.053	0.0	0.098	0.053
10330	109908	0.116	0.047	0.1	0.163
10330	109908	0.266	0.171	0.287	0.437
10330	109908	0.047	0.0	0.266	0.047
10330	109908	0.117	0.216	0.263	0.333
10330	109908	0.086	0.283	0.4	0.369
10330	109908	0.07	0.031	0.117	0.101
10330	109908	0.151	0.093	0.163	0.244
10330	109908	0.056	0.0	0.151	0.056
10330	109908	0.089	0.11	0.166	0.199
10330	109908	0.082	0.25	0.339	0.332
10330	109908	0.056	0.063	0.145	0.119
10330	109908	0.071	0.328	0.384	0.399
10330	109908	0.06	0.125	0.196	0.185
10330	109908	0.115	0.047	0.107	0.162
10330	109908	0.049	0.11	0.225	0.159
10330	109908	0.06	0.236	0.285	0.296
10330	109908	0.058	0.125	0.185	0.183
10330	109908	0.083	0.032	0.09	0.115
10330	109908	0.086	0.046	0.129	0.132
10330	109908	0.114	0.031	0.055	0.083
10330	109908	0.08	0.125	0.239	0.205
10330	109908	0.096	0.0	0.08	0.096
10330	109908	0.169	0.047	0.143	0.216
10330	109908	0.083	0.082	0.087	0.001
10330	109908	0.182	0.047	0.036	0.135
10330	109908	0.114	0.068	0.114	0.046
10330	109908	0.093	0.426	0.54	0.519
10330	109908	0.077	0.14	0.233	0.217
10330	109908	0.058	0.094	0.171	0.152
10330	109908	0.135	0.11	0.168	0.245
10330	109908	0.06	0.095	0.23	0.155
10330	109908	0.135	0.109	0.169	0.244
10330	109908	0.087	0.0	0.135	0.087
10330	109908	0.092	0.125	0.212	0.217
10330	109908	0.083	0.0	0.092	0.083
10330	109908	0.101	0.0	0.083	0.101
10330	109908	0.097	0.234	0.335	0.331
10330	109908	0.072	0.08	0.177	0.152
10330	109908	0.118	0.063	0.135	0.181
10330	109908	0.086	0.218	0.336	0.304
10330	109908	0.06	0.407	0.493	0.467
10330	109908	0.071	0.111	0.171	0.182
10330	109908	0.096	0.078	0.149	0.174
10330	109908	0.139	0.0	0.096	0.139
10330	109908	0.101	0.0	0.139	0.101
10330	109908	0.084	0.551	0.652	0.635
10330	109908	0.056	0.063	0.147	0.119
10330	109908	0.09	0.125	0.181	0.215
10330	109908	0.135	0.0	0.09	0.135
10330	109908	0.13	0.066	0.069	0.064
10330	109908	0.131	0.0	0.13	0.131
10330	109908	0.071	0.0	0.131	0.071
10330	109952	0.303	0.0	0.0	0.0
10330	109952	0.042	0.069	0.234	0.027
10330	109952	0.017	0.01	0.052	0.027
10330	109952	0.068	0.296	0.313	0.364
10330	109952	0.059	0.141	0.209	0.2
10330	109952	0.098	0.0	0.059	0.098
10330	109952	0.059	0.109	0.207	0.168
10330	109952	0.06	0.14	0.199	0.2
10330	109952	0.117	0.015	0.045	0.102
10330	109952	0.162	0.037	0.08	0.125
10330	109952	0.037	0.031	0.193	0.068
10330	109952	0.064	0.241	0.278	0.305
10330	109952	0.072	0.078	0.142	0.15
10330	109952	0.135	0.031	0.103	0.166
10330	109952	0.131	0.082	0.053	0.049
10330	109952	0.083	0.234	0.365	0.317
10330	109952	0.073	0.078	0.161	0.151
10330	109952	0.15	0.0	0.073	0.15
10330	109952	0.114	0.068	0.082	0.046
10330	109952	0.072	0.032	0.146	0.104
10330	109952	0.056	0.079	0.151	0.135
10330	109952	0.057	0.093	0.149	0.15
10330	109952	0.189	0.0	0.057	0.189
10330	109952	0.125	0.045	0.144	0.08
10330	109952	0.053	0.111	0.236	0.164
10330	109952	0.13	0.015	0.068	0.145
10330	109952	0.137	0.063	0.193	0.2
10330	109952	0.132	0.0	0.137	0.132
10330	109952	0.093	0.094	0.226	0.187
10330	109952	0.103	0.096	0.189	0.199
10330	109952	0.08	0.172	0.275	0.252
10330	109952	0.104	0.094	0.174	0.198
10330	109952	0.055	0.032	0.136	0.087
10330	109952	0.0	0.0	0.0	0.0
10330	109952	0.0	0.0	0.0	0.0
10330	109952	0.0	0.0	0.0	0.0
10330	109952	0.0	0.0	0.0	0.0
10330	109952	0.0	0.0	0.0	0.0
10330	109952	0.0	0.0	0.0	0.0
10330	109952	0.0	0.0	0.0	0.0
10330	109952	0.0	0.0	0.0	0.0
10330	109952	0.0	0.0	0.0	0.0
10330	109952	0.0	0.0	0.0	0.0
10330	109952	0.0	0.0	0.0	0.0
10330	109952	0.0	0.0	0.0	0.0
10330	109952	0.0	0.0	0.0	0.0
10330	109952	0.0	0.0	0.0	0.0
10330	109952	0.0	0.0	0.0	0.0
10330	109952	0.0	0.0	0.0	0.0
10330	109952	0.0	0.0	0.0	0.0
10330	109952	0.0	0.0	0.0	0.0
10330	109952	0.0	0.0	0.0	0.0
10330	109952	0.0	0.0	0.0	0.0
10330	109952	0.0	0.0	0.0	0.0
10330	109952	0.0	0.0	0.0	0.0
10330	109952	0.0	0.0	0.0	0.0
10330	109952	0.0	0.0	0.0	0.0
10330	109952	0.0	0.0	0.0	0.0
10330	109952	0.0	0.0	0.0	0.0
10330	109952	0.0	0.0	0.0	0.0
10330	109952	0.0	0.0	0.0	0.0
10330	109952	0.0	0.0	0.0	0.0
10330	109952	0.0	0.0	0.0	0.0
10330	109952	0.0	0.0	0.0	0.0
10330	109952	0.0	0.0	0.0	0.0
10330	109952	0.0	0.0	0.0	0.0
10330	109952	0.0	0.0	0.0	0.0
10330	109952	0.0	0.0	0.0	0.0
10330	109952	0.0	0.0	0.0	0.0
10330	109952	0.0	0.0	0.0	0.0
10330	109971	0.487	0.0	0.0	0.0
10330	109971	0.082	0.05	0.437	0.032
10330	109971	0.114	0.0	0.082	0.114
10330	109971	0.054	0.0	0.114	0.054
10330	109971	0.071	0.078	0.132	0.149
10330	109971	0.168	0.031	0.102	0.199
10330	109971	0.066	0.115	0.053	0.049
10330	109971	0.101	0.08	0.146	0.181
10330	109971	0.074	0.078	0.179	0.152
10330	109971	0.069	0.078	0.152	0.147
10330	109971	0.075	0.062	0.131	0.137
10330	109971	0.107	0.327	0.402	0.434
10330	109971	0.147	0.066	0.041	0.081
10330	109971	0.128	0.081	0.066	0.047
10330	109971	0.137	0.047	0.175	0.184
10330	109971	0.101	0.0	0.137	0.101
10330	109971	0.116	0.074	0.175	0.19
10330	109971	0.075	0.421	0.537	0.496
10330	109971	0.067	0.234	0.309	0.301
10330	109971	0.081	0.0	0.067	0.081
10330	109971	0.088	0.078	0.159	0.166
10330	109971	0.132	0.049	0.137	0.181
10330	109971	0.071	0.0	0.132	0.071
10330	109971	0.098	0.0	0.071	0.098
10330	109971	0.121	0.078	0.176	0.199
10330	109971	0.072	0.031	0.152	0.103
10330	109971	0.08	0.11	0.182	0.19
10330	109971	0.093	0.0	0.08	0.093
10330	109971	0.208	0.0	0.093	0.208
10330	109971	0.061	0.0	0.208	0.061
10330	109971	0.064	0.157	0.218	0.221
10330	109971	0.108	0.267	0.331	0.375
10330	109971	0.069	0.0	0.108	0.069
10330	109971	0.068	0.031	0.1	0.099
10330	109971	0.118	0.049	0.117	0.167
10330	109971	0.07	0.064	0.182	0.134
10330	109971	0.114	0.093	0.163	0.207
10330	109971	0.065	0.268	0.382	0.333
10330	109971	0.0	0.0	0.0	0.0
10330	109971	0.0	0.0	0.0	0.0
10330	109971	0.0	0.0	0.0	0.0
10330	109971	0.0	0.0	0.0	0.0
10330	109971	0.0	0.0	0.0	0.0
10330	109971	0.0	0.0	0.0	0.0
10330	109971	0.0	0.0	0.0	0.0
10330	109971	0.0	0.0	0.0	0.0
10330	109971	0.0	0.0	0.0	0.0
10330	109971	0.0	0.0	0.0	0.0
10330	109971	0.0	0.0	0.0	0.0
10330	109971	0.0	0.0	0.0	0.0
10330	109971	0.0	0.0	0.0	0.0
10330	109971	0.0	0.0	0.0	0.0
10330	109971	0.0	0.0	0.0	0.0
10330	109971	0.0	0.0	0.0	0.0
10330	109971	0.0	0.0	0.0	0.0
10330	109971	0.0	0.0	0.0	0.0
10330	109971	0.0	0.0	0.0	0.0
10330	109971	0.0	0.0	0.0	0.0
10330	109971	0.0	0.0	0.0	0.0
10330	109971	0.0	0.0	0.0	0.0
10330	109971	0.0	0.0	0.0	0.0
10330	109971	0.0	0.0	0.0	0.0
10330	109971	0.0	0.0	0.0	0.0
10330	109971	0.0	0.0	0.0	0.0
10330	109971	0.0	0.0	0.0	0.0
10330	109971	0.0	0.0	0.0	0.0
10330	109971	0.0	0.0	0.0	0.0
10330	109971	0.0	0.0	0.0	0.0
10330	109971	0.0	0.0	0.0	0.0
10330	109971	0.0	0.0	0.0	0.0
10330	109985	0.526	0.0	0.0	0.0
10330	109985	0.117	0.117	0.409	0.0
10330	109985	0.103	0.234	0.351	0.337
10330	109985	0.147	0.05	0.053	0.097
10330	109985	0.128	0.097	0.05	0.031
10330	109985	0.064	0.644	0.772	0.708
10330	109985	0.054	0.127	0.191	0.181
10330	109985	0.073	0.093	0.147	0.166
10330	109985	0.131	0.0	0.073	0.131
10330	109985	0.128	0.081	0.05	0.047
10330	109985	0.092	0.078	0.206	0.17
10330	109985	0.137	0.0	0.092	0.137
10330	109985	0.16	0.037	0.1	0.123
10330	109985	0.106	0.074	0.086	0.032
10330	109985	0.096	0.046	0.152	0.142
10330	109985	0.115	0.016	0.112	0.131
10330	109985	0.071	0.0	0.115	0.071
10330	109985	0.099	0.249	0.32	0.348
10330	109985	0.12	0.0	0.099	0.12
10330	109985	0.115	0.068	0.052	0.047
10330	109985	0.073	0.062	0.177	0.135
10330	109985	0.072	0.127	0.2	0.199
10330	109985	0.072	0.078	0.15	0.15
10330	109985	0.084	0.0	0.072	0.084
10330	109985	0.058	0.109	0.193	0.167
10330	109985	0.073	0.109	0.167	0.182
10330	109985	0.136	0.049	0.122	0.185
10330	109985	0.1	0.053	0.083	0.047
10330	109985	0.056	0.031	0.131	0.087
10330	109985	0.069	0.031	0.087	0.1
10330	109985	0.089	0.125	0.194	0.214
10330	109985	0.132	0.0	0.089	0.132
10330	109985	0.111	0.125	0.257	0.236
10330	109985	0.071	0.015	0.126	0.086
10330	109985	0.055	0.093	0.164	0.148
10330	109985	0.141	0.062	0.117	0.203
10330	109985	0.064	0.265	0.406	0.329
10330	109985	0.14	0.064	0.128	0.204
10330	109985	0.052	0.094	0.234	0.146
10330	109985	0.0	0.0	0.0	0.0
10330	109985	0.0	0.0	0.0	0.0
10330	109985	0.0	0.0	0.0	0.0
10330	109985	0.0	0.0	0.0	0.0
10330	109985	0.0	0.0	0.0	0.0
10330	109985	0.0	0.0	0.0	0.0
10330	109985	0.0	0.0	0.0	0.0
10330	109985	0.0	0.0	0.0	0.0
10330	109985	0.0	0.0	0.0	0.0
10330	109985	0.0	0.0	0.0	0.0
10330	109985	0.0	0.0	0.0	0.0
10330	109985	0.0	0.0	0.0	0.0
10330	109985	0.0	0.0	0.0	0.0
10330	109985	0.0	0.0	0.0	0.0
10330	109985	0.0	0.0	0.0	0.0
10330	109985	0.0	0.0	0.0	0.0
10330	109985	0.0	0.0	0.0	0.0
10330	109985	0.0	0.0	0.0	0.0
10330	109985	0.0	0.0	0.0	0.0
10330	109985	0.0	0.0	0.0	0.0
10330	109985	0.0	0.0	0.0	0.0
10330	109985	0.0	0.0	0.0	0.0
10330	109985	0.0	0.0	0.0	0.0
10330	109985	0.0	0.0	0.0	0.0
10330	109985	0.0	0.0	0.0	0.0
10330	109985	0.0	0.0	0.0	0.0
10330	109985	0.0	0.0	0.0	0.0
10330	109985	0.0	0.0	0.0	0.0
10330	109985	0.0	0.0	0.0	0.0
10330	109985	0.0	0.0	0.0	0.0
10330	109985	0.0	0.0	0.0	0.0
10330	110016	0.282	0.0	0.0	0.0
10330	110016	0.041	0.032	0.25	0.009
10330	110016	0.112	0.016	0.057	0.128
10330	110016	0.101	0.0	0.112	0.101
10330	110016	0.104	0.016	0.117	0.12
10330	110016	0.066	0.066	0.038	0.0
10330	110016	0.063	0.204	0.27	0.267
10330	110016	0.126	0.124	0.187	0.25
10330	110016	0.098	0.051	0.075	0.047
10330	110016	0.11	0.14	0.238	0.25
10330	110016	0.115	0.0	0.11	0.115
10330	110016	0.148	0.0	0.115	0.148
10330	110016	0.072	0.0	0.148	0.072
10330	110016	0.099	0.0	0.072	0.099
10330	110016	0.133	0.203	0.302	0.336
10330	110016	0.071	0.038	0.095	0.033
10330	110016	0.056	0.093	0.164	0.149
10330	110016	0.056	0.078	0.134	0.134
10330	110016	0.072	0.094	0.15	0.166
10330	110016	0.132	0.0	0.072	0.132
10330	110016	0.129	0.081	0.051	0.048
10330	110016	0.044	0.125	0.254	0.169
10330	110016	0.09	0.093	0.137	0.183
10330	110016	0.116	0.032	0.122	0.148
10330	110016	0.071	0.0	0.116	0.071
10330	110016	0.103	0.016	0.055	0.087
10330	110016	0.08	0.314	0.417	0.394
10330	110016	0.136	0.078	0.158	0.214
10330	110016	0.061	0.078	0.214	0.139
10330	110016	0.0	0.0	0.0	0.0
10330	110016	0.0	0.0	0.0	0.0
10330	110016	0.0	0.0	0.0	0.0
10330	110016	0.0	0.0	0.0	0.0
10330	110016	0.0	0.0	0.0	0.0
10330	110016	0.0	0.0	0.0	0.0
10330	110016	0.0	0.0	0.0	0.0
10330	110016	0.0	0.0	0.0	0.0
10330	110016	0.0	0.0	0.0	0.0
10330	110016	0.0	0.0	0.0	0.0
10330	110016	0.0	0.0	0.0	0.0
10330	110016	0.0	0.0	0.0	0.0
10330	110016	0.0	0.0	0.0	0.0
10330	110016	0.0	0.0	0.0	0.0
10330	110016	0.0	0.0	0.0	0.0
10330	110016	0.0	0.0	0.0	0.0
10330	110016	0.0	0.0	0.0	0.0
10330	110016	0.0	0.0	0.0	0.0
10330	110016	0.0	0.0	0.0	0.0
10330	110016	0.0	0.0	0.0	0.0
10330	110016	0.0	0.0	0.0	0.0
10330	110016	0.0	0.0	0.0	0.0
10330	110016	0.0	0.0	0.0	0.0
10330	110016	0.0	0.0	0.0	0.0
10330	110016	0.0	0.0	0.0	0.0
10330	110016	0.0	0.0	0.0	0.0
10330	110016	0.0	0.0	0.0	0.0
10330	110016	0.0	0.0	0.0	0.0
10330	110016	0.0	0.0	0.0	0.0
10330	110016	0.0	0.0	0.0	0.0
10330	110016	0.0	0.0	0.0	0.0
10330	110016	0.0	0.0	0.0	0.0
10330	110016	0.0	0.0	0.0	0.0
10330	110016	0.0	0.0	0.0	0.0
10330	110016	0.0	0.0	0.0	0.0
10330	110016	0.0	0.0	0.0	0.0
10330	110016	0.0	0.0	0.0	0.0
10330	110016	0.0	0.0	0.0	0.0
10330	110016	0.0	0.0	0.0	0.0
10330	110016	0.0	0.0	0.0	0.0
10330	110016	0.0	0.0	0.0	0.0
10330	110030	24.722	0.0	0.0	0.0
10330	110030	0.131	0.065	24.657	0.066
10330	110030	0.116	0.051	0.08	0.065
10330	110030	0.197	0.141	0.257	0.338
10330	110030	0.059	0.07	0.127	0.011
10330	110030	0.065	0.276	0.335	0.341
10330	110030	0.057	0.078	0.143	0.135
10330	110030	0.072	0.078	0.135	0.15
10330	110030	0.096	0.374	0.446	0.47
10330	110030	0.064	0.0	0.096	0.064
10330	110030	0.171	0.093	0.157	0.264
10330	110030	0.116	0.084	0.087	0.032
10330	110030	0.049	0.422	0.538	0.471
10330	110030	0.055	0.094	0.143	0.149
10330	110030	0.073	0.127	0.182	0.2
10330	110030	0.153	0.0	0.073	0.153
10330	110030	0.117	0.054	0.099	0.063
10330	110030	0.164	0.047	0.164	0.211
10330	110030	0.104	0.0	0.164	0.104
10330	110030	0.14	0.079	0.183	0.219
10330	110030	0.145	0.051	0.089	0.094
10330	110030	0.104	0.0	0.145	0.104
10330	110030	0.084	0.0	0.104	0.084
10330	110030	0.134	0.046	0.13	0.18
10330	110030	0.088	0.033	0.167	0.121
10330	110030	0.23	0.032	0.12	0.262
10330	110030	0.131	0.131	0.099	0.0
10330	110030	0.118	0.25	0.381	0.368
10330	110030	0.092	0.093	0.211	0.185
10330	110030	0.057	0.096	0.188	0.153
10330	110030	0.058	0.109	0.166	0.167
10330	110030	0.07	0.078	0.136	0.148
10330	110030	0.092	0.107	0.177	0.199
10330	110030	0.134	0.047	0.139	0.181
10330	110030	0.04	0.033	0.167	0.073
10330	110030	0.103	0.109	0.149	0.212
10330	110030	0.138	0.093	0.196	0.231
10330	110030	0.071	0.0	0.138	0.071
10330	110030	0.118	0.047	0.118	0.165
10330	110030	0.053	0.0	0.118	0.053
10330	110030	0.074	0.125	0.178	0.199
10330	110030	0.151	0.0	0.074	0.151
10330	110030	0.114	0.052	0.099	0.062
10330	110030	0.094	0.125	0.239	0.219
10330	110030	0.084	0.049	0.143	0.133
10330	110030	0.064	0.125	0.209	0.189
10330	110030	0.065	0.031	0.095	0.096
10330	110030	0.086	0.313	0.378	0.399
10330	110030	0.094	0.39	0.476	0.484
10330	110030	0.062	0.049	0.143	0.111
10330	110030	0.097	0.04	0.102	0.137
10330	110030	0.087	0.031	0.128	0.118
10330	110030	0.131	0.0	0.087	0.131
10330	110030	0.065	0.472	0.603	0.537
10330	110030	0.104	0.015	0.08	0.119
10330	110030	0.145	0.051	0.053	0.094
10330	110030	0.086	0.0	0.145	0.086
10330	110030	0.049	0.156	0.242	0.205
10330	110030	0.0	0.0	0.0	0.0
10330	110030	0.0	0.0	0.0	0.0
10330	110030	0.0	0.0	0.0	0.0
10330	110030	0.0	0.0	0.0	0.0
10330	110030	0.0	0.0	0.0	0.0
10330	110030	0.0	0.0	0.0	0.0
10330	110030	0.0	0.0	0.0	0.0
10330	110030	0.0	0.0	0.0	0.0
10330	110030	0.0	0.0	0.0	0.0
10330	110030	0.0	0.0	0.0	0.0
10330	110030	0.0	0.0	0.0	0.0
10330	110030	0.0	0.0	0.0	0.0
10330	110084	0.817	0.0	0.0	0.0
10330	110084	0.102	0.051	0.766	0.051
10330	110084	0.066	0.035	0.067	0.031
10330	110084	0.065	0.187	0.253	0.252
10330	110084	0.117	0.078	0.143	0.195
10330	110084	0.118	0.249	0.366	0.367
10330	110084	0.071	0.033	0.151	0.104
10330	110084	0.127	0.0	0.071	0.127
10330	110084	0.08	0.125	0.252	0.205
10330	110084	0.102	0.016	0.064	0.086
10330	110084	0.116	0.036	0.066	0.08
10330	110084	0.197	0.016	0.1	0.181
10330	110084	0.075	0.037	0.16	0.038
10330	110084	0.132	0.038	0.037	0.094
10330	110084	0.197	0.172	0.304	0.369
10330	110084	0.096	0.096	0.101	0.0
10330	110084	0.12	0.0	0.096	0.12
10330	110084	0.144	0.066	0.054	0.078
10330	110084	0.113	0.156	0.3	0.269
10330	110084	0.084	0.0	0.113	0.084
10330	110084	0.117	0.047	0.131	0.164
10330	110084	0.069	0.268	0.385	0.337
10330	110084	0.06	0.125	0.194	0.185
10330	110084	0.097	0.0	0.06	0.097
10330	110084	0.056	0.047	0.144	0.103
10330	110084	0.057	0.093	0.149	0.15
10330	110084	0.054	0.096	0.153	0.15
10330	110084	0.088	0.093	0.147	0.181
10330	110084	0.125	0.031	0.119	0.156
10330	110084	0.064	0.032	0.157	0.096
10330	110084	0.097	0.25	0.314	0.347
10330	110084	0.119	0.08	0.177	0.199
10330	110084	0.0	0.0	0.0	0.0
10330	110084	0.0	0.0	0.0	0.0
10330	110084	0.0	0.0	0.0	0.0
10330	110084	0.0	0.0	0.0	0.0
10330	110084	0.0	0.0	0.0	0.0
10330	110084	0.0	0.0	0.0	0.0
10330	110084	0.0	0.0	0.0	0.0
10330	110084	0.0	0.0	0.0	0.0
10330	110084	0.0	0.0	0.0	0.0
10330	110084	0.0	0.0	0.0	0.0
10330	110084	0.0	0.0	0.0	0.0
10330	110084	0.0	0.0	0.0	0.0
10330	110084	0.0	0.0	0.0	0.0
10330	110084	0.0	0.0	0.0	0.0
10330	110084	0.0	0.0	0.0	0.0
10330	110084	0.0	0.0	0.0	0.0
10330	110084	0.0	0.0	0.0	0.0
10330	110084	0.0	0.0	0.0	0.0
10330	110084	0.0	0.0	0.0	0.0
10330	110084	0.0	0.0	0.0	0.0
10330	110084	0.0	0.0	0.0	0.0
10330	110084	0.0	0.0	0.0	0.0
10330	110084	0.0	0.0	0.0	0.0
10330	110084	0.0	0.0	0.0	0.0
10330	110084	0.0	0.0	0.0	0.0
10330	110084	0.0	0.0	0.0	0.0
10330	110084	0.0	0.0	0.0	0.0
10330	110084	0.0	0.0	0.0	0.0
10330	110084	0.0	0.0	0.0	0.0
10330	110084	0.0	0.0	0.0	0.0
10330	110084	0.0	0.0	0.0	0.0
10330	110084	0.0	0.0	0.0	0.0
10330	110084	0.0	0.0	0.0	0.0
10330	110084	0.0	0.0	0.0	0.0
10330	110084	0.0	0.0	0.0	0.0
10330	110084	0.0	0.0	0.0	0.0
10330	110084	0.0	0.0	0.0	0.0
10330	110084	0.0	0.0	0.0	0.0
10330	110106	0.227	0.0	0.0	0.0
10330	110106	0.071	0.071	0.156	0.0
10330	110106	0.13	0.015	0.086	0.145
10330	110106	0.102	0.0	0.13	0.102
10330	110106	0.091	0.078	0.18	0.169
10330	110106	0.173	0.058	0.033	0.115
10330	110106	0.146	0.099	0.074	0.047
10330	110106	0.078	0.093	0.239	0.171
10330	110106	0.092	0.093	0.171	0.185
10330	110106	0.145	0.066	0.158	0.211
10330	110106	0.071	0.0	0.145	0.071
10330	110106	0.067	0.016	0.087	0.083
10330	110106	0.057	0.078	0.145	0.135
10330	110106	0.057	0.109	0.166	0.166
10330	110106	0.132	0.0	0.057	0.132
10330	110106	0.128	0.218	0.35	0.346
10330	110106	0.056	0.0	0.128	0.056
10330	110106	0.073	0.109	0.165	0.182
10330	110106	0.051	0.156	0.229	0.207
10330	110106	0.127	0.062	0.113	0.189
10330	110106	0.165	0.0	0.127	0.165
10330	110106	0.072	0.0	0.165	0.072
10330	110106	0.104	0.078	0.15	0.182
10330	110106	0.099	0.234	0.338	0.333
10330	110106	0.056	0.047	0.146	0.103
10330	110106	0.111	0.172	0.228	0.283
10330	110106	0.066	0.0	0.111	0.066
10330	110106	0.113	0.0	0.066	0.113
10330	110106	0.067	0.172	0.285	0.239
10330	110106	0.072	0.093	0.16	0.165
10330	110106	0.064	0.109	0.181	0.173
10330	110106	0.096	0.048	0.112	0.144
10330	110106	0.178	0.031	0.127	0.209
10330	110106	0.09	0.047	0.131	0.043
10330	110106	0.165	0.033	0.057	0.132
10330	110106	0.134	0.085	0.08	0.049
10330	110106	0.047	0.094	0.228	0.141
10330	110106	0.187	0.047	0.094	0.234
10330	110106	0.115	0.077	0.11	0.038
10330	110106	0.088	0.265	0.38	0.353
10330	110106	0.059	0.093	0.181	0.152
10330	110106	0.057	0.094	0.153	0.151
10330	110106	0.054	0.078	0.135	0.132
10330	110106	0.041	0.094	0.148	0.135
10330	110106	0.041	0.109	0.15	0.15
10330	110106	0.041	0.109	0.15	0.15
10330	110106	0.064	0.094	0.135	0.158
10330	110106	0.036	0.14	0.204	0.176
10330	110106	0.044	0.706	0.742	0.75
10330	110106	0.061	0.171	0.215	0.232
10330	110106	0.098	0.031	0.092	0.129
10330	110106	0.203	0.0	0.098	0.203
10330	110106	0.069	0.069	0.134	0.0
10330	110106	0.134	0.0	0.069	0.134
10330	110106	0.159	0.081	0.053	0.078
10330	110106	0.049	0.046	0.205	0.095
10330	110106	0.145	0.063	0.112	0.208
10330	110106	0.129	0.081	0.064	0.048
10330	110106	0.033	0.08	0.209	0.113
10330	110106	0.159	0.057	0.09	0.216
10330	110106	0.135	0.061	0.098	0.074
10330	110106	0.09	0.094	0.229	0.184
10330	110106	0.083	0.0	0.09	0.083
10330	110106	0.075	0.109	0.192	0.184
10330	110106	0.049	0.187	0.262	0.236
10330	110106	0.087	0.109	0.158	0.196
10330	110106	0.057	0.079	0.166	0.136
10330	110106	0.067	0.031	0.088	0.098
10330	110106	0.128	1.835	1.902	1.963
10330	110106	0.157	0.109	0.237	0.266
10330	110149	0.242	0.0	0.0	0.0
10330	110149	0.068	0.068	0.174	0.0
10330	110149	0.056	0.093	0.161	0.149
10330	110149	0.184	0.047	0.103	0.231
10330	110149	0.129	0.098	0.086	0.031
10330	110149	0.065	0.391	0.52	0.456
10330	110149	0.086	0.094	0.159	0.18
10330	110149	0.072	0.063	0.149	0.135
10330	110149	0.125	0.406	0.478	0.531
10330	110149	0.08	0.125	0.25	0.205
10330	110149	0.112	0.0	0.08	0.112
10330	110149	0.07	0.016	0.128	0.086
10330	110149	0.144	0.189	0.259	0.333
10330	110149	0.095	0.048	0.096	0.047
10330	110149	0.095	0.094	0.189	0.189
10330	110149	0.098	0.05	0.045	0.048
10330	110149	0.043	0.109	0.207	0.152
10330	110149	0.119	0.047	0.09	0.166
10330	110149	0.162	0.052	0.067	0.11
10330	110149	0.133	0.0	0.162	0.133
10330	110149	0.103	0.0	0.133	0.103
10330	110149	0.127	0.141	0.244	0.268
10330	110149	0.061	0.642	0.769	0.703
10330	110149	0.06	0.156	0.217	0.216
10330	110149	0.116	0.063	0.123	0.179
10330	110149	0.086	0.0	0.116	0.086
10330	110149	0.064	0.204	0.29	0.268
10330	110149	0.072	0.078	0.142	0.15
10330	110149	0.072	0.078	0.15	0.15
10330	110149	0.061	0.39	0.462	0.451
10330	110149	0.133	0.078	0.139	0.211
10330	110149	0.046	0.093	0.226	0.139
10330	110149	0.071	0.094	0.14	0.165
10330	110149	0.065	0.203	0.274	0.268
10330	110149	0.118	0.062	0.127	0.18
10330	110149	0.079	0.407	0.525	0.486
10330	110149	0.116	0.033	0.112	0.149
10330	110149	0.111	0.064	0.052	0.047
10330	110149	0.143	0.172	0.283	0.315
10330	110149	0.104	0.0	0.143	0.104
10330	110149	0.071	0.597	0.701	0.668
10330	110149	0.1	0.032	0.103	0.132
10330	110149	0.049	0.093	0.193	0.142
10330	110149	0.113	0.094	0.143	0.207
10330	110149	0.072	0.031	0.144	0.103
10330	110149	0.115	0.031	0.103	0.146
10330	110149	0.149	0.049	0.164	0.198
10330	110149	0.057	0.0	0.149	0.057
10330	110149	0.114	0.032	0.089	0.146
10330	110149	0.07	0.0	0.114	0.07
10330	110149	0.103	0.078	0.148	0.181
10330	110149	0.065	0.171	0.274	0.236
10330	110149	0.0	0.0	0.0	0.0
10330	110149	0.0	0.0	0.0	0.0
10330	110149	0.0	0.0	0.0	0.0
10330	110149	0.0	0.0	0.0	0.0
10330	110149	0.0	0.0	0.0	0.0
10330	110149	0.0	0.0	0.0	0.0
10330	110149	0.0	0.0	0.0	0.0
10330	110149	0.0	0.0	0.0	0.0
10330	110149	0.0	0.0	0.0	0.0
10330	110149	0.0	0.0	0.0	0.0
10330	110149	0.0	0.0	0.0	0.0
10330	110149	0.0	0.0	0.0	0.0
10330	110149	0.0	0.0	0.0	0.0
10330	110149	0.0	0.0	0.0	0.0
10330	110149	0.0	0.0	0.0	0.0
10330	110149	0.0	0.0	0.0	0.0
10330	110149	0.0	0.0	0.0	0.0
10330	110149	0.0	0.0	0.0	0.0
10330	110175	0.772	0.0	0.0	0.0
10330	110175	0.114	0.052	0.72	0.062
10330	110175	0.157	0.047	0.161	0.204
10330	110175	0.117	0.07	0.087	0.047
10330	110175	0.16	0.016	0.101	0.144
10330	110175	0.115	0.046	0.114	0.069
10330	110175	0.177	0.062	0.177	0.239
10330	110175	0.116	0.054	0.123	0.062
10330	110175	0.074	0.047	0.163	0.121
10330	110175	0.096	0.202	0.276	0.298
10330	110175	0.08	0.643	0.739	0.723
10330	110175	0.06	0.187	0.267	0.247
10330	110175	0.113	0.0	0.06	0.113
10330	110175	0.116	0.0	0.113	0.116
10330	110175	0.055	0.0	0.116	0.055
10330	110175	0.169	0.062	0.117	0.231
10330	110175	0.117	0.068	0.101	0.049
10330	110175	0.079	0.406	0.523	0.485
10330	110175	0.116	0.031	0.11	0.147
10330	110175	0.069	0.0	0.116	0.069
10330	110175	0.069	0.25	0.319	0.319
10330	110175	0.111	0.25	0.319	0.361
10330	110175	0.057	0.064	0.175	0.121
10330	110175	0.117	0.096	0.153	0.213
10330	110175	0.116	0.0	0.117	0.116
10330	110175	0.095	0.032	0.148	0.127
10330	110175	0.144	0.0	0.095	0.144
10330	110175	0.1	0.067	0.077	0.033
10330	110175	0.095	0.188	0.288	0.283
10330	110175	0.042	0.093	0.188	0.135
10330	110175	0.054	0.096	0.138	0.15
10330	110175	0.044	0.14	0.194	0.184
10330	110175	0.059	0.141	0.185	0.2
10330	110175	0.07	0.078	0.137	0.148
10330	110175	0.056	0.062	0.132	0.118
10330	110175	0.086	0.063	0.119	0.149
10330	110175	0.096	0.202	0.288	0.298
10330	110175	0.084	0.0	0.096	0.084
10330	110175	0.045	0.188	0.272	0.233
10330	110175	0.08	0.253	0.298	0.333
10330	110175	0.085	0.282	0.362	0.367
10330	110175	0.048	0.141	0.226	0.189
10330	110175	0.053	0.094	0.142	0.147
10330	110175	0.064	0.111	0.164	0.175
10330	110175	0.107	0.0	0.064	0.107
10330	110175	0.126	0.064	0.043	0.062
10330	110175	0.134	0.0	0.126	0.134
10330	110175	0.15	0.0	0.134	0.15
10330	110175	0.085	0.252	0.402	0.337
10330	110175	0.07	0.298	0.383	0.368
10330	110175	0.092	0.14	0.21	0.232
10330	110175	0.055	0.032	0.124	0.087
10330	110175	0.098	0.047	0.102	0.145
10330	110175	0.053	0.0	0.098	0.053
10330	110175	0.04	0.111	0.164	0.151
10330	110175	0.063	0.39	0.43	0.453
10330	110175	0.069	0.094	0.157	0.163
10330	110175	0.071	0.078	0.147	0.149
10330	110175	0.057	0.094	0.165	0.151
10330	110175	0.048	0.453	0.51	0.501
10330	110175	0.058	0.125	0.173	0.183
10330	110175	0.08	0.171	0.229	0.251
10330	110175	0.056	0.109	0.189	0.165
10330	110175	0.0	0.0	0.0	0.0
10330	110175	0.0	0.0	0.0	0.0
10330	110175	0.0	0.0	0.0	0.0
10330	110175	0.0	0.0	0.0	0.0
10330	110175	0.0	0.0	0.0	0.0
10330	110175	0.0	0.0	0.0	0.0
10330	110175	0.0	0.0	0.0	0.0
10330	110200	0.246	0.0	0.0	0.0
10330	110200	0.119	0.119	0.127	0.0
10330	110200	0.09	0.063	0.182	0.153
10330	110200	0.058	0.093	0.183	0.151
10330	110200	0.073	0.343	0.401	0.416
10330	110200	0.117	0.0	0.073	0.117
10330	110200	0.105	0.074	0.043	0.031
10330	110200	0.064	0.142	0.247	0.206
10330	110200	0.071	0.109	0.173	0.18
10330	110200	0.158	0.059	0.13	0.217
10330	110200	0.116	0.1	0.058	0.016
10330	110200	0.065	0.081	0.035	0.016
10330	110200	0.139	0.111	0.176	0.25
10330	110200	0.083	0.083	0.056	0.0
10330	110200	0.077	0.109	0.192	0.186
10330	110200	0.093	0.04	0.037	0.053
10330	110200	0.22	0.031	0.124	0.251
10330	110200	0.064	0.095	0.315	0.159
10330	110200	0.057	0.111	0.175	0.168
10330	110200	0.071	0.078	0.135	0.149
10330	110200	0.07	0.063	0.134	0.133
10330	110200	0.073	0.094	0.164	0.167
10330	110200	0.073	0.078	0.151	0.151
10330	110200	0.058	0.109	0.182	0.167
10330	110200	0.065	0.485	0.543	0.55
10330	110200	0.13	0.031	0.096	0.161
10330	110200	0.071	0.0	0.13	0.071
10330	110200	0.171	0.078	0.149	0.249
10330	110200	0.065	0.13	0.041	0.065
10330	110200	0.168	0.081	0.146	0.249
10330	110200	0.131	0.068	0.1	0.063
10330	110200	0.173	0.031	0.162	0.204
10330	110200	0.069	0.068	0.105	0.001
10330	110200	0.055	0.095	0.164	0.15
10330	110200	0.149	0.033	0.088	0.182
10330	110200	0.129	0.082	0.067	0.047
10330	110200	0.127	0.14	0.269	0.267
10330	110200	0.071	0.0	0.127	0.071
10330	110200	0.091	0.124	0.195	0.215
10330	110200	0.083	0.034	0.125	0.117
10330	110200	0.056	0.296	0.379	0.352
10330	110200	0.07	0.297	0.353	0.367
10330	110200	0.074	0.125	0.195	0.199
10330	110200	0.072	0.078	0.152	0.15
10330	110200	0.1	0.031	0.103	0.131
10330	110200	0.054	0.033	0.133	0.087
10330	110200	0.146	0.047	0.101	0.193
10330	110200	0.119	0.0	0.146	0.119
10330	110200	0.044	0.094	0.213	0.138
10330	110200	0.129	0.0	0.044	0.129
10330	110200	0.08	0.08	0.209	0.16
10330	110200	0.097	0.093	0.173	0.19
10330	110200	0.187	0.016	0.113	0.203
10330	110200	0.0	0.0	0.0	0.0
10330	110200	0.0	0.0	0.0	0.0
10330	110200	0.0	0.0	0.0	0.0
10330	110200	0.0	0.0	0.0	0.0
10330	110200	0.0	0.0	0.0	0.0
10330	110200	0.0	0.0	0.0	0.0
10330	110200	0.0	0.0	0.0	0.0
10330	110200	0.0	0.0	0.0	0.0
10330	110200	0.0	0.0	0.0	0.0
10330	110200	0.0	0.0	0.0	0.0
10330	110200	0.0	0.0	0.0	0.0
10330	110200	0.0	0.0	0.0	0.0
10330	110200	0.0	0.0	0.0	0.0
10330	110200	0.0	0.0	0.0	0.0
10330	110200	0.0	0.0	0.0	0.0
10330	110200	0.0	0.0	0.0	0.0
10330	110200	0.0	0.0	0.0	0.0
10330	110213	16.201	0.0	0.0	0.0
10330	110213	0.281	11.055	5.146	10.774
10330	110213	0.155	0.14	0.141	0.015
10330	110213	0.037	0.203	0.358	0.24
10330	110213	0.042	0.109	0.146	0.151
10330	110213	0.128	0.0	0.042	0.128
10330	110213	0.046	0.093	0.221	0.139
10330	110213	0.139	0.188	0.234	0.327
10330	110213	0.088	0.031	0.17	0.119
10330	110213	0.131	0.249	0.337	0.38
10330	110213	0.105	0.297	0.428	0.402
10330	110213	0.104	0.047	0.152	0.151
10330	110213	0.071	0.048	0.152	0.119
10330	110213	0.102	0.062	0.133	0.164
10330	110213	1.077	0.36	0.462	1.437
10330	110213	0.047	0.763	0.314	0.716
10330	110213	0.095	0.218	0.265	0.313
10330	110213	0.103	0.047	0.142	0.15
10330	110213	0.073	0.062	0.165	0.135
10330	110213	0.085	0.064	0.137	0.149
10330	110213	0.078	0.156	0.241	0.234
10330	110213	0.152	0.0	0.078	0.152
10330	110213	0.131	0.053	0.099	0.078
10330	110213	0.08	0.157	0.288	0.237
10330	110213	0.116	0.064	0.144	0.18
10330	110213	0.073	0.031	0.147	0.104
10330	110213	0.075	0.125	0.198	0.2
10330	110213	0.1	0.0	0.075	0.1
10330	110213	0.112	0.065	0.035	0.047
10330	110213	0.119	0.047	0.159	0.166
10330	110213	0.085	0.0	0.119	0.085
10330	110213	0.174	0.047	0.132	0.221
10330	110213	0.095	0.048	0.126	0.047
10330	110213	0.075	0.125	0.22	0.2
10330	110213	0.085	0.033	0.108	0.118
10330	110213	0.117	0.281	0.366	0.398
10330	110213	0.072	0.563	0.68	0.635
10330	110213	0.088	0.062	0.134	0.15
10330	110213	0.171	0.156	0.244	0.327
10330	110213	0.105	0.265	0.436	0.37
10330	110213	0.07	0.266	0.371	0.336
10330	110213	0.064	0.187	0.257	0.251
10330	110213	0.06	0.14	0.204	0.2
10330	110213	0.098	0.032	0.092	0.13
10330	110213	0.09	0.078	0.176	0.168
10330	110213	0.12	0.078	0.168	0.198
10330	110213	0.184	0.079	0.199	0.263
10330	110213	0.131	0.0	0.184	0.131
10330	110213	0.074	0.202	0.333	0.276
10330	110213	0.082	0.0	0.074	0.082
10330	110213	0.073	0.062	0.144	0.135
10330	110213	0.12	0.093	0.166	0.213
10330	110213	0.085	0.0	0.12	0.085
10330	110213	0.089	0.095	0.18	0.184
10330	110213	0.099	0.016	0.105	0.115
10330	110213	0.046	0.109	0.208	0.155
10330	110213	0.073	0.392	0.438	0.465
10330	110213	0.054	0.096	0.169	0.15
10330	110213	0.041	0.219	0.273	0.26
10330	110213	0.0	0.0	0.0	0.0
10330	110213	0.0	0.0	0.0	0.0
10330	110213	0.0	0.0	0.0	0.0
10330	110213	0.0	0.0	0.0	0.0
10330	110213	0.0	0.0	0.0	0.0
10330	110213	0.0	0.0	0.0	0.0
10330	110213	0.0	0.0	0.0	0.0
10330	110213	0.0	0.0	0.0	0.0
10330	110213	0.0	0.0	0.0	0.0
10330	110213	0.0	0.0	0.0	0.0
10330	110213	0.0	0.0	0.0	0.0
