PARTICIPANT_ID	TEST_SECTION_ID	HOLD_LATENCY	INTERKEY_LATENCY	PRESS_LATENCY	RELEASE_LATENCY
10527	111706	0.87	0.0	0.0	0.0
10527	111706	0.113	0.141	0.729	0.028
10527	111706	0.104	0.159	0.272	0.263
10527	111706	0.093	0.167	0.271	0.26
10527	111706	0.082	0.021	0.072	0.061
10527	111706	0.103	0.128	0.21	0.231
10527	111706	0.209	0.018	0.121	0.227
10527	111706	0.014	0.009	0.2	0.005
10527	111706	0.101	0.102	0.116	0.203
10527	111706	0.05	0.167	0.268	0.217
10527	111706	0.189	0.112	0.162	0.301
10527	111706	0.093	0.051	0.138	0.042
10527	111706	0.1	0.146	0.239	0.246
10527	111706	0.147	0.063	0.163	0.21
10527	111706	0.155	0.05	0.097	0.105
10527	111706	0.115	0.032	0.187	0.147
10527	111706	0.128	0.02	0.135	0.148
10527	111706	0.11	0.05	0.078	0.06
10527	111706	0.046	0.18	0.29	0.226
10527	111706	0.0	0.0	0.0	0.0
10527	111706	0.0	0.0	0.0	0.0
10527	111706	0.0	0.0	0.0	0.0
10527	111706	0.0	0.0	0.0	0.0
10527	111706	0.0	0.0	0.0	0.0
10527	111706	0.0	0.0	0.0	0.0
10527	111706	0.0	0.0	0.0	0.0
10527	111706	0.0	0.0	0.0	0.0
10527	111706	0.0	0.0	0.0	0.0
10527	111706	0.0	0.0	0.0	0.0
10527	111706	0.0	0.0	0.0	0.0
10527	111706	0.0	0.0	0.0	0.0
10527	111706	0.0	0.0	0.0	0.0
10527	111706	0.0	0.0	0.0	0.0
10527	111706	0.0	0.0	0.0	0.0
10527	111706	0.0	0.0	0.0	0.0
10527	111706	0.0	0.0	0.0	0.0
10527	111706	0.0	0.0	0.0	0.0
10527	111706	0.0	0.0	0.0	0.0
10527	111706	0.0	0.0	0.0	0.0
10527	111706	0.0	0.0	0.0	0.0
10527	111706	0.0	0.0	0.0	0.0
10527	111706	0.0	0.0	0.0	0.0
10527	111706	0.0	0.0	0.0	0.0
10527	111706	0.0	0.0	0.0	0.0
10527	111706	0.0	0.0	0.0	0.0
10527	111706	0.0	0.0	0.0	0.0
10527	111706	0.0	0.0	0.0	0.0
10527	111706	0.0	0.0	0.0	0.0
10527	111706	0.0	0.0	0.0	0.0
10527	111706	0.0	0.0	0.0	0.0
10527	111706	0.0	0.0	0.0	0.0
10527	111706	0.0	0.0	0.0	0.0
10527	111706	0.0	0.0	0.0	0.0
10527	111706	0.0	0.0	0.0	0.0
10527	111706	0.0	0.0	0.0	0.0
10527	111706	0.0	0.0	0.0	0.0
10527	111706	0.0	0.0	0.0	0.0
10527	111706	0.0	0.0	0.0	0.0
10527	111706	0.0	0.0	0.0	0.0
10527	111706	0.0	0.0	0.0	0.0
10527	111706	0.0	0.0	0.0	0.0
10527	111706	0.0	0.0	0.0	0.0
10527	111706	0.0	0.0	0.0	0.0
10527	111706	0.0	0.0	0.0	0.0
10527	111706	0.0	0.0	0.0	0.0
10527	111706	0.0	0.0	0.0	0.0
10527	111706	0.0	0.0	0.0	0.0
10527	111706	0.0	0.0	0.0	0.0
10527	111706	0.0	0.0	0.0	0.0
10527	111706	0.0	0.0	0.0	0.0
10527	111714	0.385	0.0	0.0	0.0
10527	111714	0.076	0.148	0.237	0.072
10527	111714	0.084	0.832	0.908	0.916
10527	111714	0.085	0.094	0.178	0.179
10527	111714	0.083	0.058	0.143	0.141
10527	111714	0.099	0.203	0.286	0.302
10527	111714	0.133	0.044	0.143	0.177
10527	111714	0.131	0.043	0.09	0.088
10527	111714	0.1	0.038	0.169	0.138
10527	111714	0.163	0.0	0.1	0.163
10527	111714	0.022	0.115	0.278	0.137
10527	111714	0.116	0.116	0.138	0.232
10527	111714	0.173	0.015	0.131	0.188
10527	111714	0.022	0.062	0.235	0.084
10527	111714	0.008	0.032	0.054	0.04
10527	111714	0.116	0.012	0.02	0.128
10527	111714	0.116	0.02	0.096	0.096
10527	111714	0.067	0.053	0.169	0.12
10527	111714	0.097	0.126	0.193	0.223
10527	111714	0.211	0.059	0.156	0.27
10527	111714	0.046	0.013	0.224	0.059
10527	111714	0.082	0.349	0.395	0.431
10527	111714	0.172	0.029	0.111	0.201
10527	111714	0.115	0.05	0.122	0.065
10527	111714	0.131	0.211	0.326	0.342
10527	111714	0.057	0.151	0.282	0.208
10527	111714	0.1	0.061	0.118	0.161
10527	111714	0.043	0.247	0.347	0.29
10527	111714	0.258	0.159	0.202	0.417
10527	111714	0.151	0.018	0.24	0.133
10527	111714	0.065	0.164	0.315	0.229
10527	111714	0.173	0.315	0.38	0.488
10527	111714	0.099	0.041	0.132	0.058
10527	111714	0.144	0.047	0.146	0.191
10527	111714	0.065	0.054	0.09	0.011
10527	111714	0.105	0.131	0.196	0.236
10527	111714	0.088	0.162	0.267	0.25
10527	111714	0.123	0.112	0.2	0.235
10527	111714	0.051	0.02	0.103	0.031
10527	111714	0.039	0.225	0.276	0.264
10527	111714	0.208	0.116	0.155	0.324
10527	111714	0.154	0.024	0.184	0.13
10527	111714	0.11	0.051	0.103	0.059
10527	111714	0.065	0.091	0.201	0.156
10527	111714	0.007	0.136	0.201	0.143
10527	111714	0.129	0.093	0.1	0.222
10527	111714	0.127	0.0	0.129	0.127
10527	111714	0.091	0.015	0.142	0.106
10527	111714	0.199	0.039	0.13	0.238
10527	111714	0.14	0.083	0.116	0.057
10527	111714	0.053	0.254	0.394	0.307
10527	111714	0.0	0.0	0.0	0.0
10527	111714	0.0	0.0	0.0	0.0
10527	111714	0.0	0.0	0.0	0.0
10527	111714	0.0	0.0	0.0	0.0
10527	111714	0.0	0.0	0.0	0.0
10527	111714	0.0	0.0	0.0	0.0
10527	111714	0.0	0.0	0.0	0.0
10527	111714	0.0	0.0	0.0	0.0
10527	111714	0.0	0.0	0.0	0.0
10527	111714	0.0	0.0	0.0	0.0
10527	111714	0.0	0.0	0.0	0.0
10527	111714	0.0	0.0	0.0	0.0
10527	111714	0.0	0.0	0.0	0.0
10527	111714	0.0	0.0	0.0	0.0
10527	111714	0.0	0.0	0.0	0.0
10527	111714	0.0	0.0	0.0	0.0
10527	111714	0.0	0.0	0.0	0.0
10527	111714	0.0	0.0	0.0	0.0
10527	111714	0.0	0.0	0.0	0.0
10527	111740	0.253	0.0	0.0	0.0
10527	111740	0.046	0.092	0.161	0.046
10527	111740	0.079	0.193	0.239	0.272
10527	111740	0.068	0.077	0.156	0.145
10527	111740	0.124	0.2	0.268	0.324
10527	111740	0.114	0.044	0.168	0.158
10527	111740	0.105	0.051	0.165	0.156
10527	111740	0.129	0.015	0.12	0.144
10527	111740	0.052	0.02	0.149	0.072
10527	111740	0.023	0.248	0.3	0.271
10527	111740	0.112	0.127	0.15	0.239
10527	111740	0.122	0.031	0.143	0.153
10527	111740	0.098	0.098	0.22	0.196
10527	111740	0.14	0.036	0.134	0.176
10527	111740	0.044	0.128	0.268	0.172
10527	111740	0.089	0.319	0.363	0.408
10527	111740	0.149	0.163	0.252	0.312
10527	111740	0.013	0.016	0.165	0.029
10527	111740	0.1	0.04	0.053	0.14
10527	111740	0.15	0.116	0.216	0.266
10527	111740	0.1	0.034	0.116	0.066
10527	111740	0.088	0.1	0.2	0.188
10527	111740	0.116	0.066	0.154	0.182
10527	111740	0.063	0.084	0.2	0.147
10527	111740	0.103	0.114	0.177	0.217
10527	111740	0.164	0.071	0.174	0.235
10527	111740	0.126	0.018	0.146	0.108
10527	111740	0.147	0.0	0.126	0.147
10527	111740	0.096	0.069	0.216	0.165
10527	111740	0.216	0.06	0.156	0.276
10527	111740	0.173	0.038	0.178	0.135
10527	111740	0.058	0.016	0.189	0.074
10527	111740	0.116	0.142	0.2	0.258
10527	111740	0.063	0.1	0.216	0.163
10527	111740	0.068	0.37	0.433	0.438
10527	111740	0.116	0.072	0.14	0.188
10527	111740	0.116	0.053	0.169	0.169
10527	111740	0.169	0.062	0.178	0.231
10527	111740	0.013	0.67	0.839	0.683
10527	111740	0.0	0.0	0.0	0.0
10527	111740	0.0	0.0	0.0	0.0
10527	111740	0.0	0.0	0.0	0.0
10527	111740	0.0	0.0	0.0	0.0
10527	111740	0.0	0.0	0.0	0.0
10527	111740	0.0	0.0	0.0	0.0
10527	111740	0.0	0.0	0.0	0.0
10527	111740	0.0	0.0	0.0	0.0
10527	111740	0.0	0.0	0.0	0.0
10527	111740	0.0	0.0	0.0	0.0
10527	111740	0.0	0.0	0.0	0.0
10527	111740	0.0	0.0	0.0	0.0
10527	111740	0.0	0.0	0.0	0.0
10527	111740	0.0	0.0	0.0	0.0
10527	111740	0.0	0.0	0.0	0.0
10527	111740	0.0	0.0	0.0	0.0
10527	111740	0.0	0.0	0.0	0.0
10527	111740	0.0	0.0	0.0	0.0
10527	111740	0.0	0.0	0.0	0.0
10527	111740	0.0	0.0	0.0	0.0
10527	111740	0.0	0.0	0.0	0.0
10527	111740	0.0	0.0	0.0	0.0
10527	111740	0.0	0.0	0.0	0.0
10527	111740	0.0	0.0	0.0	0.0
10527	111740	0.0	0.0	0.0	0.0
10527	111740	0.0	0.0	0.0	0.0
10527	111740	0.0	0.0	0.0	0.0
10527	111740	0.0	0.0	0.0	0.0
10527	111740	0.0	0.0	0.0	0.0
10527	111740	0.0	0.0	0.0	0.0
10527	111740	0.0	0.0	0.0	0.0
10527	111762	0.297	0.0	0.0	0.0
10527	111762	0.192	0.172	0.125	0.02
10527	111762	0.117	0.04	0.152	0.077
10527	111762	0.169	0.0	0.117	0.169
10527	111762	0.307	0.071	0.24	0.378
10527	111762	0.353	0.197	0.11	0.156
10527	111762	0.167	0.135	0.218	0.032
10527	111762	0.088	0.381	0.548	0.469
10527	111762	0.061	0.087	0.175	0.148
10527	111762	0.022	0.154	0.215	0.176
10527	111762	0.069	0.078	0.1	0.147
10527	111762	0.05	0.163	0.232	0.213
10527	111762	0.153	0.366	0.416	0.519
10527	111762	0.136	0.031	0.122	0.105
10527	111762	0.246	0.039	0.097	0.207
10527	111762	0.201	0.112	0.134	0.089
10527	111762	0.184	0.116	0.085	0.068
10527	111762	0.042	0.131	0.315	0.173
10527	111762	0.257	0.168	0.21	0.425
10527	111762	0.221	0.12	0.137	0.101
10527	111762	0.021	0.017	0.238	0.038
10527	111762	0.16	0.04	0.061	0.2
10527	111762	0.051	0.021	0.139	0.03
10527	111762	0.105	0.096	0.147	0.201
10527	111762	0.139	0.027	0.078	0.112
10527	111762	0.1	0.022	0.161	0.122
10527	111762	0.152	0.0	0.1	0.152
10527	111762	0.068	0.02	0.132	0.048
10527	111762	0.175	0.125	0.193	0.3
10527	111762	0.039	0.032	0.207	0.071
10527	111762	0.112	0.208	0.247	0.32
10527	111762	0.201	0.109	0.221	0.31
10527	111762	0.125	0.109	0.092	0.016
10527	111762	0.084	0.1	0.225	0.184
10527	111762	0.202	0.1	0.184	0.302
10527	111762	0.027	0.015	0.217	0.042
10527	111762	0.049	0.02	0.047	0.069
10527	111762	0.123	0.098	0.147	0.221
10527	111762	0.03	0.16	0.283	0.19
10527	111762	0.165	0.044	0.074	0.209
10527	111762	0.111	0.08	0.085	0.031
10527	111762	0.184	0.069	0.18	0.253
10527	111762	0.004	0.008	0.192	0.012
10527	111762	0.097	0.088	0.092	0.185
10527	111762	0.193	0.112	0.209	0.305
10527	111762	0.216	0.046	0.147	0.17
10527	111762	0.014	0.06	0.276	0.074
10527	111762	0.027	0.232	0.246	0.259
10527	111762	0.082	0.729	0.756	0.811
10527	111762	0.0	0.0	0.0	0.0
10527	111762	0.0	0.0	0.0	0.0
10527	111762	0.0	0.0	0.0	0.0
10527	111762	0.0	0.0	0.0	0.0
10527	111762	0.0	0.0	0.0	0.0
10527	111762	0.0	0.0	0.0	0.0
10527	111762	0.0	0.0	0.0	0.0
10527	111762	0.0	0.0	0.0	0.0
10527	111762	0.0	0.0	0.0	0.0
10527	111762	0.0	0.0	0.0	0.0
10527	111762	0.0	0.0	0.0	0.0
10527	111762	0.0	0.0	0.0	0.0
10527	111762	0.0	0.0	0.0	0.0
10527	111762	0.0	0.0	0.0	0.0
10527	111762	0.0	0.0	0.0	0.0
10527	111762	0.0	0.0	0.0	0.0
10527	111762	0.0	0.0	0.0	0.0
10527	111762	0.0	0.0	0.0	0.0
10527	111762	0.0	0.0	0.0	0.0
10527	111762	0.0	0.0	0.0	0.0
10527	111762	0.0	0.0	0.0	0.0
10527	111786	0.263	0.0	0.0	0.0
10527	111786	0.131	0.151	0.112	0.02
10527	111786	0.083	0.099	0.23	0.182
10527	111786	0.155	0.015	0.098	0.17
10527	111786	0.146	0.03	0.125	0.116
10527	111786	0.078	0.046	0.1	0.032
10527	111786	0.154	0.087	0.165	0.241
10527	111786	0.04	0.02	0.134	0.02
10527	111786	0.052	0.099	0.139	0.151
10527	111786	0.12	0.008	0.06	0.128
10527	111786	0.112	0.085	0.205	0.197
10527	111786	0.124	0.037	0.075	0.087
10527	111786	0.245	0.132	0.256	0.377
10527	111786	0.061	0.039	0.206	0.022
10527	111786	0.131	0.144	0.205	0.275
10527	111786	0.139	0.068	0.199	0.207
10527	111786	0.1	0.031	0.17	0.131
10527	111786	0.122	0.062	0.162	0.184
10527	111786	0.126	0.011	0.133	0.137
10527	111786	0.079	0.021	0.105	0.058
10527	111786	0.12	0.178	0.257	0.298
10527	111786	0.26	0.01	0.13	0.27
10527	111786	0.169	0.073	0.187	0.096
10527	111786	0.12	0.0	0.169	0.12
10527	111786	0.072	0.28	0.4	0.352
10527	111786	0.122	0.078	0.15	0.2
10527	111786	0.082	0.062	0.184	0.144
10527	111786	0.085	0.072	0.154	0.157
10527	111786	0.085	0.542	0.627	0.627
10527	111786	0.246	0.046	0.039	0.2
10527	111786	0.138	0.062	0.184	0.076
10527	111786	0.096	0.062	0.2	0.158
10527	111786	0.172	0.034	0.062	0.138
10527	111786	0.131	0.136	0.308	0.267
10527	111786	0.107	0.077	0.208	0.184
10527	111786	0.076	0.017	0.124	0.093
10527	111786	0.1	0.076	0.152	0.176
10527	111786	0.139	0.047	0.147	0.186
10527	111786	0.132	0.05	0.189	0.182
10527	111786	0.167	0.099	0.231	0.266
10527	111786	0.084	0.053	0.22	0.137
10527	111786	0.201	0.017	0.101	0.218
10527	111786	0.312	0.054	0.147	0.258
10527	111786	0.02	0.016	0.296	0.004
10527	111786	0.076	0.345	0.365	0.421
10527	111786	0.101	1.11	1.186	1.211
10527	111786	0.047	0.123	0.224	0.17
10527	111786	0.9	0.088	0.135	0.988
10527	111786	0.087	0.341	1.241	0.428
10527	111786	0.146	0.07	0.157	0.216
10527	111786	0.101	0.145	0.291	0.246
10527	111786	0.0	0.0	0.0	0.0
10527	111786	0.0	0.0	0.0	0.0
10527	111786	0.0	0.0	0.0	0.0
10527	111786	0.0	0.0	0.0	0.0
10527	111786	0.0	0.0	0.0	0.0
10527	111786	0.0	0.0	0.0	0.0
10527	111786	0.0	0.0	0.0	0.0
10527	111786	0.0	0.0	0.0	0.0
10527	111786	0.0	0.0	0.0	0.0
10527	111786	0.0	0.0	0.0	0.0
10527	111786	0.0	0.0	0.0	0.0
10527	111786	0.0	0.0	0.0	0.0
10527	111786	0.0	0.0	0.0	0.0
10527	111786	0.0	0.0	0.0	0.0
10527	111786	0.0	0.0	0.0	0.0
10527	111786	0.0	0.0	0.0	0.0
10527	111786	0.0	0.0	0.0	0.0
10527	111786	0.0	0.0	0.0	0.0
10527	111786	0.0	0.0	0.0	0.0
10527	111810	0.369	0.0	0.0	0.0
10527	111810	0.234	0.209	0.16	0.025
10527	111810	0.033	0.025	0.209	0.008
10527	111810	0.101	0.156	0.189	0.257
10527	111810	0.101	0.021	0.08	0.08
10527	111810	0.184	0.077	0.178	0.261
10527	111810	0.101	0.053	0.131	0.048
10527	111810	0.113	0.015	0.116	0.128
10527	111810	0.043	0.157	0.27	0.2
10527	111810	0.101	0.411	0.454	0.512
10527	111810	0.099	0.144	0.245	0.243
10527	111810	0.093	0.065	0.164	0.158
10527	111810	0.119	0.84	0.933	0.959
10527	111810	0.04	0.065	0.184	0.105
10527	111810	0.068	0.132	0.172	0.2
10527	111810	0.116	0.132	0.2	0.248
10527	111810	0.202	0.051	0.167	0.253
10527	111810	0.148	0.132	0.07	0.016
10527	111810	0.193	0.015	0.163	0.208
10527	111810	0.15	0.012	0.205	0.162
10527	111810	0.223	0.054	0.096	0.169
10527	111810	0.149	0.042	0.181	0.107
10527	111810	0.12	0.054	0.203	0.174
10527	111810	0.064	0.1	0.22	0.164
10527	111810	0.157	0.051	0.115	0.208
10527	111810	0.126	0.015	0.172	0.141
10527	111810	0.255	0.041	0.085	0.214
10527	111810	0.124	0.108	0.147	0.016
10527	111810	0.197	0.015	0.139	0.212
10527	111810	0.052	0.021	0.218	0.073
10527	111810	0.118	0.147	0.199	0.265
10527	111810	0.159	0.047	0.165	0.206
10527	111810	0.141	0.038	0.121	0.103
10527	111810	0.177	0.018	0.123	0.159
10527	111810	0.112	0.0	0.177	0.112
10527	111810	0.131	0.057	0.169	0.188
10527	111810	0.1	0.069	0.2	0.169
10527	111810	0.113	0.162	0.262	0.275
10527	111810	0.125	0.0	0.113	0.125
10527	111810	0.113	0.052	0.073	0.061
10527	111810	0.119	0.095	0.208	0.214
10527	111810	0.116	0.119	0.238	0.235
10527	111810	0.154	0.147	0.263	0.301
10527	111810	0.092	0.047	0.201	0.139
10527	111810	0.118	0.092	0.184	0.21
10527	111810	0.1	0.158	0.276	0.258
10527	111810	0.164	0.099	0.199	0.263
10527	111810	0.108	0.032	0.132	0.076
10527	111810	0.136	0.368	0.476	0.504
10527	111810	0.1	0.133	0.269	0.233
10527	111810	0.609	0.008	0.108	0.617
10527	111810	0.264	0.381	0.99	0.645
10527	111810	0.103	0.054	0.21	0.049
10527	111810	0.153	0.406	0.509	0.559
10527	111810	0.1	0.031	0.122	0.069
10527	111810	0.083	0.016	0.116	0.099
10527	111810	0.085	0.133	0.216	0.218
10527	111810	0.143	0.041	0.126	0.184
10527	111810	0.432	0.198	0.341	0.63
10527	111810	0.131	0.229	0.203	0.098
10527	111810	0.048	0.069	0.2	0.117
10527	111810	0.09	0.152	0.2	0.242
10527	111810	0.092	0.075	0.165	0.167
10527	111810	0.092	0.107	0.199	0.199
10527	111810	0.0	0.0	0.0	0.0
10527	111810	0.0	0.0	0.0	0.0
10527	111810	0.0	0.0	0.0	0.0
10527	111810	0.0	0.0	0.0	0.0
10527	111810	0.0	0.0	0.0	0.0
10527	111810	0.0	0.0	0.0	0.0
10527	111835	0.998	0.0	0.0	0.0
10527	111835	0.133	0.162	0.836	0.029
10527	111835	0.085	0.145	0.278	0.23
10527	111835	0.044	0.178	0.263	0.222
10527	111835	0.183	0.077	0.121	0.26
10527	111835	0.19	0.02	0.163	0.17
10527	111835	0.146	0.037	0.153	0.109
10527	111835	0.103	0.062	0.084	0.041
10527	111835	0.231	0.131	0.234	0.362
10527	111835	0.017	0.053	0.284	0.07
10527	111835	0.122	0.061	0.078	0.183
10527	111835	0.055	0.047	0.169	0.102
10527	111835	0.146	0.101	0.156	0.247
10527	111835	0.219	0.0	0.146	0.219
10527	111835	0.15	0.05	0.169	0.1
10527	111835	0.1	0.05	0.1	0.05
10527	111835	0.222	0.047	0.147	0.269
10527	111835	0.2	0.1	0.122	0.1
10527	111835	0.066	0.086	0.114	0.02
10527	111835	0.111	0.126	0.192	0.237
10527	111835	0.0	0.0	0.0	0.0
10527	111835	0.0	0.0	0.0	0.0
10527	111835	0.0	0.0	0.0	0.0
10527	111835	0.0	0.0	0.0	0.0
10527	111835	0.0	0.0	0.0	0.0
10527	111835	0.0	0.0	0.0	0.0
10527	111835	0.0	0.0	0.0	0.0
10527	111835	0.0	0.0	0.0	0.0
10527	111835	0.0	0.0	0.0	0.0
10527	111835	0.0	0.0	0.0	0.0
10527	111835	0.0	0.0	0.0	0.0
10527	111835	0.0	0.0	0.0	0.0
10527	111835	0.0	0.0	0.0	0.0
10527	111835	0.0	0.0	0.0	0.0
10527	111835	0.0	0.0	0.0	0.0
10527	111835	0.0	0.0	0.0	0.0
10527	111835	0.0	0.0	0.0	0.0
10527	111835	0.0	0.0	0.0	0.0
10527	111835	0.0	0.0	0.0	0.0
10527	111835	0.0	0.0	0.0	0.0
10527	111835	0.0	0.0	0.0	0.0
10527	111835	0.0	0.0	0.0	0.0
10527	111835	0.0	0.0	0.0	0.0
10527	111835	0.0	0.0	0.0	0.0
10527	111835	0.0	0.0	0.0	0.0
10527	111835	0.0	0.0	0.0	0.0
10527	111835	0.0	0.0	0.0	0.0
10527	111835	0.0	0.0	0.0	0.0
10527	111835	0.0	0.0	0.0	0.0
10527	111835	0.0	0.0	0.0	0.0
10527	111835	0.0	0.0	0.0	0.0
10527	111835	0.0	0.0	0.0	0.0
10527	111835	0.0	0.0	0.0	0.0
10527	111835	0.0	0.0	0.0	0.0
10527	111835	0.0	0.0	0.0	0.0
10527	111835	0.0	0.0	0.0	0.0
10527	111835	0.0	0.0	0.0	0.0
10527	111835	0.0	0.0	0.0	0.0
10527	111835	0.0	0.0	0.0	0.0
10527	111835	0.0	0.0	0.0	0.0
10527	111835	0.0	0.0	0.0	0.0
10527	111835	0.0	0.0	0.0	0.0
10527	111835	0.0	0.0	0.0	0.0
10527	111835	0.0	0.0	0.0	0.0
10527	111835	0.0	0.0	0.0	0.0
10527	111835	0.0	0.0	0.0	0.0
10527	111835	0.0	0.0	0.0	0.0
10527	111835	0.0	0.0	0.0	0.0
10527	111835	0.0	0.0	0.0	0.0
10527	111835	0.0	0.0	0.0	0.0
10527	111847	0.341	0.0	0.0	0.0
10527	111847	0.062	0.153	0.188	0.091
10527	111847	0.046	0.102	0.164	0.148
10527	111847	0.038	0.044	0.09	0.082
10527	111847	0.233	0.102	0.14	0.335
10527	111847	0.2	0.075	0.158	0.125
10527	111847	0.013	0.065	0.265	0.078
10527	111847	0.109	0.129	0.142	0.238
10527	111847	0.049	0.178	0.287	0.227
10527	111847	0.099	0.032	0.081	0.131
10527	111847	0.119	0.027	0.072	0.092
10527	111847	0.105	0.1	0.219	0.205
10527	111847	0.132	0.048	0.153	0.18
10527	111847	0.19	0.047	0.179	0.237
10527	111847	0.107	0.022	0.168	0.085
10527	111847	0.069	0.032	0.139	0.101
10527	111847	0.089	0.146	0.215	0.235
10527	111847	0.159	0.144	0.233	0.303
10527	111847	0.12	0.057	0.216	0.177
10527	111847	0.116	0.049	0.169	0.165
10527	111847	0.173	0.042	0.074	0.131
10527	111847	0.111	0.095	0.078	0.016
10527	111847	0.125	0.12	0.231	0.245
10527	111847	0.142	0.364	0.489	0.506
10527	111847	0.056	0.015	0.157	0.071
10527	111847	0.106	0.091	0.147	0.197
10527	111847	0.091	0.132	0.238	0.223
10527	111847	0.131	0.041	0.05	0.09
10527	111847	0.04	0.119	0.25	0.159
10527	111847	0.12	0.06	0.1	0.18
10527	111847	0.248	0.067	0.053	0.181
10527	111847	0.131	0.053	0.195	0.078
10527	111847	0.092	0.022	0.153	0.114
10527	111847	0.151	0.009	0.101	0.16
10527	111847	0.015	0.131	0.282	0.146
10527	111847	0.101	0.109	0.124	0.21
10527	111847	0.141	0.081	0.182	0.222
10527	111847	0.028	0.035	0.176	0.063
10527	111847	0.1	0.14	0.168	0.24
10527	111847	0.173	0.073	0.027	0.1
10527	111847	0.084	0.047	0.22	0.131
10527	111847	0.084	0.101	0.185	0.185
10527	111847	0.107	0.015	0.099	0.122
10527	111847	0.055	0.231	0.338	0.286
10527	111847	0.198	0.07	0.125	0.268
10527	111847	0.11	0.098	0.1	0.012
10527	111847	0.098	0.089	0.199	0.187
10527	111847	0.098	0.201	0.299	0.299
10527	111847	0.232	0.004	0.102	0.236
10527	111847	0.015	0.032	0.264	0.047
10527	111847	0.146	0.671	0.686	0.817
10527	111847	0.03	0.043	0.103	0.013
10527	111847	0.088	0.17	0.2	0.258
10527	111847	0.16	0.542	0.63	0.702
10527	111847	0.094	0.069	0.229	0.163
10527	111847	0.069	0.545	0.639	0.614
10527	111847	0.201	0.115	0.184	0.316
10527	111847	0.232	0.116	0.085	0.116
10527	111847	0.046	0.032	0.2	0.014
10527	111847	0.207	0.047	0.093	0.254
10527	111847	0.124	0.1	0.107	0.024
10527	111847	0.084	0.092	0.216	0.176
10527	111847	0.155	0.016	0.1	0.171
10527	111847	0.116	0.036	0.119	0.08
10527	111847	0.064	0.115	0.231	0.179
10527	111847	0.093	0.454	0.518	0.547
10527	111847	0.0	0.0	0.0	0.0
10527	111847	0.0	0.0	0.0	0.0
10527	111847	0.0	0.0	0.0	0.0
10527	111847	0.0	0.0	0.0	0.0
10527	111863	0.295	0.0	0.0	0.0
10527	111863	0.122	0.094	0.201	0.028
10527	111863	0.083	0.022	0.1	0.061
10527	111863	0.156	0.065	0.148	0.221
10527	111863	0.098	0.083	0.073	0.015
10527	111863	0.128	0.136	0.234	0.264
10527	111863	0.166	0.119	0.247	0.285
10527	111863	0.2	0.032	0.134	0.168
10527	111863	0.024	0.0	0.2	0.024
10527	111863	0.143	0.025	0.049	0.168
10527	111863	0.084	0.0	0.143	0.084
10527	111863	0.148	0.05	0.134	0.198
10527	111863	0.148	0.018	0.166	0.166
10527	111863	0.085	0.037	0.185	0.122
10527	111863	0.253	0.163	0.248	0.416
10527	111863	0.012	0.032	0.285	0.044
10527	111863	0.069	0.156	0.168	0.225
10527	111863	0.017	0.664	0.733	0.681
10527	111863	0.077	0.107	0.124	0.184
10527	111863	0.062	0.208	0.285	0.27
10527	111863	0.152	0.143	0.205	0.295
10527	111863	0.073	0.036	0.116	0.037
10527	111863	0.167	0.081	0.154	0.248
10527	111863	0.06	0.02	0.147	0.04
10527	111863	0.079	0.148	0.208	0.227
10527	111863	0.062	0.189	0.268	0.251
10527	111863	0.132	0.231	0.293	0.363
10527	111863	0.151	0.115	0.247	0.266
10527	111863	0.07	0.035	0.186	0.105
10527	111863	0.153	0.127	0.197	0.28
10527	111863	0.154	0.022	0.131	0.132
10527	111863	0.138	0.08	0.074	0.058
10527	111863	0.1	0.057	0.195	0.157
10527	111863	0.125	0.163	0.263	0.288
10527	111863	0.1	0.102	0.227	0.202
10527	111863	0.081	0.364	0.464	0.445
10527	111863	0.114	0.047	0.128	0.161
10527	111863	0.139	0.08	0.034	0.059
10527	111863	0.117	0.092	0.231	0.209
10527	111863	0.147	0.267	0.384	0.414
10527	111863	0.087	0.338	0.485	0.425
10527	111863	0.064	0.2	0.287	0.264
10527	111863	0.136	0.0	0.064	0.136
10527	111863	0.067	0.08	0.216	0.147
10527	111863	0.215	0.116	0.183	0.331
10527	111863	0.133	0.115	0.1	0.018
10527	111863	0.0	0.0	0.0	0.0
10527	111863	0.0	0.0	0.0	0.0
10527	111863	0.0	0.0	0.0	0.0
10527	111863	0.0	0.0	0.0	0.0
10527	111863	0.0	0.0	0.0	0.0
10527	111863	0.0	0.0	0.0	0.0
10527	111863	0.0	0.0	0.0	0.0
10527	111863	0.0	0.0	0.0	0.0
10527	111863	0.0	0.0	0.0	0.0
10527	111863	0.0	0.0	0.0	0.0
10527	111863	0.0	0.0	0.0	0.0
10527	111863	0.0	0.0	0.0	0.0
10527	111863	0.0	0.0	0.0	0.0
10527	111863	0.0	0.0	0.0	0.0
10527	111863	0.0	0.0	0.0	0.0
10527	111863	0.0	0.0	0.0	0.0
10527	111863	0.0	0.0	0.0	0.0
10527	111863	0.0	0.0	0.0	0.0
10527	111863	0.0	0.0	0.0	0.0
10527	111863	0.0	0.0	0.0	0.0
10527	111863	0.0	0.0	0.0	0.0
10527	111863	0.0	0.0	0.0	0.0
10527	111863	0.0	0.0	0.0	0.0
10527	111863	0.0	0.0	0.0	0.0
10527	111877	0.432	0.0	0.0	0.0
10527	111877	0.135	0.12	0.312	0.015
10527	111877	0.193	0.016	0.151	0.209
10527	111877	0.071	0.055	0.138	0.016
10527	111877	0.113	0.076	0.147	0.189
10527	111877	0.1	0.14	0.253	0.24
10527	111877	0.162	0.051	0.151	0.213
10527	111877	0.116	0.045	0.117	0.071
10527	111877	0.119	0.117	0.233	0.236
10527	111877	0.187	0.019	0.1	0.168
10527	111877	0.085	0.061	0.126	0.024
10527	111877	0.116	0.134	0.219	0.25
10527	111877	0.136	0.1	0.216	0.236
10527	111877	0.103	0.219	0.355	0.322
10527	111877	0.159	0.149	0.252	0.308
10527	111877	0.1	0.001	0.16	0.101
10527	111877	0.133	0.054	0.154	0.187
10527	111877	0.12	0.029	0.162	0.149
10527	111877	0.146	0.065	0.185	0.211
10527	111877	0.079	0.076	0.222	0.155
10527	111877	0.074	0.263	0.342	0.337
10527	111877	0.069	0.163	0.237	0.232
10527	111877	0.09	0.022	0.047	0.068
10527	111877	0.05	0.111	0.201	0.161
10527	111877	0.18	0.019	0.069	0.199
10527	111877	0.111	0.033	0.147	0.078
10527	111877	0.113	0.143	0.254	0.256
10527	111877	0.269	0.316	0.429	0.585
10527	111877	0.138	0.122	0.147	0.016
10527	111877	0.023	0.184	0.322	0.207
10527	111877	0.097	0.044	0.067	0.141
10527	111877	0.101	0.204	0.301	0.305
10527	111877	0.122	0.019	0.082	0.103
10527	111877	0.1	0.138	0.26	0.238
10527	111877	0.092	0.131	0.231	0.223
10527	111877	0.089	0.128	0.22	0.217
10527	111877	0.071	0.014	0.103	0.085
10527	111877	0.114	0.031	0.102	0.145
10527	111877	0.052	0.15	0.264	0.202
10527	111877	0.21	0.116	0.168	0.326
10527	111877	0.088	0.03	0.18	0.058
10527	111877	0.147	0.05	0.038	0.097
10527	111877	0.066	0.053	0.2	0.119
10527	111877	0.15	0.133	0.199	0.283
10527	111877	0.137	0.032	0.182	0.169
10527	111877	0.091	0.009	0.146	0.1
10527	111877	0.175	0.072	0.163	0.247
10527	111877	0.018	0.022	0.153	0.004
10527	111877	0.191	0.183	0.201	0.374
10527	111877	0.1	0.018	0.173	0.082
10527	111877	0.093	0.1	0.2	0.193
10527	111877	0.213	0.138	0.231	0.351
10527	111877	0.154	0.097	0.116	0.057
10527	111877	0.0	0.0	0.0	0.0
10527	111877	0.0	0.0	0.0	0.0
10527	111877	0.0	0.0	0.0	0.0
10527	111877	0.0	0.0	0.0	0.0
10527	111877	0.0	0.0	0.0	0.0
10527	111877	0.0	0.0	0.0	0.0
10527	111877	0.0	0.0	0.0	0.0
10527	111877	0.0	0.0	0.0	0.0
10527	111877	0.0	0.0	0.0	0.0
10527	111877	0.0	0.0	0.0	0.0
10527	111877	0.0	0.0	0.0	0.0
10527	111877	0.0	0.0	0.0	0.0
10527	111877	0.0	0.0	0.0	0.0
10527	111877	0.0	0.0	0.0	0.0
10527	111877	0.0	0.0	0.0	0.0
10527	111877	0.0	0.0	0.0	0.0
10527	111877	0.0	0.0	0.0	0.0
10527	111892	0.267	0.0	0.0	0.0
10527	111892	0.024	0.083	0.184	0.059
10527	111892	0.21	0.308	0.332	0.518
10527	111892	0.068	0.025	0.185	0.043
10527	111892	0.1	0.401	0.469	0.501
10527	111892	0.085	0.215	0.315	0.3
10527	111892	0.099	0.016	0.101	0.115
10527	111892	0.118	0.034	0.133	0.152
10527	111892	0.139	0.051	0.169	0.19
10527	111892	0.116	0.042	0.097	0.074
10527	111892	0.033	0.346	0.462	0.379
10527	111892	0.131	0.357	0.39	0.488
10527	111892	0.051	0.217	0.348	0.268
10527	111892	0.083	0.015	0.066	0.098
10527	111892	0.167	0.051	0.134	0.218
10527	111892	0.174	0.083	0.084	0.091
10527	111892	0.241	0.037	0.137	0.204
10527	111892	0.154	0.099	0.142	0.055
10527	111892	0.1	0.019	0.135	0.081
10527	111892	0.143	0.17	0.27	0.313
10527	111892	0.22	0.116	0.259	0.336
10527	111892	0.084	0.02	0.2	0.064
10527	111892	0.133	0.098	0.182	0.231
10527	111892	0.262	0.075	0.058	0.187
10527	111892	0.165	0.116	0.146	0.049
10527	111892	0.118	0.083	0.082	0.035
10527	111892	0.146	0.062	0.18	0.208
10527	111892	0.172	0.059	0.087	0.113
10527	111892	0.174	0.051	0.121	0.123
10527	111892	0.069	0.043	0.131	0.026
10527	111892	0.1	0.231	0.3	0.331
10527	111892	0.0	0.0	0.0	0.0
10527	111892	0.0	0.0	0.0	0.0
10527	111892	0.0	0.0	0.0	0.0
10527	111892	0.0	0.0	0.0	0.0
10527	111892	0.0	0.0	0.0	0.0
10527	111892	0.0	0.0	0.0	0.0
10527	111892	0.0	0.0	0.0	0.0
10527	111892	0.0	0.0	0.0	0.0
10527	111892	0.0	0.0	0.0	0.0
10527	111892	0.0	0.0	0.0	0.0
10527	111892	0.0	0.0	0.0	0.0
10527	111892	0.0	0.0	0.0	0.0
10527	111892	0.0	0.0	0.0	0.0
10527	111892	0.0	0.0	0.0	0.0
10527	111892	0.0	0.0	0.0	0.0
10527	111892	0.0	0.0	0.0	0.0
10527	111892	0.0	0.0	0.0	0.0
10527	111892	0.0	0.0	0.0	0.0
10527	111892	0.0	0.0	0.0	0.0
10527	111892	0.0	0.0	0.0	0.0
10527	111892	0.0	0.0	0.0	0.0
10527	111892	0.0	0.0	0.0	0.0
10527	111892	0.0	0.0	0.0	0.0
10527	111892	0.0	0.0	0.0	0.0
10527	111892	0.0	0.0	0.0	0.0
10527	111892	0.0	0.0	0.0	0.0
10527	111892	0.0	0.0	0.0	0.0
10527	111892	0.0	0.0	0.0	0.0
10527	111892	0.0	0.0	0.0	0.0
10527	111892	0.0	0.0	0.0	0.0
10527	111892	0.0	0.0	0.0	0.0
10527	111892	0.0	0.0	0.0	0.0
10527	111892	0.0	0.0	0.0	0.0
10527	111892	0.0	0.0	0.0	0.0
10527	111892	0.0	0.0	0.0	0.0
10527	111892	0.0	0.0	0.0	0.0
10527	111892	0.0	0.0	0.0	0.0
10527	111892	0.0	0.0	0.0	0.0
10527	111892	0.0	0.0	0.0	0.0
10527	111902	0.344	0.0	0.0	0.0
10527	111902	0.081	0.126	0.218	0.045
10527	111902	0.005	0.208	0.289	0.213
10527	111902	0.106	0.025	0.03	0.131
10527	111902	0.099	0.059	0.165	0.158
10527	111902	0.085	0.159	0.258	0.244
10527	111902	0.175	0.071	0.156	0.246
10527	111902	0.131	0.046	0.129	0.085
10527	111902	0.133	0.153	0.284	0.286
10527	111902	0.18	0.061	0.072	0.119
10527	111902	0.069	0.033	0.147	0.036
10527	111902	0.181	0.163	0.232	0.344
10527	111902	0.105	0.033	0.148	0.072
10527	111902	0.127	0.053	0.158	0.18
10527	111902	0.137	0.016	0.143	0.153
10527	111902	0.101	0.016	0.153	0.117
10527	111902	0.118	0.067	0.168	0.185
10527	111902	0.1	0.0	0.118	0.1
10527	111902	0.084	0.016	0.116	0.1
10527	111902	0.115	0.016	0.1	0.131
10527	111902	0.169	0.016	0.131	0.185
10527	111902	0.03	0.033	0.202	0.063
10527	111902	0.123	0.035	0.065	0.158
10527	111902	0.331	0.03	0.153	0.361
10527	111902	0.121	0.09	0.241	0.031
10527	111902	0.096	0.049	0.072	0.047
10527	111902	0.103	0.117	0.213	0.22
10527	111902	0.116	0.151	0.254	0.267
10527	111902	0.099	0.035	0.151	0.134
10527	111902	0.059	0.199	0.298	0.258
10527	111902	0.109	0.397	0.456	0.506
10527	111902	0.084	0.08	0.189	0.164
10527	111902	0.108	0.078	0.162	0.186
10527	111902	0.087	0.079	0.187	0.166
10527	111902	0.1	0.07	0.157	0.17
10527	111902	0.105	0.169	0.269	0.274
10527	111902	0.076	0.217	0.322	0.293
10527	111902	0.148	0.142	0.218	0.29
10527	111902	0.164	0.033	0.115	0.131
10527	111902	0.017	0.1	0.264	0.117
10527	111902	0.113	0.217	0.234	0.33
10527	111902	0.1	0.069	0.182	0.169
10527	111902	0.059	0.116	0.216	0.175
10527	111902	0.14	0.088	0.147	0.228
10527	111902	0.116	0.084	0.224	0.2
10527	111902	0.09	0.247	0.363	0.337
10527	111902	0.064	0.179	0.269	0.243
10527	111902	0.061	0.21	0.274	0.271
10527	111902	0.116	0.038	0.099	0.154
10527	111902	0.101	0.031	0.147	0.132
10527	111902	0.115	0.085	0.186	0.2
10527	111902	0.103	0.051	0.166	0.154
10527	111902	0.225	0.034	0.137	0.259
10527	111902	0.144	0.112	0.113	0.032
10527	111902	0.098	0.072	0.216	0.17
10527	111902	0.101	0.139	0.237	0.24
10527	111902	0.2	0.098	0.199	0.298
10527	111902	0.193	0.066	0.134	0.127
10527	111902	0.198	0.027	0.166	0.171
10527	111902	0.109	0.033	0.165	0.076
10527	111902	0.136	0.099	0.208	0.235
10527	111902	0.168	0.031	0.167	0.199
10527	111902	0.279	0.131	0.037	0.148
10527	111902	0.17	0.142	0.137	0.028
10527	111902	0.069	0.028	0.142	0.041
10527	111902	0.12	0.18	0.249	0.3
10527	111902	0.209	0.048	0.072	0.161
10527	111902	0.014	0.064	0.273	0.078
10527	111902	0.149	0.071	0.085	0.22
10527	111902	0.108	0.049	0.1	0.059
10527	111923	0.315	0.0	0.0	0.0
10527	111923	0.017	0.067	0.248	0.05
10527	111923	0.078	0.088	0.105	0.166
10527	111923	0.116	0.169	0.247	0.285
10527	111923	0.231	0.069	0.185	0.3
10527	111923	0.064	0.025	0.206	0.039
10527	111923	0.079	0.023	0.041	0.056
10527	111923	0.206	0.08	0.159	0.286
10527	111923	0.1	0.022	0.184	0.078
10527	111923	0.1	0.016	0.116	0.116
10527	111923	0.106	0.061	0.161	0.167
10527	111923	0.141	0.077	0.183	0.218
10527	111923	0.1	0.016	0.157	0.116
10527	111923	0.151	0.201	0.301	0.352
10527	111923	0.147	0.033	0.184	0.18
10527	111923	0.09	0.031	0.178	0.121
10527	111923	0.105	0.063	0.153	0.168
10527	111923	0.204	0.067	0.172	0.271
10527	111923	0.153	0.073	0.131	0.08
10527	111923	0.1	0.064	0.089	0.036
10527	111923	0.112	0.1	0.2	0.212
10527	111923	0.106	0.051	0.163	0.157
10527	111923	0.013	0.13	0.236	0.143
10527	111923	0.105	0.115	0.128	0.22
10527	111923	0.015	0.168	0.273	0.183
10527	111923	0.212	0.044	0.059	0.256
10527	111923	0.101	0.054	0.158	0.047
10527	111923	0.085	0.046	0.147	0.131
10527	111923	0.216	0.019	0.104	0.235
10527	111923	0.108	0.066	0.15	0.042
10527	111923	0.051	0.06	0.168	0.111
10527	111923	0.123	0.042	0.093	0.165
10527	111923	0.143	0.336	0.459	0.479
10527	111923	0.116	0.01	0.153	0.126
10527	111923	0.101	0.115	0.231	0.216
10527	111923	0.179	0.168	0.269	0.347
10527	111923	0.101	0.022	0.201	0.123
10527	111923	0.058	0.022	0.123	0.08
10527	111923	0.069	0.067	0.125	0.136
10527	111923	0.059	0.142	0.211	0.201
10527	111923	0.074	0.193	0.252	0.267
10527	111923	0.089	0.108	0.182	0.197
10527	111923	0.108	0.023	0.112	0.131
10527	111923	0.089	0.049	0.157	0.138
10527	111923	0.131	0.111	0.2	0.242
10527	111923	0.112	0.076	0.207	0.188
10527	111923	0.105	0.042	0.154	0.147
10527	111923	0.033	0.165	0.27	0.198
10527	111923	0.171	0.054	0.087	0.225
10527	111923	0.046	0.0	0.171	0.046
10527	111923	0.097	0.04	0.086	0.137
10527	111923	0.061	0.019	0.116	0.08
10527	111923	0.045	0.221	0.282	0.266
10527	111923	0.149	0.073	0.118	0.222
10527	111923	0.08	0.115	0.264	0.195
10527	111923	0.061	0.137	0.217	0.198
10527	111923	0.23	0.107	0.168	0.337
10527	111923	0.148	0.059	0.171	0.089
10527	111923	0.057	0.22	0.368	0.277
10527	111923	0.0	0.0	0.0	0.0
10527	111923	0.0	0.0	0.0	0.0
10527	111923	0.0	0.0	0.0	0.0
10527	111923	0.0	0.0	0.0	0.0
10527	111923	0.0	0.0	0.0	0.0
10527	111923	0.0	0.0	0.0	0.0
10527	111923	0.0	0.0	0.0	0.0
10527	111923	0.0	0.0	0.0	0.0
10527	111923	0.0	0.0	0.0	0.0
10527	111923	0.0	0.0	0.0	0.0
10527	111923	0.0	0.0	0.0	0.0
10527	111933	0.28	0.0	0.0	0.0
10527	111933	0.021	0.064	0.216	0.043
10527	111933	0.224	0.008	0.029	0.232
10527	111933	0.022	0.018	0.242	0.04
10527	111933	0.117	0.062	0.084	0.179
10527	111933	0.13	0.02	0.097	0.11
10527	111933	0.08	0.047	0.177	0.127
10527	111933	0.071	0.312	0.392	0.383
10527	111933	0.131	0.069	0.14	0.2
10527	111933	0.081	0.069	0.2	0.15
10527	111933	0.064	0.119	0.2	0.183
10527	111933	0.147	0.05	0.114	0.197
10527	111933	0.1	0.091	0.238	0.191
10527	111933	0.1	0.169	0.269	0.269
10527	111933	0.147	0.131	0.231	0.278
10527	111933	0.063	0.017	0.164	0.08
10527	111933	0.1	0.042	0.105	0.142
10527	111933	0.047	0.198	0.298	0.245
10527	111933	0.179	0.786	0.833	0.965
10527	111933	0.136	0.047	0.132	0.089
10527	111933	0.074	0.101	0.237	0.175
10527	111933	0.123	0.175	0.249	0.298
10527	111933	0.066	0.004	0.127	0.07
10527	111933	0.305	0.056	0.122	0.361
10527	111933	0.284	0.184	0.121	0.1
10527	111933	0.078	0.016	0.3	0.094
10527	111933	0.142	0.027	0.105	0.169
10527	111933	0.057	0.016	0.158	0.073
10527	111933	0.089	0.113	0.17	0.202
10527	111933	0.205	0.104	0.193	0.309
10527	111933	0.086	0.031	0.174	0.055
10527	111933	0.021	0.063	0.149	0.084
10527	111933	0.143	0.072	0.093	0.215
10527	111933	0.1	0.02	0.163	0.12
10527	111933	0.117	0.063	0.163	0.18
10527	111933	0.116	0.068	0.185	0.184
10527	111933	0.085	0.18	0.296	0.265
10527	111933	0.082	0.087	0.172	0.169
10527	111933	0.127	0.138	0.22	0.265
10527	111933	0.134	0.042	0.085	0.092
10527	111933	0.123	0.059	0.193	0.182
10527	111933	0.113	0.018	0.141	0.131
10527	111933	0.149	0.051	0.164	0.2
10527	111933	0.065	0.031	0.18	0.096
10527	111933	0.138	0.135	0.2	0.273
10527	111933	0.132	0.084	0.222	0.216
10527	111933	0.129	0.002	0.134	0.131
10527	111933	0.157	0.016	0.145	0.173
10527	111933	0.085	0.085	0.242	0.17
10527	111933	0.053	0.2	0.285	0.253
10527	111933	0.15	0.168	0.221	0.318
10527	111933	0.131	0.039	0.111	0.092
10527	111933	0.054	0.1	0.231	0.154
10527	111933	0.116	0.114	0.168	0.23
10527	111933	0.169	0.569	0.685	0.738
10527	111933	0.106	0.03	0.199	0.136
10527	111933	0.147	0.015	0.121	0.162
10527	111933	0.028	0.138	0.285	0.166
10527	111933	0.151	0.216	0.244	0.367
10527	111933	0.079	0.033	0.118	0.046
10527	111933	0.123	0.111	0.19	0.234
10527	111933	0.142	0.162	0.285	0.304
10527	111933	0.1	0.042	0.1	0.058
10527	111933	0.093	0.147	0.247	0.24
10527	111933	0.088	0.392	0.485	0.48
10527	111933	0.118	0.016	0.104	0.134
10527	111933	0.089	0.096	0.214	0.185
10527	111933	0.131	0.125	0.214	0.256
10527	111933	0.047	0.081	0.212	0.128
10527	111933	0.079	0.069	0.116	0.148
10527	111952	0.448	0.0	0.0	0.0
10527	111952	0.433	0.701	1.149	1.134
10527	111952	0.262	0.163	0.27	0.099
10527	111952	0.016	0.007	0.269	0.023
10527	111952	0.072	0.162	0.178	0.234
10527	111952	0.08	0.157	0.229	0.237
10527	111952	0.191	0.052	0.028	0.139
10527	111952	0.162	0.1	0.091	0.062
10527	111952	0.093	0.046	0.116	0.047
10527	111952	0.135	0.136	0.229	0.271
10527	111952	0.036	0.009	0.144	0.045
10527	111952	0.092	0.081	0.117	0.173
10527	111952	0.116	0.131	0.223	0.247
10527	111952	0.085	0.0	0.116	0.085
10527	111952	0.123	0.069	0.154	0.192
10527	111952	0.118	0.048	0.075	0.07
10527	111952	0.088	0.09	0.208	0.178
10527	111952	0.144	0.077	0.165	0.221
10527	111952	0.115	0.05	0.094	0.065
10527	111952	0.058	0.044	0.159	0.102
10527	111952	0.108	0.09	0.148	0.198
10527	111952	0.055	0.128	0.236	0.183
10527	111952	0.104	0.113	0.168	0.217
10527	111952	0.157	0.022	0.126	0.179
10527	111952	0.216	0.029	0.128	0.187
10527	111952	0.153	0.069	0.147	0.084
10527	111952	0.113	0.016	0.169	0.129
10527	111952	0.185	0.072	0.185	0.257
10527	111952	0.039	0.016	0.169	0.023
10527	111952	0.146	0.112	0.151	0.258
10527	111952	0.111	0.05	0.096	0.061
10527	111952	0.085	0.1	0.211	0.185
10527	111952	0.041	0.217	0.302	0.258
10527	111952	0.279	0.012	0.053	0.291
10527	111952	0.196	0.165	0.114	0.031
10527	111952	0.041	0.089	0.285	0.13
10527	111952	0.0	0.0	0.0	0.0
10527	111952	0.0	0.0	0.0	0.0
10527	111952	0.0	0.0	0.0	0.0
10527	111952	0.0	0.0	0.0	0.0
10527	111952	0.0	0.0	0.0	0.0
10527	111952	0.0	0.0	0.0	0.0
10527	111952	0.0	0.0	0.0	0.0
10527	111952	0.0	0.0	0.0	0.0
10527	111952	0.0	0.0	0.0	0.0
10527	111952	0.0	0.0	0.0	0.0
10527	111952	0.0	0.0	0.0	0.0
10527	111952	0.0	0.0	0.0	0.0
10527	111952	0.0	0.0	0.0	0.0
10527	111952	0.0	0.0	0.0	0.0
10527	111952	0.0	0.0	0.0	0.0
10527	111952	0.0	0.0	0.0	0.0
10527	111952	0.0	0.0	0.0	0.0
10527	111952	0.0	0.0	0.0	0.0
10527	111952	0.0	0.0	0.0	0.0
10527	111952	0.0	0.0	0.0	0.0
10527	111952	0.0	0.0	0.0	0.0
10527	111952	0.0	0.0	0.0	0.0
10527	111952	0.0	0.0	0.0	0.0
10527	111952	0.0	0.0	0.0	0.0
10527	111952	0.0	0.0	0.0	0.0
10527	111952	0.0	0.0	0.0	0.0
10527	111952	0.0	0.0	0.0	0.0
10527	111952	0.0	0.0	0.0	0.0
10527	111952	0.0	0.0	0.0	0.0
10527	111952	0.0	0.0	0.0	0.0
10527	111952	0.0	0.0	0.0	0.0
10527	111952	0.0	0.0	0.0	0.0
10527	111952	0.0	0.0	0.0	0.0
10527	111952	0.0	0.0	0.0	0.0
