PARTICIPANT_ID	TEST_SECTION_ID	HOLD_LATENCY	INTERKEY_LATENCY	PRESS_LATENCY	RELEASE_LATENCY
10822	114476	0.138	0.0	0.0	0.0
10822	114476	0.072	0.057	0.081	0.015
10822	114476	0.068	0.101	0.173	0.169
10822	114476	0.101	0.036	0.032	0.065
10822	114476	0.109	0.042	0.143	0.151
10822	114476	0.089	0.037	0.146	0.126
10822	114476	0.111	0.058	0.031	0.053
10822	114476	0.137	0.027	0.138	0.164
10822	114476	0.082	0.019	0.118	0.063
10822	114476	0.112	0.024	0.058	0.088
10822	114476	0.078	0.019	0.131	0.097
10822	114476	0.084	0.092	0.17	0.176
10822	114476	0.121	0.018	0.066	0.103
10822	114476	0.089	0.027	0.094	0.062
10822	114476	0.045	0.11	0.199	0.155
10822	114476	0.071	0.341	0.386	0.412
10822	114476	0.083	0.119	0.19	0.202
10822	114476	0.127	0.077	0.16	0.204
10822	114476	0.083	0.03	0.097	0.053
10822	114476	0.142	0.056	0.139	0.198
10822	114476	0.089	0.039	0.103	0.05
10822	114476	0.083	0.028	0.117	0.111
10822	114476	0.086	0.007	0.09	0.093
10822	114476	0.103	0.025	0.111	0.128
10822	114476	0.104	0.031	0.134	0.135
10822	114476	0.315	0.145	0.249	0.46
10822	114476	0.083	0.209	0.524	0.292
10822	114476	0.131	0.007	0.09	0.138
10822	114476	0.217	0.052	0.079	0.165
10822	114476	0.134	0.027	0.19	0.107
10822	114476	0.09	0.002	0.136	0.092
10822	114476	0.095	0.069	0.159	0.164
10822	114476	0.0	0.0	0.0	0.0
10822	114476	0.0	0.0	0.0	0.0
10822	114476	0.0	0.0	0.0	0.0
10822	114476	0.0	0.0	0.0	0.0
10822	114476	0.0	0.0	0.0	0.0
10822	114476	0.0	0.0	0.0	0.0
10822	114476	0.0	0.0	0.0	0.0
10822	114476	0.0	0.0	0.0	0.0
10822	114476	0.0	0.0	0.0	0.0
10822	114476	0.0	0.0	0.0	0.0
10822	114476	0.0	0.0	0.0	0.0
10822	114476	0.0	0.0	0.0	0.0
10822	114476	0.0	0.0	0.0	0.0
10822	114476	0.0	0.0	0.0	0.0
10822	114476	0.0	0.0	0.0	0.0
10822	114476	0.0	0.0	0.0	0.0
10822	114476	0.0	0.0	0.0	0.0
10822	114476	0.0	0.0	0.0	0.0
10822	114476	0.0	0.0	0.0	0.0
10822	114476	0.0	0.0	0.0	0.0
10822	114476	0.0	0.0	0.0	0.0
10822	114476	0.0	0.0	0.0	0.0
10822	114476	0.0	0.0	0.0	0.0
10822	114476	0.0	0.0	0.0	0.0
10822	114476	0.0	0.0	0.0	0.0
10822	114476	0.0	0.0	0.0	0.0
10822	114476	0.0	0.0	0.0	0.0
10822	114476	0.0	0.0	0.0	0.0
10822	114476	0.0	0.0	0.0	0.0
10822	114476	0.0	0.0	0.0	0.0
10822	114476	0.0	0.0	0.0	0.0
10822	114476	0.0	0.0	0.0	0.0
10822	114476	0.0	0.0	0.0	0.0
10822	114476	0.0	0.0	0.0	0.0
10822	114476	0.0	0.0	0.0	0.0
10822	114476	0.0	0.0	0.0	0.0
10822	114476	0.0	0.0	0.0	0.0
10822	114476	0.0	0.0	0.0	0.0
10822	114485	0.148	0.0	0.0	0.0
10822	114485	0.087	0.064	0.084	0.023
10822	114485	0.078	0.086	0.173	0.164
10822	114485	0.06	0.083	0.161	0.143
10822	114485	0.077	0.065	0.125	0.142
10822	114485	0.122	0.025	0.102	0.147
10822	114485	0.084	0.015	0.137	0.099
10822	114485	0.107	0.074	0.158	0.181
10822	114485	0.092	0.063	0.17	0.155
10822	114485	0.072	0.086	0.178	0.158
10822	114485	0.08	0.012	0.084	0.092
10822	114485	0.092	0.031	0.111	0.123
10822	114485	0.092	0.007	0.099	0.099
10822	114485	0.104	0.13	0.222	0.234
10822	114485	0.11	0.007	0.111	0.117
10822	114485	0.166	0.045	0.155	0.211
10822	114485	0.16	0.07	0.096	0.09
10822	114485	0.051	0.021	0.139	0.03
10822	114485	0.118	0.042	0.093	0.16
10822	114485	0.107	0.048	0.07	0.059
10822	114485	0.134	0.048	0.155	0.182
10822	114485	0.114	0.049	0.085	0.065
10822	114485	0.087	0.027	0.141	0.114
10822	114485	0.127	0.065	0.152	0.192
10822	114485	0.107	0.046	0.081	0.061
10822	114485	0.083	0.051	0.056	0.032
10822	114485	0.082	0.43	0.513	0.512
10822	114485	0.133	0.013	0.069	0.12
10822	114485	0.165	0.027	0.106	0.138
10822	114485	0.029	0.021	0.144	0.008
10822	114485	0.148	0.048	0.077	0.196
10822	114485	0.157	0.06	0.088	0.097
10822	114485	0.051	0.019	0.138	0.032
10822	114485	0.143	0.036	0.087	0.179
10822	114485	0.164	0.082	0.061	0.082
10822	114485	0.116	0.025	0.139	0.091
10822	114485	0.086	0.107	0.223	0.193
10822	114485	0.086	0.072	0.158	0.158
10822	114485	0.092	0.115	0.201	0.207
10822	114485	0.084	0.086	0.178	0.17
10822	114485	0.107	0.095	0.179	0.202
10822	114485	0.104	0.021	0.128	0.125
10822	114485	0.085	0.005	0.109	0.09
10822	114485	0.083	0.102	0.187	0.185
10822	114485	0.0	0.0	0.0	0.0
10822	114485	0.0	0.0	0.0	0.0
10822	114485	0.0	0.0	0.0	0.0
10822	114485	0.0	0.0	0.0	0.0
10822	114485	0.0	0.0	0.0	0.0
10822	114485	0.0	0.0	0.0	0.0
10822	114485	0.0	0.0	0.0	0.0
10822	114485	0.0	0.0	0.0	0.0
10822	114485	0.0	0.0	0.0	0.0
10822	114485	0.0	0.0	0.0	0.0
10822	114485	0.0	0.0	0.0	0.0
10822	114485	0.0	0.0	0.0	0.0
10822	114485	0.0	0.0	0.0	0.0
10822	114485	0.0	0.0	0.0	0.0
10822	114485	0.0	0.0	0.0	0.0
10822	114485	0.0	0.0	0.0	0.0
10822	114485	0.0	0.0	0.0	0.0
10822	114485	0.0	0.0	0.0	0.0
10822	114485	0.0	0.0	0.0	0.0
10822	114485	0.0	0.0	0.0	0.0
10822	114485	0.0	0.0	0.0	0.0
10822	114485	0.0	0.0	0.0	0.0
10822	114485	0.0	0.0	0.0	0.0
10822	114485	0.0	0.0	0.0	0.0
10822	114485	0.0	0.0	0.0	0.0
10822	114485	0.0	0.0	0.0	0.0
10822	114495	0.109	0.0	0.0	0.0
10822	114495	0.098	0.036	0.073	0.062
10822	114495	0.087	0.045	0.143	0.132
10822	114495	0.095	0.02	0.067	0.075
10822	114495	0.084	0.042	0.137	0.126
10822	114495	0.135	0.039	0.123	0.174
10822	114495	0.119	0.033	0.102	0.086
10822	114495	0.094	0.072	0.191	0.166
10822	114495	0.151	0.024	0.07	0.127
10822	114495	0.083	0.957	1.108	1.04
10822	114495	0.105	0.118	0.201	0.223
10822	114495	0.095	0.024	0.129	0.119
10822	114495	0.116	0.027	0.122	0.143
10822	114495	0.159	0.265	0.381	0.424
10822	114495	0.098	0.03	0.129	0.068
10822	114495	0.104	0.124	0.222	0.228
10822	114495	0.086	0.095	0.199	0.181
10822	114495	0.077	0.119	0.205	0.196
10822	114495	0.077	0.063	0.14	0.14
10822	114495	0.115	0.077	0.154	0.192
10822	114495	0.104	0.045	0.07	0.059
10822	114495	0.099	0.036	0.14	0.135
10822	114495	0.072	0.053	0.152	0.125
10822	114495	0.077	0.01	0.082	0.087
10822	114495	0.082	0.019	0.096	0.101
10822	114495	0.086	0.012	0.07	0.074
10822	114495	0.112	0.08	0.166	0.192
10822	114495	0.08	0.021	0.091	0.059
10822	114495	0.095	0.031	0.111	0.126
10822	114495	0.103	0.098	0.193	0.201
10822	114495	0.128	0.048	0.151	0.176
10822	114495	0.083	0.039	0.167	0.122
10822	114495	0.095	0.081	0.164	0.176
10822	114495	0.099	0.016	0.111	0.115
10822	114495	0.097	0.009	0.09	0.088
10822	114495	0.089	0.015	0.082	0.074
10822	114495	0.079	0.007	0.096	0.086
10822	114495	0.11	0.024	0.055	0.086
10822	114495	0.071	0.051	0.161	0.122
10822	114495	0.084	0.083	0.154	0.167
10822	114495	0.088	0.036	0.12	0.124
10822	114495	0.101	0.027	0.061	0.074
10822	114495	0.092	0.031	0.132	0.123
10822	114495	0.095	0.007	0.099	0.102
10822	114495	0.069	0.042	0.137	0.111
10822	114495	0.092	0.004	0.073	0.096
10822	114495	0.106	0.494	0.586	0.6
10822	114495	0.085	0.002	0.108	0.087
10822	114495	0.093	0.019	0.104	0.112
10822	114495	0.077	0.007	0.1	0.084
10822	114495	0.071	0.086	0.163	0.157
10822	114495	0.11	0.002	0.073	0.112
10822	114495	0.086	0.033	0.143	0.119
10822	114495	0.084	0.007	0.093	0.091
10822	114495	0.083	0.018	0.102	0.101
10822	114495	0.075	0.037	0.046	0.038
10822	114495	0.114	0.042	0.117	0.156
10822	114495	0.103	0.02	0.094	0.083
10822	114495	0.136	0.024	0.079	0.112
10822	114495	0.137	0.013	0.149	0.15
10822	114495	0.089	0.127	0.264	0.216
10822	114495	0.087	0.083	0.172	0.17
10822	114495	0.089	0.02	0.067	0.069
10822	114495	0.071	0.113	0.202	0.184
10822	114495	0.0	0.0	0.0	0.0
10822	114495	0.0	0.0	0.0	0.0
10822	114495	0.0	0.0	0.0	0.0
10822	114495	0.0	0.0	0.0	0.0
10822	114495	0.0	0.0	0.0	0.0
10822	114495	0.0	0.0	0.0	0.0
10822	114511	0.121	0.0	0.0	0.0
10822	114511	0.107	0.052	0.069	0.055
10822	114511	0.097	0.04	0.147	0.137
10822	114511	0.104	0.01	0.087	0.094
10822	114511	0.065	0.043	0.147	0.108
10822	114511	0.098	0.019	0.084	0.117
10822	114511	0.095	0.066	0.164	0.161
10822	114511	0.087	0.074	0.169	0.161
10822	114511	0.113	0.109	0.196	0.222
10822	114511	0.072	0.039	0.152	0.111
10822	114511	0.08	0.039	0.111	0.119
10822	114511	0.077	0.031	0.111	0.108
10822	114511	0.082	0.016	0.093	0.098
10822	114511	0.095	0.033	0.049	0.062
10822	114511	0.08	0.007	0.102	0.087
10822	114511	0.071	0.028	0.108	0.099
10822	114511	0.036	0.054	0.125	0.09
10822	114511	0.123	0.039	0.075	0.162
10822	114511	0.092	0.02	0.103	0.072
10822	114511	0.068	0.022	0.114	0.09
10822	114511	0.092	0.069	0.137	0.161
10822	114511	0.059	0.095	0.187	0.154
10822	114511	0.071	0.075	0.134	0.146
10822	114511	0.072	0.036	0.107	0.108
10822	114511	0.056	0.086	0.158	0.142
10822	114511	0.074	0.113	0.169	0.187
10822	114511	0.06	0.388	0.462	0.448
10822	114511	0.069	0.168	0.228	0.237
10822	114511	0.083	0.068	0.137	0.151
10822	114511	0.074	0.066	0.149	0.14
10822	114511	0.066	0.142	0.216	0.208
10822	114511	0.047	0.37	0.436	0.417
10822	114511	0.08	0.377	0.424	0.457
10822	114511	0.072	0.092	0.172	0.164
10822	114511	0.093	0.009	0.081	0.102
10822	114511	0.072	0.065	0.158	0.137
10822	114511	0.071	0.268	0.34	0.339
10822	114511	0.0	0.0	0.0	0.0
10822	114511	0.0	0.0	0.0	0.0
10822	114511	0.0	0.0	0.0	0.0
10822	114511	0.0	0.0	0.0	0.0
10822	114511	0.0	0.0	0.0	0.0
10822	114511	0.0	0.0	0.0	0.0
10822	114511	0.0	0.0	0.0	0.0
10822	114511	0.0	0.0	0.0	0.0
10822	114511	0.0	0.0	0.0	0.0
10822	114511	0.0	0.0	0.0	0.0
10822	114511	0.0	0.0	0.0	0.0
10822	114511	0.0	0.0	0.0	0.0
10822	114511	0.0	0.0	0.0	0.0
10822	114511	0.0	0.0	0.0	0.0
10822	114511	0.0	0.0	0.0	0.0
10822	114511	0.0	0.0	0.0	0.0
10822	114511	0.0	0.0	0.0	0.0
10822	114511	0.0	0.0	0.0	0.0
10822	114511	0.0	0.0	0.0	0.0
10822	114511	0.0	0.0	0.0	0.0
10822	114511	0.0	0.0	0.0	0.0
10822	114511	0.0	0.0	0.0	0.0
10822	114511	0.0	0.0	0.0	0.0
10822	114511	0.0	0.0	0.0	0.0
10822	114511	0.0	0.0	0.0	0.0
10822	114511	0.0	0.0	0.0	0.0
10822	114511	0.0	0.0	0.0	0.0
10822	114511	0.0	0.0	0.0	0.0
10822	114511	0.0	0.0	0.0	0.0
10822	114511	0.0	0.0	0.0	0.0
10822	114511	0.0	0.0	0.0	0.0
10822	114511	0.0	0.0	0.0	0.0
10822	114511	0.0	0.0	0.0	0.0
10822	114521	0.127	0.0	0.0	0.0
10822	114521	0.116	0.039	0.088	0.077
10822	114521	0.104	0.025	0.141	0.129
10822	114521	0.083	0.007	0.111	0.09
10822	114521	0.08	0.036	0.119	0.116
10822	114521	0.181	0.043	0.123	0.224
10822	114521	0.131	0.079	0.102	0.052
10822	114521	0.062	0.021	0.11	0.041
10822	114521	0.077	0.098	0.16	0.175
10822	114521	0.084	0.031	0.046	0.053
10822	114521	0.085	0.004	0.088	0.089
10822	114521	0.118	0.027	0.058	0.091
10822	114521	0.087	0.034	0.084	0.053
10822	114521	0.105	0.01	0.097	0.115
10822	114521	0.078	0.015	0.09	0.063
10822	114521	0.1	0.062	0.14	0.162
10822	114521	0.107	0.027	0.073	0.08
10822	114521	0.104	0.042	0.149	0.146
10822	114521	0.075	0.086	0.19	0.161
10822	114521	0.084	0.091	0.166	0.175
10822	114521	0.082	0.036	0.12	0.118
10822	114521	0.08	0.015	0.067	0.065
10822	114521	0.113	0.066	0.146	0.179
10822	114521	0.097	0.001	0.114	0.098
10822	114521	0.154	0.016	0.081	0.138
10822	114521	0.109	0.045	0.109	0.064
10822	114521	0.092	0.009	0.1	0.083
10822	114521	0.095	0.077	0.169	0.172
10822	114521	0.076	0.045	0.14	0.121
10822	114521	0.105	0.006	0.07	0.099
10822	114521	0.127	0.006	0.099	0.121
10822	114521	0.597	0.072	0.199	0.669
10822	114521	0.131	0.057	0.54	0.074
10822	114521	0.0	0.0	0.0	0.0
10822	114521	0.0	0.0	0.0	0.0
10822	114521	0.0	0.0	0.0	0.0
10822	114521	0.0	0.0	0.0	0.0
10822	114521	0.0	0.0	0.0	0.0
10822	114521	0.0	0.0	0.0	0.0
10822	114521	0.0	0.0	0.0	0.0
10822	114521	0.0	0.0	0.0	0.0
10822	114521	0.0	0.0	0.0	0.0
10822	114521	0.0	0.0	0.0	0.0
10822	114521	0.0	0.0	0.0	0.0
10822	114521	0.0	0.0	0.0	0.0
10822	114521	0.0	0.0	0.0	0.0
10822	114521	0.0	0.0	0.0	0.0
10822	114521	0.0	0.0	0.0	0.0
10822	114521	0.0	0.0	0.0	0.0
10822	114521	0.0	0.0	0.0	0.0
10822	114521	0.0	0.0	0.0	0.0
10822	114521	0.0	0.0	0.0	0.0
10822	114521	0.0	0.0	0.0	0.0
10822	114521	0.0	0.0	0.0	0.0
10822	114521	0.0	0.0	0.0	0.0
10822	114521	0.0	0.0	0.0	0.0
10822	114521	0.0	0.0	0.0	0.0
10822	114521	0.0	0.0	0.0	0.0
10822	114521	0.0	0.0	0.0	0.0
10822	114521	0.0	0.0	0.0	0.0
10822	114521	0.0	0.0	0.0	0.0
10822	114521	0.0	0.0	0.0	0.0
10822	114521	0.0	0.0	0.0	0.0
10822	114521	0.0	0.0	0.0	0.0
10822	114521	0.0	0.0	0.0	0.0
10822	114521	0.0	0.0	0.0	0.0
10822	114521	0.0	0.0	0.0	0.0
10822	114521	0.0	0.0	0.0	0.0
10822	114521	0.0	0.0	0.0	0.0
10822	114521	0.0	0.0	0.0	0.0
10822	114528	0.139	0.0	0.0	0.0
10822	114528	0.139	0.061	0.078	0.078
10822	114528	0.092	0.015	0.124	0.077
10822	114528	0.044	0.083	0.175	0.127
10822	114528	0.118	0.046	0.09	0.164
10822	114528	0.106	0.04	0.078	0.066
10822	114528	0.077	0.021	0.085	0.056
10822	114528	0.098	0.06	0.137	0.158
10822	114528	0.101	0.048	0.05	0.053
10822	114528	0.092	0.095	0.196	0.187
10822	114528	0.134	0.003	0.095	0.137
10822	114528	0.09	0.04	0.094	0.05
10822	114528	0.071	0.051	0.141	0.122
10822	114528	0.086	0.01	0.081	0.096
10822	114528	0.089	0.028	0.114	0.117
10822	114528	0.098	0.039	0.128	0.137
10822	114528	0.1	0.007	0.105	0.107
10822	114528	0.118	0.013	0.087	0.105
10822	114528	0.078	0.006	0.112	0.072
10822	114528	0.068	0.006	0.072	0.062
10822	114528	0.08	0.072	0.14	0.152
10822	114528	0.106	0.01	0.09	0.116
10822	114528	0.116	0.027	0.079	0.089
10822	114528	0.095	0.018	0.134	0.113
10822	114528	0.104	0.101	0.196	0.205
10822	114528	0.071	0.535	0.639	0.606
10822	114528	0.09	0.03	0.101	0.12
10822	114528	0.086	0.203	0.293	0.289
10822	114528	0.077	0.427	0.513	0.504
10822	114528	0.139	0.156	0.233	0.295
10822	114528	0.119	0.048	0.091	0.071
10822	114528	0.092	0.007	0.126	0.099
10822	114528	0.087	0.024	0.116	0.111
10822	114528	0.091	0.033	0.12	0.124
10822	114528	0.068	0.024	0.067	0.044
10822	114528	0.104	0.06	0.128	0.164
10822	114528	0.087	0.007	0.111	0.094
10822	114528	0.092	0.048	0.135	0.14
10822	114528	0.081	0.094	0.186	0.175
10822	114528	0.077	0.048	0.129	0.125
10822	114528	0.083	0.016	0.093	0.099
10822	114528	0.054	0.004	0.087	0.058
10822	114528	0.097	0.089	0.143	0.186
10822	114528	0.109	0.045	0.052	0.064
10822	114528	0.081	0.01	0.099	0.071
10822	114528	0.092	0.016	0.097	0.108
10822	114528	0.065	0.013	0.105	0.078
10822	114528	0.084	0.027	0.092	0.111
10822	114528	0.072	0.015	0.099	0.087
10822	114528	0.094	0.033	0.105	0.127
10822	114528	0.136	0.015	0.079	0.121
10822	114528	0.104	0.046	0.09	0.058
10822	114528	0.131	0.025	0.079	0.106
10822	114528	0.088	0.054	0.185	0.142
10822	114528	0.099	0.007	0.081	0.092
10822	114528	0.089	0.057	0.156	0.146
10822	114528	0.148	0.007	0.096	0.155
10822	114528	0.15	0.054	0.202	0.204
10822	114528	0.181	0.054	0.096	0.127
10822	114528	0.17	0.084	0.097	0.086
10822	114528	0.066	0.02	0.15	0.046
10822	114528	0.129	0.01	0.076	0.139
10822	114528	0.101	0.006	0.123	0.095
10822	114528	0.154	0.036	0.137	0.19
10822	114528	0.112	0.054	0.1	0.058
10822	114528	0.142	0.016	0.096	0.126
10822	114528	0.098	0.033	0.109	0.065
10822	114528	0.0	0.0	0.0	0.0
10822	114528	0.0	0.0	0.0	0.0
10822	114528	0.0	0.0	0.0	0.0
10822	114543	0.115	0.0	0.0	0.0
10822	114543	0.116	0.057	0.058	0.059
10822	114543	0.086	0.063	0.179	0.149
10822	114543	0.152	0.046	0.04	0.106
10822	114543	0.136	0.046	0.106	0.09
10822	114543	0.116	0.03	0.106	0.086
10822	114543	0.081	0.03	0.146	0.111
10822	114543	0.1	0.002	0.083	0.102
10822	114543	0.089	0.01	0.11	0.099
10822	114543	0.138	0.239	0.328	0.377
10822	114543	0.11	0.027	0.111	0.083
10822	114543	0.1	0.071	0.181	0.171
10822	114543	0.131	0.024	0.076	0.107
10822	114543	0.089	0.02	0.111	0.069
10822	114543	0.097	0.016	0.105	0.113
10822	114543	0.085	0.018	0.079	0.067
10822	114543	0.083	0.007	0.078	0.076
10822	114543	0.091	0.101	0.184	0.192
10822	114543	0.111	0.006	0.085	0.105
10822	114543	0.08	0.015	0.096	0.065
10822	114543	0.299	0.131	0.211	0.43
10822	114543	0.267	0.194	0.493	0.461
10822	114543	0.169	0.087	0.18	0.082
10822	114543	0.0	0.0	0.0	0.0
10822	114543	0.0	0.0	0.0	0.0
10822	114543	0.0	0.0	0.0	0.0
10822	114543	0.0	0.0	0.0	0.0
10822	114543	0.0	0.0	0.0	0.0
10822	114543	0.0	0.0	0.0	0.0
10822	114543	0.0	0.0	0.0	0.0
10822	114543	0.0	0.0	0.0	0.0
10822	114543	0.0	0.0	0.0	0.0
10822	114543	0.0	0.0	0.0	0.0
10822	114543	0.0	0.0	0.0	0.0
10822	114543	0.0	0.0	0.0	0.0
10822	114543	0.0	0.0	0.0	0.0
10822	114543	0.0	0.0	0.0	0.0
10822	114543	0.0	0.0	0.0	0.0
10822	114543	0.0	0.0	0.0	0.0
10822	114543	0.0	0.0	0.0	0.0
10822	114543	0.0	0.0	0.0	0.0
10822	114543	0.0	0.0	0.0	0.0
10822	114543	0.0	0.0	0.0	0.0
10822	114543	0.0	0.0	0.0	0.0
10822	114543	0.0	0.0	0.0	0.0
10822	114543	0.0	0.0	0.0	0.0
10822	114543	0.0	0.0	0.0	0.0
10822	114543	0.0	0.0	0.0	0.0
10822	114543	0.0	0.0	0.0	0.0
10822	114543	0.0	0.0	0.0	0.0
10822	114543	0.0	0.0	0.0	0.0
10822	114543	0.0	0.0	0.0	0.0
10822	114543	0.0	0.0	0.0	0.0
10822	114543	0.0	0.0	0.0	0.0
10822	114543	0.0	0.0	0.0	0.0
10822	114543	0.0	0.0	0.0	0.0
10822	114543	0.0	0.0	0.0	0.0
10822	114543	0.0	0.0	0.0	0.0
10822	114543	0.0	0.0	0.0	0.0
10822	114543	0.0	0.0	0.0	0.0
10822	114543	0.0	0.0	0.0	0.0
10822	114543	0.0	0.0	0.0	0.0
10822	114543	0.0	0.0	0.0	0.0
10822	114543	0.0	0.0	0.0	0.0
10822	114543	0.0	0.0	0.0	0.0
10822	114543	0.0	0.0	0.0	0.0
10822	114543	0.0	0.0	0.0	0.0
10822	114543	0.0	0.0	0.0	0.0
10822	114543	0.0	0.0	0.0	0.0
10822	114543	0.0	0.0	0.0	0.0
10822	114547	0.343	0.0	0.0	0.0
10822	114547	0.098	0.122	0.221	0.024
10822	114547	0.08	0.509	0.607	0.589
10822	114547	0.086	0.004	0.084	0.09
10822	114547	0.104	0.007	0.093	0.111
10822	114547	0.091	0.016	0.12	0.107
10822	114547	0.08	0.033	0.058	0.047
10822	114547	0.104	0.054	0.134	0.158
10822	114547	0.072	0.037	0.067	0.035
10822	114547	0.077	0.086	0.158	0.163
10822	114547	0.081	0.054	0.131	0.135
10822	114547	0.059	0.092	0.173	0.151
10822	114547	0.124	0.057	0.116	0.181
10822	114547	0.121	0.042	0.082	0.079
10822	114547	0.11	0.025	0.096	0.085
10822	114547	0.075	0.055	0.055	0.02
10822	114547	0.101	0.019	0.094	0.12
10822	114547	0.069	0.02	0.081	0.049
10822	114547	0.09	0.024	0.093	0.114
10822	114547	0.066	0.015	0.105	0.081
10822	114547	0.091	0.002	0.068	0.093
10822	114547	0.098	0.036	0.127	0.134
10822	114547	0.089	0.072	0.026	0.017
10822	114547	0.074	0.025	0.114	0.099
10822	114547	0.066	0.057	0.131	0.123
10822	114547	0.062	0.086	0.152	0.148
10822	114547	0.151	0.078	0.14	0.229
10822	114547	0.104	0.052	0.099	0.052
10822	114547	0.086	0.119	0.223	0.205
10822	114547	0.0	0.0	0.0	0.0
10822	114547	0.0	0.0	0.0	0.0
10822	114547	0.0	0.0	0.0	0.0
10822	114547	0.0	0.0	0.0	0.0
10822	114547	0.0	0.0	0.0	0.0
10822	114547	0.0	0.0	0.0	0.0
10822	114547	0.0	0.0	0.0	0.0
10822	114547	0.0	0.0	0.0	0.0
10822	114547	0.0	0.0	0.0	0.0
10822	114547	0.0	0.0	0.0	0.0
10822	114547	0.0	0.0	0.0	0.0
10822	114547	0.0	0.0	0.0	0.0
10822	114547	0.0	0.0	0.0	0.0
10822	114547	0.0	0.0	0.0	0.0
10822	114547	0.0	0.0	0.0	0.0
10822	114547	0.0	0.0	0.0	0.0
10822	114547	0.0	0.0	0.0	0.0
10822	114547	0.0	0.0	0.0	0.0
10822	114547	0.0	0.0	0.0	0.0
10822	114547	0.0	0.0	0.0	0.0
10822	114547	0.0	0.0	0.0	0.0
10822	114547	0.0	0.0	0.0	0.0
10822	114547	0.0	0.0	0.0	0.0
10822	114547	0.0	0.0	0.0	0.0
10822	114547	0.0	0.0	0.0	0.0
10822	114547	0.0	0.0	0.0	0.0
10822	114547	0.0	0.0	0.0	0.0
10822	114547	0.0	0.0	0.0	0.0
10822	114547	0.0	0.0	0.0	0.0
10822	114547	0.0	0.0	0.0	0.0
10822	114547	0.0	0.0	0.0	0.0
10822	114547	0.0	0.0	0.0	0.0
10822	114547	0.0	0.0	0.0	0.0
10822	114547	0.0	0.0	0.0	0.0
10822	114547	0.0	0.0	0.0	0.0
10822	114547	0.0	0.0	0.0	0.0
10822	114547	0.0	0.0	0.0	0.0
10822	114547	0.0	0.0	0.0	0.0
10822	114547	0.0	0.0	0.0	0.0
10822	114547	0.0	0.0	0.0	0.0
10822	114547	0.0	0.0	0.0	0.0
10822	114558	0.127	0.0	0.0	0.0
10822	114558	0.125	0.042	0.085	0.083
10822	114558	0.088	0.001	0.126	0.089
10822	114558	0.098	0.051	0.037	0.047
10822	114558	0.072	0.004	0.102	0.076
10822	114558	0.132	0.045	0.117	0.177
10822	114558	0.169	0.036	0.096	0.133
10822	114558	0.128	0.037	0.132	0.091
10822	114558	0.127	0.002	0.13	0.129
10822	114558	0.172	0.024	0.151	0.196
10822	114558	0.133	0.134	0.306	0.267
10822	114558	0.114	0.085	0.048	0.029
10822	114558	0.083	0.069	0.183	0.152
10822	114558	0.087	0.068	0.151	0.155
10822	114558	0.095	0.062	0.149	0.157
10822	114558	0.087	0.045	0.14	0.132
10822	114558	0.103	0.045	0.132	0.148
10822	114558	0.08	0.033	0.07	0.047
10822	114558	0.092	0.031	0.111	0.123
10822	114558	0.113	0.066	0.158	0.179
10822	114558	0.091	0.007	0.12	0.098
10822	114558	0.097	0.007	0.084	0.09
10822	114558	0.098	0.03	0.067	0.068
10822	114558	0.151	0.028	0.126	0.179
10822	114558	0.066	0.364	0.515	0.43
10822	114558	0.074	0.06	0.126	0.134
10822	114558	0.098	0.01	0.084	0.108
10822	114558	0.101	0.013	0.111	0.114
10822	114558	0.077	0.007	0.108	0.084
10822	114558	0.1	0.051	0.128	0.151
10822	114558	0.068	0.009	0.091	0.059
10822	114558	0.08	0.078	0.146	0.158
10822	114558	0.11	0.027	0.107	0.137
10822	114558	0.06	0.007	0.117	0.067
10822	114558	0.086	0.074	0.134	0.16
10822	114558	0.101	0.221	0.307	0.322
10822	114558	0.083	0.356	0.457	0.439
10822	114558	0.083	0.658	0.741	0.741
10822	114558	0.092	0.145	0.228	0.237
10822	114558	0.0	0.0	0.0	0.0
10822	114558	0.0	0.0	0.0	0.0
10822	114558	0.0	0.0	0.0	0.0
10822	114558	0.0	0.0	0.0	0.0
10822	114558	0.0	0.0	0.0	0.0
10822	114558	0.0	0.0	0.0	0.0
10822	114558	0.0	0.0	0.0	0.0
10822	114558	0.0	0.0	0.0	0.0
10822	114558	0.0	0.0	0.0	0.0
10822	114558	0.0	0.0	0.0	0.0
10822	114558	0.0	0.0	0.0	0.0
10822	114558	0.0	0.0	0.0	0.0
10822	114558	0.0	0.0	0.0	0.0
10822	114558	0.0	0.0	0.0	0.0
10822	114558	0.0	0.0	0.0	0.0
10822	114558	0.0	0.0	0.0	0.0
10822	114558	0.0	0.0	0.0	0.0
10822	114558	0.0	0.0	0.0	0.0
10822	114558	0.0	0.0	0.0	0.0
10822	114558	0.0	0.0	0.0	0.0
10822	114558	0.0	0.0	0.0	0.0
10822	114558	0.0	0.0	0.0	0.0
10822	114558	0.0	0.0	0.0	0.0
10822	114558	0.0	0.0	0.0	0.0
10822	114558	0.0	0.0	0.0	0.0
10822	114558	0.0	0.0	0.0	0.0
10822	114558	0.0	0.0	0.0	0.0
10822	114558	0.0	0.0	0.0	0.0
10822	114558	0.0	0.0	0.0	0.0
10822	114558	0.0	0.0	0.0	0.0
10822	114558	0.0	0.0	0.0	0.0
10822	114568	0.148	0.0	0.0	0.0
10822	114568	0.107	0.09	0.058	0.017
10822	114568	0.075	0.139	0.246	0.214
10822	114568	0.11	0.009	0.084	0.119
10822	114568	0.057	0.013	0.123	0.07
10822	114568	0.069	0.057	0.114	0.126
10822	114568	0.071	0.02	0.049	0.051
10822	114568	0.081	0.083	0.154	0.164
10822	114568	0.104	0.095	0.176	0.199
10822	114568	0.115	0.004	0.108	0.119
10822	114568	0.125	0.055	0.06	0.07
10822	114568	0.104	0.028	0.097	0.076
10822	114568	0.137	0.042	0.146	0.179
10822	114568	0.111	0.067	0.07	0.044
10822	114568	0.115	0.004	0.115	0.119
10822	114568	0.104	0.025	0.09	0.079
10822	114568	0.11	0.028	0.132	0.138
10822	114568	0.09	0.002	0.112	0.092
10822	114568	0.08	0.018	0.072	0.062
10822	114568	0.089	0.068	0.148	0.157
10822	114568	0.075	0.069	0.02	0.006
10822	114568	0.086	0.06	0.135	0.146
10822	114568	0.083	0.007	0.093	0.09
10822	114568	0.081	0.039	0.122	0.12
10822	114568	0.122	0.033	0.114	0.155
10822	114568	0.104	0.024	0.146	0.128
10822	114568	0.071	0.002	0.106	0.073
10822	114568	0.08	0.025	0.096	0.105
10822	114568	0.123	0.004	0.084	0.127
10822	114568	0.069	0.024	0.099	0.045
10822	114568	0.065	0.013	0.082	0.078
10822	114568	0.08	0.069	0.134	0.149
10822	114568	0.089	0.065	0.145	0.154
10822	114568	0.136	0.007	0.096	0.143
10822	114568	0.13	0.057	0.079	0.073
10822	114568	0.109	0.045	0.085	0.064
10822	114568	0.126	0.009	0.1	0.117
10822	114568	0.112	0.006	0.12	0.106
10822	114568	0.107	0.013	0.099	0.094
10822	114568	0.104	0.016	0.123	0.12
10822	114568	0.084	0.033	0.137	0.117
10822	114568	0.1	0.002	0.086	0.102
10822	114568	0.13	0.018	0.118	0.148
10822	114568	0.092	0.045	0.085	0.047
10822	114568	0.129	0.049	0.141	0.178
10822	114568	0.094	0.036	0.093	0.058
10822	114568	0.119	0.033	0.061	0.086
10822	114568	0.083	0.024	0.143	0.107
10822	114568	0.071	0.033	0.05	0.038
10822	114568	0.082	0.063	0.134	0.145
10822	114568	0.08	0.007	0.075	0.073
10822	114568	0.119	0.007	0.073	0.112
10822	114568	0.107	0.01	0.129	0.117
10822	114568	0.116	0.027	0.134	0.143
10822	114568	0.071	0.634	0.75	0.705
10822	114568	0.077	0.151	0.222	0.228
10822	114568	0.045	0.078	0.155	0.123
10822	114568	0.069	0.109	0.154	0.178
10822	114568	0.128	0.109	0.178	0.237
10822	114568	0.098	0.057	0.185	0.155
10822	114568	0.098	0.012	0.11	0.11
10822	114568	0.089	0.204	0.302	0.293
10822	114568	0.086	0.098	0.187	0.184
10822	114568	0.098	0.045	0.131	0.143
10822	114568	0.0	0.0	0.0	0.0
10822	114568	0.0	0.0	0.0	0.0
10822	114568	0.0	0.0	0.0	0.0
10822	114568	0.0	0.0	0.0	0.0
10822	114568	0.0	0.0	0.0	0.0
10822	114568	0.0	0.0	0.0	0.0
10822	114578	0.139	0.0	0.0	0.0
10822	114578	0.089	0.051	0.088	0.038
10822	114578	0.097	0.113	0.202	0.21
10822	114578	0.074	0.131	0.228	0.205
10822	114578	0.074	0.069	0.143	0.143
10822	114578	0.175	0.104	0.178	0.279
10822	114578	0.126	0.058	0.117	0.068
10822	114578	0.065	0.18	0.306	0.245
10822	114578	0.08	0.072	0.137	0.152
10822	114578	0.112	0.063	0.143	0.175
10822	114578	0.175	0.051	0.061	0.124
10822	114578	0.134	0.06	0.115	0.074
10822	114578	0.06	0.01	0.144	0.07
10822	114578	0.083	0.655	0.715	0.738
10822	114578	0.095	0.051	0.134	0.146
10822	114578	0.083	0.086	0.181	0.169
10822	114578	0.095	0.007	0.09	0.102
10822	114578	0.092	0.01	0.105	0.102
10822	114578	0.062	0.019	0.111	0.081
10822	114578	0.073	0.096	0.158	0.169
10822	114578	0.138	0.052	0.021	0.086
10822	114578	0.129	0.007	0.145	0.136
10822	114578	0.11	0.006	0.123	0.104
10822	114578	0.101	0.045	0.155	0.146
10822	114578	0.107	0.022	0.123	0.129
10822	114578	0.092	0.206	0.313	0.298
10822	114578	0.086	0.189	0.281	0.275
10822	114578	0.071	0.456	0.542	0.527
10822	114578	0.087	0.027	0.098	0.114
10822	114578	0.133	0.007	0.094	0.14
10822	114578	0.098	0.03	0.163	0.128
10822	114578	0.08	0.019	0.117	0.099
10822	114578	0.08	0.125	0.205	0.205
10822	114578	0.024	0.104	0.184	0.128
10822	114578	0.0	0.0	0.0	0.0
10822	114578	0.0	0.0	0.0	0.0
10822	114578	0.0	0.0	0.0	0.0
10822	114578	0.0	0.0	0.0	0.0
10822	114578	0.0	0.0	0.0	0.0
10822	114578	0.0	0.0	0.0	0.0
10822	114578	0.0	0.0	0.0	0.0
10822	114578	0.0	0.0	0.0	0.0
10822	114578	0.0	0.0	0.0	0.0
10822	114578	0.0	0.0	0.0	0.0
10822	114578	0.0	0.0	0.0	0.0
10822	114578	0.0	0.0	0.0	0.0
10822	114578	0.0	0.0	0.0	0.0
10822	114578	0.0	0.0	0.0	0.0
10822	114578	0.0	0.0	0.0	0.0
10822	114578	0.0	0.0	0.0	0.0
10822	114578	0.0	0.0	0.0	0.0
10822	114578	0.0	0.0	0.0	0.0
10822	114578	0.0	0.0	0.0	0.0
10822	114578	0.0	0.0	0.0	0.0
10822	114578	0.0	0.0	0.0	0.0
10822	114578	0.0	0.0	0.0	0.0
10822	114578	0.0	0.0	0.0	0.0
10822	114578	0.0	0.0	0.0	0.0
10822	114578	0.0	0.0	0.0	0.0
10822	114578	0.0	0.0	0.0	0.0
10822	114578	0.0	0.0	0.0	0.0
10822	114578	0.0	0.0	0.0	0.0
10822	114578	0.0	0.0	0.0	0.0
10822	114578	0.0	0.0	0.0	0.0
10822	114578	0.0	0.0	0.0	0.0
10822	114578	0.0	0.0	0.0	0.0
10822	114578	0.0	0.0	0.0	0.0
10822	114578	0.0	0.0	0.0	0.0
10822	114578	0.0	0.0	0.0	0.0
10822	114578	0.0	0.0	0.0	0.0
10822	114586	0.115	0.0	0.0	0.0
10822	114586	0.11	0.039	0.076	0.071
10822	114586	0.089	0.051	0.161	0.14
10822	114586	0.124	0.11	0.199	0.234
10822	114586	0.169	0.142	0.266	0.311
10822	114586	0.11	0.051	0.118	0.059
10822	114586	0.092	0.048	0.158	0.14
10822	114586	0.151	0.051	0.143	0.202
10822	114586	0.1	0.048	0.103	0.052
10822	114586	0.081	0.01	0.09	0.071
10822	114586	0.09	0.006	0.087	0.096
10822	114586	0.09	0.027	0.117	0.117
10822	114586	0.108	0.002	0.092	0.11
10822	114586	0.082	0.007	0.101	0.075
10822	114586	0.139	0.012	0.07	0.127
10822	114586	0.091	0.045	0.094	0.046
10822	114586	0.1	0.006	0.085	0.094
10822	114586	0.154	0.09	0.19	0.244
10822	114586	0.133	0.04	0.114	0.093
10822	114586	0.125	0.039	0.094	0.086
10822	114586	0.102	0.016	0.141	0.118
10822	114586	0.09	0.021	0.081	0.069
10822	114586	0.074	0.074	0.164	0.148
10822	114586	0.089	0.095	0.169	0.184
10822	114586	0.337	0.06	0.149	0.397
10822	114586	0.158	0.078	0.259	0.08
10822	114586	0.0	0.0	0.0	0.0
10822	114586	0.0	0.0	0.0	0.0
10822	114586	0.0	0.0	0.0	0.0
10822	114586	0.0	0.0	0.0	0.0
10822	114586	0.0	0.0	0.0	0.0
10822	114586	0.0	0.0	0.0	0.0
10822	114586	0.0	0.0	0.0	0.0
10822	114586	0.0	0.0	0.0	0.0
10822	114586	0.0	0.0	0.0	0.0
10822	114586	0.0	0.0	0.0	0.0
10822	114586	0.0	0.0	0.0	0.0
10822	114586	0.0	0.0	0.0	0.0
10822	114586	0.0	0.0	0.0	0.0
10822	114586	0.0	0.0	0.0	0.0
10822	114586	0.0	0.0	0.0	0.0
10822	114586	0.0	0.0	0.0	0.0
10822	114586	0.0	0.0	0.0	0.0
10822	114586	0.0	0.0	0.0	0.0
10822	114586	0.0	0.0	0.0	0.0
10822	114586	0.0	0.0	0.0	0.0
10822	114586	0.0	0.0	0.0	0.0
10822	114586	0.0	0.0	0.0	0.0
10822	114586	0.0	0.0	0.0	0.0
10822	114586	0.0	0.0	0.0	0.0
10822	114586	0.0	0.0	0.0	0.0
10822	114586	0.0	0.0	0.0	0.0
10822	114586	0.0	0.0	0.0	0.0
10822	114586	0.0	0.0	0.0	0.0
10822	114586	0.0	0.0	0.0	0.0
10822	114586	0.0	0.0	0.0	0.0
10822	114586	0.0	0.0	0.0	0.0
10822	114586	0.0	0.0	0.0	0.0
10822	114586	0.0	0.0	0.0	0.0
10822	114586	0.0	0.0	0.0	0.0
10822	114586	0.0	0.0	0.0	0.0
10822	114586	0.0	0.0	0.0	0.0
10822	114586	0.0	0.0	0.0	0.0
10822	114586	0.0	0.0	0.0	0.0
10822	114586	0.0	0.0	0.0	0.0
10822	114586	0.0	0.0	0.0	0.0
10822	114586	0.0	0.0	0.0	0.0
10822	114586	0.0	0.0	0.0	0.0
10822	114586	0.0	0.0	0.0	0.0
10822	114586	0.0	0.0	0.0	0.0
10822	114593	0.148	0.0	0.0	0.0
10822	114593	0.098	0.072	0.076	0.026
10822	114593	0.083	0.116	0.214	0.199
10822	114593	0.089	0.025	0.108	0.114
10822	114593	0.081	0.024	0.113	0.105
10822	114593	0.086	0.013	0.094	0.099
10822	114593	0.08	0.007	0.093	0.087
10822	114593	0.103	0.01	0.09	0.113
10822	114593	0.1	0.021	0.082	0.079
10822	114593	0.11	0.045	0.145	0.155
10822	114593	0.122	0.046	0.064	0.076
10822	114593	0.08	0.019	0.141	0.099
10822	114593	0.097	0.022	0.102	0.119
10822	114593	0.083	0.039	0.058	0.044
10822	114593	0.092	0.078	0.161	0.17
10822	114593	0.096	0.165	0.257	0.261
10822	114593	0.083	0.021	0.117	0.104
10822	114593	0.078	0.092	0.175	0.17
10822	114593	0.074	0.071	0.149	0.145
10822	114593	0.075	0.01	0.084	0.085
10822	114593	0.074	0.007	0.082	0.081
10822	114593	0.068	0.016	0.09	0.084
10822	114593	0.109	0.01	0.078	0.119
10822	114593	0.089	0.007	0.102	0.082
10822	114593	0.07	0.09	0.179	0.16
10822	114593	0.08	0.036	0.034	0.044
10822	114593	0.075	0.051	0.131	0.126
10822	114593	0.072	0.009	0.084	0.081
10822	114593	0.09	0.03	0.102	0.12
10822	114593	0.088	0.017	0.073	0.071
10822	114593	0.159	0.009	0.079	0.15
10822	114593	0.118	0.042	0.117	0.076
10822	114593	0.071	0.016	0.102	0.055
10822	114593	0.096	0.034	0.037	0.062
10822	114593	0.089	0.018	0.114	0.107
10822	114593	0.101	0.045	0.044	0.056
10822	114593	0.137	0.002	0.103	0.139
10822	114593	0.1	0.03	0.107	0.07
10822	114593	0.062	0.006	0.094	0.056
10822	114593	0.074	0.101	0.163	0.175
10822	114593	0.09	0.089	0.163	0.179
10822	114593	0.127	0.001	0.091	0.128
10822	114593	0.081	0.025	0.102	0.056
10822	114593	0.136	0.02	0.061	0.116
10822	114593	0.084	0.025	0.111	0.059
10822	114593	0.062	0.036	0.12	0.098
10822	114593	0.08	0.066	0.128	0.146
10822	114593	0.066	0.016	0.096	0.082
10822	114593	0.118	0.015	0.081	0.133
10822	114593	0.059	0.021	0.097	0.038
10822	114593	0.072	0.104	0.163	0.176
10822	114593	0.07	0.106	0.178	0.176
10822	114593	0.071	0.009	0.061	0.062
10822	114593	0.124	0.101	0.172	0.225
10822	114593	0.119	0.054	0.07	0.065
10822	114593	0.097	0.048	0.167	0.145
10822	114593	0.086	0.012	0.085	0.074
10822	114593	0.09	0.063	0.149	0.153
10822	114593	0.092	0.005	0.085	0.087
10822	114593	0.077	0.045	0.137	0.122
10822	114593	0.086	1.341	1.418	1.427
10822	114593	0.071	0.095	0.181	0.166
10822	114593	0.107	0.019	0.052	0.088
10822	114593	0.103	0.002	0.109	0.105
10822	114593	0.101	0.042	0.145	0.143
10822	114593	0.141	0.08	0.181	0.221
10822	114593	0.104	0.027	0.114	0.077
10822	114593	0.065	0.075	0.179	0.14
10822	114593	0.135	0.022	0.087	0.157
10822	114593	0.087	0.007	0.128	0.08
10822	114612	0.1	0.0	0.0	0.0
10822	114612	0.134	0.036	0.064	0.098
10822	114612	0.069	0.021	0.155	0.09
10822	114612	0.094	0.004	0.073	0.098
10822	114612	0.148	0.024	0.07	0.124
10822	114612	0.104	0.019	0.129	0.085
10822	114612	0.098	0.007	0.111	0.105
10822	114612	0.148	0.018	0.116	0.166
10822	114612	0.13	0.036	0.112	0.094
10822	114612	0.106	0.036	0.094	0.07
10822	114612	0.065	0.506	0.612	0.571
10822	114612	0.08	0.081	0.146	0.161
10822	114612	0.135	0.002	0.082	0.137
10822	114612	0.109	0.036	0.099	0.073
10822	114612	0.104	0.037	0.146	0.141
10822	114612	0.089	0.033	0.137	0.122
10822	114612	0.065	0.295	0.384	0.36
10822	114612	0.072	0.045	0.11	0.117
10822	114612	0.077	0.083	0.155	0.16
10822	114612	0.124	0.074	0.151	0.198
10822	114612	0.118	0.072	0.052	0.046
10822	114612	0.121	0.009	0.109	0.112
10822	114612	0.103	0.051	0.07	0.052
10822	114612	0.087	0.007	0.096	0.08
10822	114612	0.143	0.015	0.102	0.158
10822	114612	0.083	0.039	0.182	0.122
10822	114612	0.074	0.01	0.093	0.084
10822	114612	0.133	0.007	0.081	0.14
10822	114612	0.098	0.015	0.118	0.083
10822	114612	0.09	0.109	0.207	0.199
10822	114612	0.101	0.021	0.111	0.122
10822	114612	0.101	0.122	0.223	0.223
10822	114612	0.089	0.016	0.117	0.105
10822	114612	0.118	0.095	0.184	0.213
10822	114612	0.098	0.045	0.073	0.053
10822	114612	0.078	0.027	0.125	0.105
10822	114612	0.103	0.036	0.114	0.139
10822	114612	0.121	0.013	0.09	0.108
10822	114612	0.077	0.015	0.106	0.062
10822	114612	0.106	0.016	0.093	0.122
10822	114612	0.116	0.019	0.087	0.097
10822	114612	0.069	0.042	0.158	0.111
10822	114612	0.042	0.074	0.143	0.116
10822	114612	0.074	0.221	0.263	0.295
10822	114612	0.074	0.072	0.146	0.146
10822	114612	0.103	0.045	0.119	0.148
10822	114612	0.068	0.024	0.079	0.044
10822	114612	0.069	0.054	0.122	0.123
10822	114612	0.08	0.098	0.167	0.178
10822	114612	0.075	0.045	0.125	0.12
10822	114612	0.092	0.004	0.079	0.096
10822	114612	0.1	0.08	0.172	0.18
10822	114612	0.098	0.007	0.093	0.091
10822	114612	0.076	0.025	0.123	0.101
10822	114612	0.196	0.027	0.049	0.169
10822	114612	0.094	0.007	0.203	0.101
10822	114612	0.102	0.028	0.066	0.074
10822	114612	0.057	0.071	0.173	0.128
10822	114612	0.08	0.089	0.146	0.169
10822	114612	0.083	0.11	0.19	0.193
10822	114612	0.074	0.101	0.184	0.175
10822	114612	0.086	0.074	0.148	0.16
10822	114612	0.086	0.01	0.096	0.096
10822	114612	0.081	0.007	0.093	0.088
10822	114612	0.077	0.118	0.199	0.195
10822	114612	0.0	0.0	0.0	0.0
10822	114612	0.0	0.0	0.0	0.0
10822	114612	0.0	0.0	0.0	0.0
10822	114612	0.0	0.0	0.0	0.0
10822	114612	0.0	0.0	0.0	0.0
10822	114624	0.121	0.0	0.0	0.0
10822	114624	0.087	0.054	0.067	0.033
10822	114624	0.119	0.036	0.123	0.155
10822	114624	0.094	0.002	0.121	0.096
10822	114624	0.062	0.028	0.122	0.09
10822	114624	0.103	0.033	0.095	0.136
10822	114624	0.071	0.006	0.097	0.065
10822	114624	0.075	0.086	0.157	0.161
10822	114624	0.078	0.065	0.14	0.143
10822	114624	0.079	0.002	0.08	0.081
10822	114624	0.107	0.042	0.121	0.149
10822	114624	0.083	0.01	0.117	0.093
10822	114624	0.091	0.063	0.146	0.154
10822	114624	0.109	0.012	0.079	0.097
10822	114624	0.145	0.004	0.113	0.149
10822	114624	0.172	0.075	0.07	0.097
10822	114624	0.139	0.042	0.13	0.097
10822	114624	0.098	0.054	0.085	0.044
10822	114624	0.106	0.048	0.146	0.154
10822	114624	0.086	0.021	0.085	0.065
10822	114624	0.11	0.048	0.134	0.158
10822	114624	0.092	0.025	0.135	0.117
10822	114624	0.091	0.089	0.181	0.18
10822	114624	0.107	0.024	0.067	0.083
10822	114624	0.109	0.066	0.173	0.175
10822	114624	0.092	0.119	0.228	0.211
10822	114624	0.105	0.062	0.154	0.167
10822	114624	0.109	0.004	0.109	0.113
10822	114624	0.12	0.025	0.084	0.095
10822	114624	0.107	0.018	0.138	0.125
10822	114624	0.148	0.055	0.052	0.093
10822	114624	0.151	0.01	0.138	0.141
10822	114624	0.13	0.051	0.1	0.079
10822	114624	0.092	0.036	0.094	0.056
10822	114624	0.09	0.109	0.201	0.199
10822	114624	0.098	0.089	0.179	0.187
10822	114624	0.106	0.002	0.1	0.108
10822	114624	0.136	0.007	0.113	0.143
10822	114624	0.0	0.0	0.0	0.0
10822	114624	0.0	0.0	0.0	0.0
10822	114624	0.0	0.0	0.0	0.0
10822	114624	0.0	0.0	0.0	0.0
10822	114624	0.0	0.0	0.0	0.0
10822	114624	0.0	0.0	0.0	0.0
10822	114624	0.0	0.0	0.0	0.0
10822	114624	0.0	0.0	0.0	0.0
10822	114624	0.0	0.0	0.0	0.0
10822	114624	0.0	0.0	0.0	0.0
10822	114624	0.0	0.0	0.0	0.0
10822	114624	0.0	0.0	0.0	0.0
10822	114624	0.0	0.0	0.0	0.0
10822	114624	0.0	0.0	0.0	0.0
10822	114624	0.0	0.0	0.0	0.0
10822	114624	0.0	0.0	0.0	0.0
10822	114624	0.0	0.0	0.0	0.0
10822	114624	0.0	0.0	0.0	0.0
10822	114624	0.0	0.0	0.0	0.0
10822	114624	0.0	0.0	0.0	0.0
10822	114624	0.0	0.0	0.0	0.0
10822	114624	0.0	0.0	0.0	0.0
10822	114624	0.0	0.0	0.0	0.0
10822	114624	0.0	0.0	0.0	0.0
10822	114624	0.0	0.0	0.0	0.0
10822	114624	0.0	0.0	0.0	0.0
10822	114624	0.0	0.0	0.0	0.0
10822	114624	0.0	0.0	0.0	0.0
10822	114624	0.0	0.0	0.0	0.0
10822	114624	0.0	0.0	0.0	0.0
10822	114624	0.0	0.0	0.0	0.0
10822	114624	0.0	0.0	0.0	0.0
