PARTICIPANT_ID	TEST_SECTION_ID	HOLD_LATENCY	INTERKEY_LATENCY	PRESS_LATENCY	RELEASE_LATENCY
11397	120945	0.234	0.0	0.0	0.0
11397	120945	0.096	0.062	0.172	0.034
11397	120945	0.104	0.11	0.206	0.214
11397	120945	0.108	0.141	0.245	0.249
11397	120945	0.113	0.204	0.312	0.317
11397	120945	0.119	0.047	0.16	0.166
11397	120945	0.109	0.725	0.844	0.834
11397	120945	0.109	0.141	0.25	0.25
11397	120945	0.092	0.109	0.218	0.201
11397	120945	0.109	0.391	0.483	0.5
11397	120945	0.108	0.125	0.234	0.233
11397	120945	0.081	0.089	0.197	0.17
11397	120945	0.101	0.995	1.076	1.096
11397	120945	0.11	0.157	0.258	0.267
11397	120945	0.093	0.157	0.267	0.25
11397	120945	0.152	0.109	0.202	0.261
11397	120945	0.037	0.062	0.214	0.099
11397	120945	0.104	0.152	0.189	0.256
11397	120945	0.062	0.141	0.245	0.203
11397	120945	0.079	0.188	0.25	0.267
11397	120945	0.084	0.58	0.659	0.664
11397	120945	0.12	0.046	0.13	0.166
11397	120945	0.101	0.0	0.12	0.101
11397	120945	0.113	0.254	0.355	0.367
11397	120945	0.115	0.501	0.614	0.616
11397	120945	0.1	0.25	0.365	0.35
11397	120945	0.109	0.157	0.257	0.266
11397	120945	0.076	1.394	1.503	1.47
11397	120945	0.099	3.016	3.092	3.115
11397	120945	0.059	0.109	0.208	0.168
11397	120945	0.0	0.0	0.0	0.0
11397	120945	0.0	0.0	0.0	0.0
11397	120945	0.0	0.0	0.0	0.0
11397	120945	0.0	0.0	0.0	0.0
11397	120945	0.0	0.0	0.0	0.0
11397	120945	0.0	0.0	0.0	0.0
11397	120945	0.0	0.0	0.0	0.0
11397	120945	0.0	0.0	0.0	0.0
11397	120945	0.0	0.0	0.0	0.0
11397	120945	0.0	0.0	0.0	0.0
11397	120945	0.0	0.0	0.0	0.0
11397	120945	0.0	0.0	0.0	0.0
11397	120945	0.0	0.0	0.0	0.0
11397	120945	0.0	0.0	0.0	0.0
11397	120945	0.0	0.0	0.0	0.0
11397	120945	0.0	0.0	0.0	0.0
11397	120945	0.0	0.0	0.0	0.0
11397	120945	0.0	0.0	0.0	0.0
11397	120945	0.0	0.0	0.0	0.0
11397	120945	0.0	0.0	0.0	0.0
11397	120945	0.0	0.0	0.0	0.0
11397	120945	0.0	0.0	0.0	0.0
11397	120945	0.0	0.0	0.0	0.0
11397	120945	0.0	0.0	0.0	0.0
11397	120945	0.0	0.0	0.0	0.0
11397	120945	0.0	0.0	0.0	0.0
11397	120945	0.0	0.0	0.0	0.0
11397	120945	0.0	0.0	0.0	0.0
11397	120945	0.0	0.0	0.0	0.0
11397	120945	0.0	0.0	0.0	0.0
11397	120945	0.0	0.0	0.0	0.0
11397	120945	0.0	0.0	0.0	0.0
11397	120945	0.0	0.0	0.0	0.0
11397	120945	0.0	0.0	0.0	0.0
11397	120945	0.0	0.0	0.0	0.0
11397	120945	0.0	0.0	0.0	0.0
11397	120945	0.0	0.0	0.0	0.0
11397	120945	0.0	0.0	0.0	0.0
11397	120945	0.0	0.0	0.0	0.0
11397	120945	0.0	0.0	0.0	0.0
11397	121087	0.439	0.0	0.0	0.0
11397	121087	0.102	0.071	0.368	0.031
11397	121087	0.111	0.157	0.259	0.268
11397	121087	0.108	0.094	0.205	0.202
11397	121087	0.156	0.36	0.468	0.516
11397	121087	0.135	0.063	0.219	0.198
11397	121087	0.106	0.078	0.213	0.184
11397	121087	0.093	0.457	0.563	0.55
11397	121087	0.074	0.078	0.171	0.152
11397	121087	0.107	0.125	0.199	0.232
11397	121087	0.113	0.12	0.227	0.233
11397	121087	0.103	0.448	0.561	0.551
11397	121087	0.107	0.058	0.161	0.165
11397	121087	0.151	0.33	0.437	0.481
11397	121087	0.179	1.269	1.42	1.448
11397	121087	0.1	0.704	0.883	0.804
11397	121087	0.118	0.549	0.649	0.667
11397	121087	0.148	0.0	0.118	0.148
11397	121087	0.107	0.045	0.193	0.152
11397	121087	0.07	0.25	0.357	0.32
11397	121087	0.153	0.375	0.445	0.528
11397	121087	0.121	0.063	0.216	0.184
11397	121087	0.106	1.13	1.251	1.236
11397	121087	0.149	0.547	0.653	0.696
11397	121087	0.112	0.076	0.225	0.188
11397	121087	0.102	0.079	0.191	0.181
11397	121087	0.112	0.157	0.259	0.269
11397	121087	0.077	0.922	1.034	0.999
11397	121087	0.1	0.533	0.61	0.633
11397	121087	0.109	0.108	0.208	0.217
11397	121087	0.06	0.626	0.735	0.686
11397	121087	0.108	0.187	0.247	0.295
11397	121087	0.117	1.317	1.425	1.434
11397	121087	0.109	0.125	0.242	0.234
11397	121087	0.144	0.721	0.83	0.865
11397	121087	0.117	0.218	0.362	0.335
11397	121087	0.107	0.125	0.242	0.232
11397	121087	0.109	0.125	0.232	0.234
11397	121087	0.102	0.016	0.125	0.118
11397	121087	0.106	0.844	0.946	0.95
11397	121087	0.104	0.047	0.153	0.151
11397	121087	0.07	1.114	1.218	1.184
11397	121087	0.119	0.078	0.148	0.197
11397	121087	0.062	0.125	0.244	0.187
11397	121087	0.106	0.109	0.171	0.215
11397	121087	0.114	0.234	0.34	0.348
11397	121087	0.068	0.235	0.349	0.303
11397	121087	0.075	0.407	0.475	0.482
11397	121087	0.073	0.078	0.153	0.151
11397	121087	0.08	0.386	0.459	0.466
11397	121087	0.073	0.845	0.925	0.918
11397	121087	0.0	0.0	0.0	0.0
11397	121087	0.0	0.0	0.0	0.0
11397	121087	0.0	0.0	0.0	0.0
11397	121087	0.0	0.0	0.0	0.0
11397	121087	0.0	0.0	0.0	0.0
11397	121087	0.0	0.0	0.0	0.0
11397	121087	0.0	0.0	0.0	0.0
11397	121087	0.0	0.0	0.0	0.0
11397	121087	0.0	0.0	0.0	0.0
11397	121087	0.0	0.0	0.0	0.0
11397	121087	0.0	0.0	0.0	0.0
11397	121087	0.0	0.0	0.0	0.0
11397	121087	0.0	0.0	0.0	0.0
11397	121087	0.0	0.0	0.0	0.0
11397	121087	0.0	0.0	0.0	0.0
11397	121087	0.0	0.0	0.0	0.0
11397	121087	0.0	0.0	0.0	0.0
11397	121087	0.0	0.0	0.0	0.0
11397	121087	0.0	0.0	0.0	0.0
11397	121133	0.5	0.0	0.0	0.0
11397	121133	0.121	0.074	0.426	0.047
11397	121133	0.108	0.109	0.23	0.217
11397	121133	0.102	0.265	0.373	0.367
11397	121133	0.095	0.156	0.258	0.251
11397	121133	0.109	0.691	0.786	0.8
11397	121133	0.069	1.065	1.174	1.134
11397	121133	0.594	0.266	0.335	0.86
11397	121133	0.073	0.202	0.392	0.129
11397	121133	0.117	1.1	1.173	1.217
11397	121133	0.077	0.36	0.477	0.437
11397	121133	0.062	0.438	0.515	0.5
11397	121133	0.11	0.187	0.249	0.297
11397	121133	0.103	0.813	0.923	0.916
11397	121133	0.069	0.266	0.369	0.335
11397	121133	0.15	0.047	0.116	0.197
11397	121133	0.071	0.0	0.15	0.071
11397	121133	0.11	0.172	0.243	0.282
11397	121133	0.098	1.034	1.144	1.132
11397	121133	0.108	0.109	0.207	0.217
11397	121133	0.07	0.281	0.389	0.351
11397	121133	0.064	0.171	0.241	0.235
11397	121133	0.073	0.109	0.173	0.182
11397	121133	0.741	0.675	0.748	1.416
11397	121133	0.099	0.099	0.642	0.0
11397	121133	0.067	0.234	0.333	0.301
11397	121133	0.108	0.156	0.223	0.264
11397	121133	0.104	0.446	0.554	0.55
11397	121133	0.116	0.0	0.104	0.116
11397	121133	0.062	0.026	0.142	0.088
11397	121133	0.069	0.211	0.273	0.28
11397	121133	0.073	0.613	0.682	0.686
11397	121133	0.103	0.094	0.167	0.197
11397	121133	0.11	0.156	0.259	0.266
11397	121133	0.105	0.297	0.407	0.402
11397	121133	0.101	0.031	0.136	0.132
11397	121133	0.097	0.737	0.838	0.834
11397	121133	0.075	0.109	0.206	0.184
11397	121133	0.074	0.094	0.169	0.168
11397	121133	0.069	0.214	0.288	0.283
11397	121133	0.077	0.406	0.475	0.483
11397	121133	0.0	0.0	0.0	0.0
11397	121133	0.0	0.0	0.0	0.0
11397	121133	0.0	0.0	0.0	0.0
11397	121133	0.0	0.0	0.0	0.0
11397	121133	0.0	0.0	0.0	0.0
11397	121133	0.0	0.0	0.0	0.0
11397	121133	0.0	0.0	0.0	0.0
11397	121133	0.0	0.0	0.0	0.0
11397	121133	0.0	0.0	0.0	0.0
11397	121133	0.0	0.0	0.0	0.0
11397	121133	0.0	0.0	0.0	0.0
11397	121133	0.0	0.0	0.0	0.0
11397	121133	0.0	0.0	0.0	0.0
11397	121133	0.0	0.0	0.0	0.0
11397	121133	0.0	0.0	0.0	0.0
11397	121133	0.0	0.0	0.0	0.0
11397	121133	0.0	0.0	0.0	0.0
11397	121133	0.0	0.0	0.0	0.0
11397	121133	0.0	0.0	0.0	0.0
11397	121133	0.0	0.0	0.0	0.0
11397	121133	0.0	0.0	0.0	0.0
11397	121133	0.0	0.0	0.0	0.0
11397	121133	0.0	0.0	0.0	0.0
11397	121133	0.0	0.0	0.0	0.0
11397	121133	0.0	0.0	0.0	0.0
11397	121133	0.0	0.0	0.0	0.0
11397	121133	0.0	0.0	0.0	0.0
11397	121133	0.0	0.0	0.0	0.0
11397	121133	0.0	0.0	0.0	0.0
11397	121165	0.207	0.0	0.0	0.0
11397	121165	0.112	0.097	0.11	0.015
11397	121165	0.119	0.047	0.159	0.166
11397	121165	0.106	0.062	0.181	0.168
11397	121165	0.116	0.516	0.622	0.632
11397	121165	0.1	0.0	0.116	0.1
11397	121165	0.109	0.092	0.192	0.201
11397	121165	0.106	0.11	0.219	0.216
11397	121165	0.104	0.063	0.169	0.167
11397	121165	0.105	0.861	0.965	0.966
11397	121165	0.066	0.172	0.277	0.238
11397	121165	0.075	0.074	0.14	0.149
11397	121165	0.059	0.125	0.2	0.184
11397	121165	0.106	0.14	0.199	0.246
11397	121165	0.096	0.721	0.827	0.817
11397	121165	0.072	0.23	0.326	0.302
11397	121165	0.066	0.151	0.223	0.217
11397	121165	0.105	1.177	1.243	1.282
11397	121165	0.064	0.704	0.809	0.768
11397	121165	0.136	0.094	0.158	0.23
11397	121165	0.059	0.328	0.464	0.387
11397	121165	0.104	0.027	0.086	0.131
11397	121165	0.116	0.25	0.354	0.366
11397	121165	0.078	0.14	0.256	0.218
11397	121165	0.068	0.217	0.295	0.285
11397	121165	0.139	0.391	0.459	0.53
11397	121165	0.112	0.155	0.294	0.267
11397	121165	0.077	0.109	0.221	0.186
11397	121165	0.07	0.063	0.14	0.133
11397	121165	0.098	1.05	1.12	1.148
11397	121165	0.074	0.078	0.176	0.152
11397	121165	0.097	0.119	0.193	0.216
11397	121165	0.078	0.672	0.769	0.75
11397	121165	0.146	0.016	0.094	0.162
11397	121165	0.065	0.391	0.537	0.456
11397	121165	0.102	0.062	0.127	0.164
11397	121165	0.065	0.12	0.222	0.185
11397	121165	0.102	0.579	0.644	0.681
11397	121165	0.074	0.047	0.149	0.121
11397	121165	0.115	1.081	1.155	1.196
11397	121165	0.077	0.109	0.224	0.186
11397	121165	0.075	0.073	0.15	0.148
11397	121165	0.102	0.315	0.39	0.417
11397	121165	0.075	0.062	0.164	0.137
11397	121165	0.069	0.562	0.637	0.631
11397	121165	0.149	0.047	0.116	0.196
11397	121165	0.07	0.199	0.348	0.269
11397	121165	0.144	0.17	0.24	0.314
11397	121165	0.076	0.078	0.222	0.154
11397	121165	0.073	0.643	0.719	0.716
11397	121165	0.07	0.063	0.136	0.133
11397	121165	0.066	0.785	0.855	0.851
11397	121165	0.0	0.0	0.0	0.0
11397	121165	0.0	0.0	0.0	0.0
11397	121165	0.0	0.0	0.0	0.0
11397	121165	0.0	0.0	0.0	0.0
11397	121165	0.0	0.0	0.0	0.0
11397	121165	0.0	0.0	0.0	0.0
11397	121165	0.0	0.0	0.0	0.0
11397	121165	0.0	0.0	0.0	0.0
11397	121165	0.0	0.0	0.0	0.0
11397	121165	0.0	0.0	0.0	0.0
11397	121165	0.0	0.0	0.0	0.0
11397	121165	0.0	0.0	0.0	0.0
11397	121165	0.0	0.0	0.0	0.0
11397	121165	0.0	0.0	0.0	0.0
11397	121165	0.0	0.0	0.0	0.0
11397	121165	0.0	0.0	0.0	0.0
11397	121165	0.0	0.0	0.0	0.0
11397	121165	0.0	0.0	0.0	0.0
11397	121208	0.407	0.0	0.0	0.0
11397	121208	0.111	0.079	0.328	0.032
11397	121208	0.094	0.172	0.283	0.266
11397	121208	0.148	0.015	0.109	0.163
11397	121208	0.072	0.0	0.148	0.072
11397	121208	0.063	0.221	0.293	0.284
11397	121208	0.084	0.581	0.644	0.665
11397	121208	0.139	0.109	0.193	0.248
11397	121208	0.104	0.031	0.17	0.135
11397	121208	0.061	0.907	1.011	0.968
11397	121208	0.108	0.172	0.233	0.28
11397	121208	0.109	0.058	0.166	0.167
11397	121208	0.07	0.0	0.109	0.07
11397	121208	0.097	0.317	0.387	0.414
11397	121208	0.058	0.328	0.425	0.386
11397	121208	0.103	0.078	0.136	0.181
11397	121208	0.111	0.188	0.291	0.299
11397	121208	0.106	0.078	0.189	0.184
11397	121208	0.044	0.109	0.215	0.153
11397	121208	0.116	0.597	0.641	0.713
11397	121208	0.115	0.501	0.617	0.616
11397	121208	0.102	0.016	0.131	0.118
11397	121208	0.068	1.067	1.169	1.135
11397	121208	0.067	0.298	0.366	0.365
11397	121208	0.07	0.13	0.197	0.2
11397	121208	0.116	0.566	0.636	0.682
11397	121208	0.078	0.125	0.241	0.203
11397	121208	0.082	0.14	0.218	0.222
11397	121208	0.079	0.183	0.265	0.262
11397	121208	0.102	0.245	0.324	0.347
11397	121208	0.083	0.031	0.133	0.114
11397	121208	0.077	0.662	0.745	0.739
11397	121208	0.072	0.094	0.171	0.166
11397	121208	0.104	0.077	0.149	0.181
11397	121208	0.105	0.187	0.291	0.292
11397	121208	0.111	0.033	0.138	0.144
11397	121208	0.074	0.125	0.236	0.199
11397	121208	0.059	0.225	0.299	0.284
11397	121208	0.099	0.534	0.593	0.633
11397	121208	0.103	0.296	0.395	0.399
11397	121208	0.115	0.234	0.337	0.349
11397	121208	0.115	0.534	0.649	0.649
11397	121208	0.122	0.062	0.177	0.184
11397	121208	0.113	0.153	0.275	0.266
11397	121208	0.12	0.548	0.661	0.668
11397	121208	0.106	0.109	0.229	0.215
11397	121208	0.069	0.535	0.641	0.604
11397	121208	0.075	0.157	0.226	0.232
11397	121208	0.08	0.355	0.43	0.435
11397	121208	0.0	0.0	0.0	0.0
11397	121208	0.0	0.0	0.0	0.0
11397	121208	0.0	0.0	0.0	0.0
11397	121208	0.0	0.0	0.0	0.0
11397	121208	0.0	0.0	0.0	0.0
11397	121208	0.0	0.0	0.0	0.0
11397	121208	0.0	0.0	0.0	0.0
11397	121208	0.0	0.0	0.0	0.0
11397	121208	0.0	0.0	0.0	0.0
11397	121208	0.0	0.0	0.0	0.0
11397	121208	0.0	0.0	0.0	0.0
11397	121208	0.0	0.0	0.0	0.0
11397	121208	0.0	0.0	0.0	0.0
11397	121208	0.0	0.0	0.0	0.0
11397	121208	0.0	0.0	0.0	0.0
11397	121208	0.0	0.0	0.0	0.0
11397	121208	0.0	0.0	0.0	0.0
11397	121208	0.0	0.0	0.0	0.0
11397	121208	0.0	0.0	0.0	0.0
11397	121208	0.0	0.0	0.0	0.0
11397	121208	0.0	0.0	0.0	0.0
11397	121251	0.437	0.0	0.0	0.0
11397	121251	0.07	0.044	0.393	0.026
11397	121251	0.105	0.094	0.164	0.199
11397	121251	0.062	0.172	0.277	0.234
11397	121251	0.106	0.125	0.187	0.231
11397	121251	0.104	0.079	0.185	0.183
11397	121251	0.093	0.075	0.179	0.168
11397	121251	0.12	0.062	0.155	0.182
11397	121251	0.106	0.611	0.731	0.717
11397	121251	0.119	0.281	0.387	0.4
11397	121251	0.132	0.016	0.135	0.148
11397	121251	0.102	0.016	0.148	0.118
11397	121251	0.065	0.188	0.29	0.253
11397	121251	0.077	0.69	0.755	0.767
11397	121251	0.062	0.171	0.248	0.233
11397	121251	0.105	0.094	0.156	0.199
11397	121251	0.1	0.25	0.355	0.35
11397	121251	0.079	0.089	0.189	0.168
11397	121251	0.072	0.078	0.157	0.15
11397	121251	0.108	0.172	0.244	0.28
11397	121251	0.067	0.536	0.644	0.603
11397	121251	0.103	0.494	0.561	0.597
11397	121251	0.105	0.062	0.165	0.167
11397	121251	0.107	0.893	0.998	1.0
11397	121251	0.105	0.078	0.185	0.183
11397	121251	0.117	1.333	1.438	1.45
11397	121251	0.105	0.047	0.164	0.152
11397	121251	0.115	0.266	0.371	0.381
11397	121251	0.11	0.074	0.189	0.184
11397	121251	0.149	0.015	0.125	0.164
11397	121251	0.075	0.031	0.18	0.106
11397	121251	0.072	0.812	0.887	0.884
11397	121251	0.071	0.078	0.15	0.149
11397	121251	0.103	0.245	0.316	0.348
11397	121251	0.061	0.407	0.51	0.468
11397	121251	0.071	0.313	0.374	0.384
11397	121251	0.07	0.579	0.65	0.649
11397	121251	0.068	0.266	0.336	0.334
11397	121251	0.062	0.088	0.156	0.15
11397	121251	0.078	0.188	0.25	0.266
11397	121251	0.071	1.096	1.174	1.167
11397	121251	0.073	0.093	0.164	0.166
11397	121251	0.106	0.094	0.167	0.2
11397	121251	0.069	0.515	0.621	0.584
11397	121251	0.101	0.047	0.116	0.148
11397	121251	0.067	0.534	0.635	0.601
11397	121251	0.0	0.0	0.0	0.0
11397	121251	0.0	0.0	0.0	0.0
11397	121251	0.0	0.0	0.0	0.0
11397	121251	0.0	0.0	0.0	0.0
11397	121251	0.0	0.0	0.0	0.0
11397	121251	0.0	0.0	0.0	0.0
11397	121251	0.0	0.0	0.0	0.0
11397	121251	0.0	0.0	0.0	0.0
11397	121251	0.0	0.0	0.0	0.0
11397	121251	0.0	0.0	0.0	0.0
11397	121251	0.0	0.0	0.0	0.0
11397	121251	0.0	0.0	0.0	0.0
11397	121251	0.0	0.0	0.0	0.0
11397	121251	0.0	0.0	0.0	0.0
11397	121251	0.0	0.0	0.0	0.0
11397	121251	0.0	0.0	0.0	0.0
11397	121251	0.0	0.0	0.0	0.0
11397	121251	0.0	0.0	0.0	0.0
11397	121251	0.0	0.0	0.0	0.0
11397	121251	0.0	0.0	0.0	0.0
11397	121251	0.0	0.0	0.0	0.0
11397	121251	0.0	0.0	0.0	0.0
11397	121251	0.0	0.0	0.0	0.0
11397	121251	0.0	0.0	0.0	0.0
11397	121284	0.463	0.0	0.0	0.0
11397	121284	0.134	0.134	0.329	0.0
11397	121284	0.115	0.203	0.337	0.318
11397	121284	0.101	0.266	0.381	0.367
11397	121284	0.118	0.031	0.132	0.149
11397	121284	0.121	0.846	0.964	0.967
11397	121284	0.054	0.215	0.336	0.269
11397	121284	0.071	0.079	0.133	0.15
11397	121284	0.077	0.156	0.227	0.233
11397	121284	0.073	0.094	0.171	0.167
11397	121284	0.098	0.767	0.84	0.865
11397	121284	0.07	0.233	0.331	0.303
11397	121284	0.121	0.125	0.195	0.246
11397	121284	0.098	0.486	0.607	0.584
11397	121284	0.071	0.031	0.129	0.102
11397	121284	0.061	1.039	1.11	1.1
11397	121284	0.112	0.153	0.214	0.265
11397	121284	0.067	0.218	0.33	0.285
11397	121284	0.064	0.203	0.27	0.267
11397	121284	0.072	0.094	0.158	0.166
11397	121284	0.073	0.11	0.182	0.183
11397	121284	0.107	0.042	0.115	0.149
11397	121284	0.114	0.719	0.826	0.833
11397	121284	0.103	0.565	0.679	0.668
11397	121284	0.257	0.094	0.197	0.351
11397	121284	0.101	0.07	0.187	0.031
11397	121284	0.0	0.0	0.0	0.0
11397	121284	0.0	0.0	0.0	0.0
11397	121284	0.0	0.0	0.0	0.0
11397	121284	0.0	0.0	0.0	0.0
11397	121284	0.0	0.0	0.0	0.0
11397	121284	0.0	0.0	0.0	0.0
11397	121284	0.0	0.0	0.0	0.0
11397	121284	0.0	0.0	0.0	0.0
11397	121284	0.0	0.0	0.0	0.0
11397	121284	0.0	0.0	0.0	0.0
11397	121284	0.0	0.0	0.0	0.0
11397	121284	0.0	0.0	0.0	0.0
11397	121284	0.0	0.0	0.0	0.0
11397	121284	0.0	0.0	0.0	0.0
11397	121284	0.0	0.0	0.0	0.0
11397	121284	0.0	0.0	0.0	0.0
11397	121284	0.0	0.0	0.0	0.0
11397	121284	0.0	0.0	0.0	0.0
11397	121284	0.0	0.0	0.0	0.0
11397	121284	0.0	0.0	0.0	0.0
11397	121284	0.0	0.0	0.0	0.0
11397	121284	0.0	0.0	0.0	0.0
11397	121284	0.0	0.0	0.0	0.0
11397	121284	0.0	0.0	0.0	0.0
11397	121284	0.0	0.0	0.0	0.0
11397	121284	0.0	0.0	0.0	0.0
11397	121284	0.0	0.0	0.0	0.0
11397	121284	0.0	0.0	0.0	0.0
11397	121284	0.0	0.0	0.0	0.0
11397	121284	0.0	0.0	0.0	0.0
11397	121284	0.0	0.0	0.0	0.0
11397	121284	0.0	0.0	0.0	0.0
11397	121284	0.0	0.0	0.0	0.0
11397	121284	0.0	0.0	0.0	0.0
11397	121284	0.0	0.0	0.0	0.0
11397	121284	0.0	0.0	0.0	0.0
11397	121284	0.0	0.0	0.0	0.0
11397	121284	0.0	0.0	0.0	0.0
11397	121284	0.0	0.0	0.0	0.0
11397	121284	0.0	0.0	0.0	0.0
11397	121284	0.0	0.0	0.0	0.0
11397	121284	0.0	0.0	0.0	0.0
11397	121284	0.0	0.0	0.0	0.0
11397	121284	0.0	0.0	0.0	0.0
11397	121308	0.383	0.0	0.0	0.0
11397	121308	0.069	0.069	0.314	0.0
11397	121308	0.106	0.125	0.194	0.231
11397	121308	0.109	0.141	0.247	0.25
11397	121308	0.103	0.815	0.924	0.918
11397	121308	0.061	0.14	0.243	0.201
11397	121308	0.068	0.232	0.293	0.3
11397	121308	0.103	0.094	0.162	0.197
11397	121308	0.073	0.079	0.182	0.152
11397	121308	0.058	0.375	0.448	0.433
11397	121308	0.103	1.146	1.204	1.249
11397	121308	0.105	0.078	0.181	0.183
11397	121308	0.068	0.234	0.339	0.302
11397	121308	0.068	0.25	0.318	0.318
11397	121308	0.063	0.203	0.271	0.266
11397	121308	0.116	0.581	0.644	0.697
11397	121308	0.109	0.276	0.392	0.385
11397	121308	0.131	0.016	0.125	0.147
11397	121308	0.066	0.172	0.303	0.238
11397	121308	0.063	0.219	0.285	0.282
11397	121308	0.102	0.313	0.376	0.415
11397	121308	0.071	0.23	0.332	0.301
11397	121308	0.11	0.69	0.761	0.8
11397	121308	0.068	0.234	0.344	0.302
11397	121308	0.107	0.156	0.224	0.263
11397	121308	0.103	0.032	0.139	0.135
11397	121308	0.104	1.028	1.131	1.132
11397	121308	0.101	0.0	0.104	0.101
11397	121308	0.112	0.187	0.288	0.299
11397	121308	0.109	0.141	0.253	0.25
11397	121308	0.068	0.533	0.642	0.601
11397	121308	0.069	0.233	0.301	0.302
11397	121308	0.073	0.078	0.147	0.151
11397	121308	0.078	0.253	0.326	0.331
11397	121308	0.075	0.659	0.737	0.734
11397	121308	0.068	0.282	0.357	0.35
11397	121308	0.077	0.106	0.174	0.183
11397	121308	0.12	0.094	0.171	0.214
11397	121308	0.0	0.0	0.0	0.0
11397	121308	0.0	0.0	0.0	0.0
11397	121308	0.0	0.0	0.0	0.0
11397	121308	0.0	0.0	0.0	0.0
11397	121308	0.0	0.0	0.0	0.0
11397	121308	0.0	0.0	0.0	0.0
11397	121308	0.0	0.0	0.0	0.0
11397	121308	0.0	0.0	0.0	0.0
11397	121308	0.0	0.0	0.0	0.0
11397	121308	0.0	0.0	0.0	0.0
11397	121308	0.0	0.0	0.0	0.0
11397	121308	0.0	0.0	0.0	0.0
11397	121308	0.0	0.0	0.0	0.0
11397	121308	0.0	0.0	0.0	0.0
11397	121308	0.0	0.0	0.0	0.0
11397	121308	0.0	0.0	0.0	0.0
11397	121308	0.0	0.0	0.0	0.0
11397	121308	0.0	0.0	0.0	0.0
11397	121308	0.0	0.0	0.0	0.0
11397	121308	0.0	0.0	0.0	0.0
11397	121308	0.0	0.0	0.0	0.0
11397	121308	0.0	0.0	0.0	0.0
11397	121308	0.0	0.0	0.0	0.0
11397	121308	0.0	0.0	0.0	0.0
11397	121308	0.0	0.0	0.0	0.0
11397	121308	0.0	0.0	0.0	0.0
11397	121308	0.0	0.0	0.0	0.0
11397	121308	0.0	0.0	0.0	0.0
11397	121308	0.0	0.0	0.0	0.0
11397	121308	0.0	0.0	0.0	0.0
11397	121308	0.0	0.0	0.0	0.0
11397	121308	0.0	0.0	0.0	0.0
11397	121333	0.398	0.0	0.0	0.0
11397	121333	0.101	0.069	0.329	0.032
11397	121333	0.106	0.093	0.194	0.199
11397	121333	0.109	0.109	0.215	0.218
11397	121333	0.069	0.266	0.375	0.335
11397	121333	0.066	0.118	0.187	0.184
11397	121333	0.078	0.971	1.037	1.049
11397	121333	0.106	0.109	0.187	0.215
11397	121333	0.116	0.0	0.106	0.116
11397	121333	0.056	0.047	0.163	0.103
11397	121333	0.11	0.188	0.244	0.298
11397	121333	0.078	0.673	0.783	0.751
11397	121333	0.106	0.093	0.171	0.199
11397	121333	0.074	0.411	0.517	0.485
11397	121333	0.146	0.533	0.607	0.679
11397	121333	0.098	0.187	0.333	0.285
11397	121333	0.077	0.125	0.223	0.202
11397	121333	0.066	0.135	0.212	0.201
11397	121333	0.062	0.438	0.504	0.5
11397	121333	0.08	0.219	0.281	0.299
11397	121333	0.098	0.768	0.848	0.866
11397	121333	0.062	0.156	0.254	0.218
11397	121333	0.107	0.14	0.202	0.247
11397	121333	0.102	0.156	0.263	0.258
11397	121333	0.064	0.031	0.133	0.095
11397	121333	0.135	0.627	0.691	0.762
11397	121333	0.082	0.171	0.306	0.253
11397	121333	0.113	0.136	0.218	0.249
11397	121333	0.075	0.078	0.191	0.153
11397	121333	0.102	0.112	0.187	0.214
11397	121333	0.058	0.477	0.579	0.535
11397	121333	0.0	0.0	0.0	0.0
11397	121333	0.0	0.0	0.0	0.0
11397	121333	0.0	0.0	0.0	0.0
11397	121333	0.0	0.0	0.0	0.0
11397	121333	0.0	0.0	0.0	0.0
11397	121333	0.0	0.0	0.0	0.0
11397	121333	0.0	0.0	0.0	0.0
11397	121333	0.0	0.0	0.0	0.0
11397	121333	0.0	0.0	0.0	0.0
11397	121333	0.0	0.0	0.0	0.0
11397	121333	0.0	0.0	0.0	0.0
11397	121333	0.0	0.0	0.0	0.0
11397	121333	0.0	0.0	0.0	0.0
11397	121333	0.0	0.0	0.0	0.0
11397	121333	0.0	0.0	0.0	0.0
11397	121333	0.0	0.0	0.0	0.0
11397	121333	0.0	0.0	0.0	0.0
11397	121333	0.0	0.0	0.0	0.0
11397	121333	0.0	0.0	0.0	0.0
11397	121333	0.0	0.0	0.0	0.0
11397	121333	0.0	0.0	0.0	0.0
11397	121333	0.0	0.0	0.0	0.0
11397	121333	0.0	0.0	0.0	0.0
11397	121333	0.0	0.0	0.0	0.0
11397	121333	0.0	0.0	0.0	0.0
11397	121333	0.0	0.0	0.0	0.0
11397	121333	0.0	0.0	0.0	0.0
11397	121333	0.0	0.0	0.0	0.0
11397	121333	0.0	0.0	0.0	0.0
11397	121333	0.0	0.0	0.0	0.0
11397	121333	0.0	0.0	0.0	0.0
11397	121333	0.0	0.0	0.0	0.0
11397	121333	0.0	0.0	0.0	0.0
11397	121333	0.0	0.0	0.0	0.0
11397	121333	0.0	0.0	0.0	0.0
11397	121333	0.0	0.0	0.0	0.0
11397	121333	0.0	0.0	0.0	0.0
11397	121333	0.0	0.0	0.0	0.0
11397	121333	0.0	0.0	0.0	0.0
11397	121353	0.707	0.0	0.0	0.0
11397	121353	0.111	0.111	0.596	0.0
11397	121353	0.134	0.031	0.142	0.165
11397	121353	0.067	0.203	0.337	0.27
11397	121353	0.059	0.492	0.559	0.551
11397	121353	0.106	0.125	0.184	0.231
11397	121353	0.08	0.089	0.195	0.169
11397	121353	0.071	0.846	0.926	0.917
11397	121353	0.116	0.031	0.102	0.147
11397	121353	0.068	0.266	0.382	0.334
11397	121353	0.079	0.156	0.224	0.235
11397	121353	0.068	1.066	1.145	1.134
11397	121353	0.082	0.533	0.601	0.615
11397	121353	0.062	0.157	0.239	0.219
11397	121353	0.105	0.109	0.171	0.214
11397	121353	0.106	0.126	0.231	0.232
11397	121353	0.064	0.104	0.21	0.168
11397	121353	0.062	0.706	0.77	0.768
11397	121353	0.077	0.156	0.218	0.233
11397	121353	0.1	0.282	0.359	0.382
11397	121353	0.073	0.062	0.162	0.135
11397	121353	0.07	0.58	0.653	0.65
11397	121353	0.15	0.047	0.117	0.197
11397	121353	0.065	0.171	0.321	0.236
11397	121353	0.076	0.141	0.206	0.217
11397	121353	0.076	0.407	0.483	0.483
11397	121353	0.061	0.339	0.415	0.4
11397	121353	0.06	0.457	0.518	0.517
11397	121353	0.107	0.125	0.185	0.232
11397	121353	0.133	0.031	0.138	0.164
11397	121353	0.066	0.172	0.305	0.238
11397	121353	0.074	0.308	0.374	0.382
11397	121353	0.071	0.096	0.17	0.167
11397	121353	0.062	0.172	0.243	0.234
11397	121353	0.075	0.125	0.187	0.2
11397	121353	0.065	0.767	0.842	0.832
11397	121353	0.066	0.152	0.217	0.218
11397	121353	0.073	0.109	0.175	0.182
11397	121353	0.136	0.16	0.233	0.296
11397	121353	0.068	0.187	0.323	0.255
11397	121353	0.068	0.548	0.616	0.616
11397	121353	0.082	0.219	0.287	0.301
11397	121353	0.061	0.172	0.254	0.233
11397	121353	0.119	0.611	0.672	0.73
11397	121353	0.077	0.125	0.244	0.202
11397	121353	0.074	0.627	0.704	0.701
11397	121353	0.074	0.642	0.716	0.716
11397	121353	0.059	0.125	0.199	0.184
11397	121353	0.058	0.525	0.584	0.583
11397	121353	0.149	0.047	0.105	0.196
11397	121353	0.065	0.172	0.321	0.237
11397	121353	0.096	0.136	0.201	0.232
11397	121353	0.066	0.203	0.299	0.269
11397	121353	0.072	0.094	0.16	0.166
11397	121353	0.072	0.172	0.244	0.244
11397	121353	0.064	0.109	0.181	0.173
11397	121353	0.07	1.129	1.193	1.199
11397	121353	0.038	0.126	0.196	0.164
11397	121353	0.057	0.114	0.152	0.171
11397	121353	0.094	0.17	0.227	0.264
11397	121353	0.075	0.36	0.454	0.435
11397	121353	0.073	0.375	0.45	0.448
11397	121353	0.112	0.786	0.859	0.898
11397	121353	0.107	0.094	0.206	0.201
11397	121353	0.072	0.047	0.154	0.119
11397	121353	0.107	0.125	0.197	0.232
11397	121353	0.103	0.063	0.17	0.166
11397	121353	0.104	0.846	0.949	0.95
11397	121353	0.11	0.14	0.244	0.25
11397	121353	0.068	0.234	0.344	0.302
11397	121394	0.285	0.0	0.0	0.0
11397	121394	0.144	0.113	0.172	0.031
11397	121394	0.077	0.359	0.503	0.436
11397	121394	0.1	0.015	0.092	0.115
11397	121394	0.073	0.063	0.163	0.136
11397	121394	0.083	0.783	0.856	0.866
11397	121394	0.111	0.105	0.188	0.216
11397	121394	0.103	0.063	0.174	0.166
11397	121394	0.058	0.845	0.948	0.903
11397	121394	0.146	0.047	0.105	0.193
11397	121394	0.064	0.375	0.521	0.439
11397	121394	0.079	0.104	0.168	0.183
11397	121394	0.076	0.141	0.22	0.217
11397	121394	0.079	0.172	0.248	0.251
11397	121394	0.067	0.149	0.228	0.216
11397	121394	0.076	1.207	1.274	1.283
11397	121394	0.099	0.549	0.625	0.648
11397	121394	0.072	0.063	0.162	0.135
11397	121394	0.071	0.078	0.15	0.149
11397	121394	0.077	0.173	0.244	0.25
11397	121394	0.672	0.496	0.573	1.168
11397	121394	0.114	0.07	0.602	0.044
11397	121394	0.093	0.078	0.192	0.171
11397	121394	0.059	0.093	0.186	0.152
11397	121394	0.067	0.499	0.558	0.566
11397	121394	0.147	0.0	0.067	0.147
11397	121394	0.07	0.218	0.365	0.288
11397	121394	0.074	0.158	0.228	0.232
11397	121394	0.619	0.411	0.485	1.03
11397	121394	0.06	0.107	0.512	0.047
11397	121394	0.069	0.297	0.357	0.366
11397	121394	0.079	0.204	0.273	0.283
11397	121394	0.104	0.046	0.125	0.15
11397	121394	0.061	0.373	0.477	0.434
11397	121394	0.106	0.359	0.42	0.465
11397	121394	0.116	0.0	0.106	0.116
11397	121394	0.074	0.078	0.194	0.152
11397	121394	0.671	0.344	0.418	1.015
11397	121394	0.123	0.108	0.563	0.015
11397	121394	0.099	0.469	0.592	0.568
11397	121394	0.066	0.187	0.286	0.253
11397	121394	0.148	0.031	0.097	0.179
11397	121394	0.07	0.234	0.382	0.304
11397	121394	0.065	0.736	0.806	0.801
11397	121394	0.0	0.0	0.0	0.0
11397	121394	0.0	0.0	0.0	0.0
11397	121394	0.0	0.0	0.0	0.0
11397	121394	0.0	0.0	0.0	0.0
11397	121394	0.0	0.0	0.0	0.0
11397	121394	0.0	0.0	0.0	0.0
11397	121394	0.0	0.0	0.0	0.0
11397	121394	0.0	0.0	0.0	0.0
11397	121394	0.0	0.0	0.0	0.0
11397	121394	0.0	0.0	0.0	0.0
11397	121394	0.0	0.0	0.0	0.0
11397	121394	0.0	0.0	0.0	0.0
11397	121394	0.0	0.0	0.0	0.0
11397	121394	0.0	0.0	0.0	0.0
11397	121394	0.0	0.0	0.0	0.0
11397	121394	0.0	0.0	0.0	0.0
11397	121394	0.0	0.0	0.0	0.0
11397	121394	0.0	0.0	0.0	0.0
11397	121394	0.0	0.0	0.0	0.0
11397	121394	0.0	0.0	0.0	0.0
11397	121394	0.0	0.0	0.0	0.0
11397	121394	0.0	0.0	0.0	0.0
11397	121394	0.0	0.0	0.0	0.0
11397	121394	0.0	0.0	0.0	0.0
11397	121394	0.0	0.0	0.0	0.0
11397	121394	0.0	0.0	0.0	0.0
11397	121417	0.224	0.0	0.0	0.0
11397	121417	0.147	0.115	0.109	0.032
11397	121417	0.114	0.171	0.318	0.285
11397	121417	0.077	1.144	1.258	1.221
11397	121417	0.078	0.187	0.264	0.265
11397	121417	0.102	0.079	0.157	0.181
11397	121417	0.049	0.844	0.946	0.893
11397	121417	0.085	0.042	0.091	0.127
11397	121417	0.104	0.626	0.711	0.73
11397	121417	0.073	0.063	0.167	0.136
11397	121417	0.073	0.078	0.151	0.151
11397	121417	0.119	0.11	0.183	0.229
11397	121417	0.065	0.322	0.441	0.387
11397	121417	0.098	0.266	0.331	0.364
11397	121417	0.102	0.047	0.145	0.149
11397	121417	0.11	0.14	0.242	0.25
11397	121417	0.073	0.08	0.19	0.153
11397	121417	0.08	0.203	0.276	0.283
11397	121417	0.072	0.062	0.142	0.134
11397	121417	0.067	0.266	0.338	0.333
11397	121417	0.0	0.0	0.0	0.0
11397	121417	0.0	0.0	0.0	0.0
11397	121417	0.0	0.0	0.0	0.0
11397	121417	0.0	0.0	0.0	0.0
11397	121417	0.0	0.0	0.0	0.0
11397	121417	0.0	0.0	0.0	0.0
11397	121417	0.0	0.0	0.0	0.0
11397	121417	0.0	0.0	0.0	0.0
11397	121417	0.0	0.0	0.0	0.0
11397	121417	0.0	0.0	0.0	0.0
11397	121417	0.0	0.0	0.0	0.0
11397	121417	0.0	0.0	0.0	0.0
11397	121417	0.0	0.0	0.0	0.0
11397	121417	0.0	0.0	0.0	0.0
11397	121417	0.0	0.0	0.0	0.0
11397	121417	0.0	0.0	0.0	0.0
11397	121417	0.0	0.0	0.0	0.0
11397	121417	0.0	0.0	0.0	0.0
11397	121417	0.0	0.0	0.0	0.0
11397	121417	0.0	0.0	0.0	0.0
11397	121417	0.0	0.0	0.0	0.0
11397	121417	0.0	0.0	0.0	0.0
11397	121417	0.0	0.0	0.0	0.0
11397	121417	0.0	0.0	0.0	0.0
11397	121417	0.0	0.0	0.0	0.0
11397	121417	0.0	0.0	0.0	0.0
11397	121417	0.0	0.0	0.0	0.0
11397	121417	0.0	0.0	0.0	0.0
11397	121417	0.0	0.0	0.0	0.0
11397	121417	0.0	0.0	0.0	0.0
11397	121417	0.0	0.0	0.0	0.0
11397	121417	0.0	0.0	0.0	0.0
11397	121417	0.0	0.0	0.0	0.0
11397	121417	0.0	0.0	0.0	0.0
11397	121417	0.0	0.0	0.0	0.0
11397	121417	0.0	0.0	0.0	0.0
11397	121417	0.0	0.0	0.0	0.0
11397	121417	0.0	0.0	0.0	0.0
11397	121417	0.0	0.0	0.0	0.0
11397	121417	0.0	0.0	0.0	0.0
11397	121417	0.0	0.0	0.0	0.0
11397	121417	0.0	0.0	0.0	0.0
11397	121417	0.0	0.0	0.0	0.0
11397	121417	0.0	0.0	0.0	0.0
11397	121417	0.0	0.0	0.0	0.0
11397	121417	0.0	0.0	0.0	0.0
11397	121417	0.0	0.0	0.0	0.0
11397	121417	0.0	0.0	0.0	0.0
11397	121417	0.0	0.0	0.0	0.0
11397	121417	0.0	0.0	0.0	0.0
11397	121428	0.25	0.0	0.0	0.0
11397	121428	0.11	0.141	0.109	0.031
11397	121428	0.15	0.047	0.157	0.197
11397	121428	0.061	0.078	0.228	0.139
11397	121428	0.082	0.517	0.578	0.599
11397	121428	0.106	0.11	0.192	0.216
11397	121428	0.119	0.813	0.919	0.932
11397	121428	0.105	0.047	0.166	0.152
11397	121428	0.039	0.203	0.308	0.242
11397	121428	0.101	1.357	1.396	1.458
11397	121428	0.115	0.0	0.101	0.115
11397	121428	0.104	0.047	0.162	0.151
11397	121428	0.066	0.187	0.291	0.253
11397	121428	0.103	0.109	0.175	0.212
11397	121428	0.141	0.057	0.16	0.198
11397	121428	0.07	0.235	0.376	0.305
11397	121428	0.11	0.736	0.806	0.846
11397	121428	0.067	0.188	0.298	0.255
11397	121428	0.076	0.172	0.239	0.248
11397	121428	0.078	0.323	0.399	0.401
11397	121428	0.067	0.25	0.328	0.317
11397	121428	0.104	0.047	0.114	0.151
11397	121428	0.055	0.576	0.68	0.631
11397	121428	0.103	0.048	0.103	0.151
11397	121428	0.07	0.062	0.165	0.132
11397	121428	0.108	0.407	0.477	0.515
11397	121428	0.073	0.078	0.186	0.151
11397	121428	0.073	0.078	0.151	0.151
11397	121428	0.096	0.752	0.825	0.848
11397	121428	0.138	0.36	0.456	0.498
11397	121428	0.109	0.078	0.216	0.187
11397	121428	0.097	0.203	0.312	0.3
11397	121428	0.111	0.154	0.251	0.265
11397	121428	0.103	0.564	0.675	0.667
11397	121428	0.107	0.344	0.447	0.451
11397	121428	0.12	0.312	0.419	0.432
11397	121428	0.061	0.125	0.245	0.186
11397	121428	0.075	0.141	0.202	0.216
11397	121428	0.11	0.196	0.271	0.306
11397	121428	0.081	1.231	1.341	1.312
11397	121428	0.076	0.657	0.738	0.733
11397	121428	0.073	0.11	0.186	0.183
11397	121428	0.139	0.073	0.146	0.212
11397	121428	0.07	0.486	0.625	0.556
11397	121428	0.143	1.05	1.12	1.193
11397	121428	0.103	0.0	0.143	0.103
11397	121428	0.076	0.078	0.181	0.154
11397	121428	0.123	0.355	0.431	0.478
11397	121428	0.072	0.265	0.388	0.337
11397	121428	0.068	0.782	0.854	0.85
11397	121428	0.099	0.517	0.585	0.616
11397	121428	0.149	0.063	0.162	0.212
11397	121428	0.065	0.357	0.506	0.422
11397	121428	0.1	0.031	0.096	0.131
11397	121428	0.071	0.463	0.563	0.534
11397	121428	0.0	0.0	0.0	0.0
11397	121428	0.0	0.0	0.0	0.0
11397	121428	0.0	0.0	0.0	0.0
11397	121428	0.0	0.0	0.0	0.0
11397	121428	0.0	0.0	0.0	0.0
11397	121428	0.0	0.0	0.0	0.0
11397	121428	0.0	0.0	0.0	0.0
11397	121428	0.0	0.0	0.0	0.0
11397	121428	0.0	0.0	0.0	0.0
11397	121428	0.0	0.0	0.0	0.0
11397	121428	0.0	0.0	0.0	0.0
11397	121428	0.0	0.0	0.0	0.0
11397	121428	0.0	0.0	0.0	0.0
11397	121428	0.0	0.0	0.0	0.0
11397	121428	0.0	0.0	0.0	0.0
11397	121462	0.437	0.0	0.0	0.0
11397	121462	0.139	0.139	0.298	0.0
11397	121462	0.075	0.297	0.436	0.372
11397	121462	0.07	1.013	1.088	1.083
11397	121462	0.147	0.031	0.101	0.178
11397	121462	0.077	0.094	0.241	0.171
11397	121462	0.111	0.237	0.314	0.348
11397	121462	0.073	0.313	0.424	0.386
11397	121462	0.069	0.081	0.154	0.15
11397	121462	0.082	0.219	0.288	0.301
11397	121462	0.103	0.86	0.942	0.963
11397	121462	0.104	0.281	0.384	0.385
11397	121462	0.109	0.141	0.245	0.25
11397	121462	0.107	1.409	1.518	1.516
11397	121462	0.076	0.076	0.183	0.152
11397	121462	0.072	0.078	0.154	0.15
11397	121462	0.075	0.219	0.291	0.294
11397	121462	0.102	1.035	1.11	1.137
11397	121462	0.057	0.078	0.18	0.135
11397	121462	0.074	0.125	0.182	0.199
11397	121462	0.105	0.111	0.185	0.216
11397	121462	0.071	0.297	0.402	0.368
11397	121462	0.065	0.519	0.59	0.584
11397	121462	0.073	0.094	0.159	0.167
11397	121462	0.035	0.107	0.18	0.142
11397	121462	0.104	0.119	0.154	0.223
11397	121462	0.105	0.579	0.683	0.684
11397	121462	0.147	0.016	0.121	0.163
11397	121462	0.078	0.343	0.49	0.421
11397	121462	0.076	0.074	0.152	0.15
11397	121462	0.134	0.078	0.154	0.212
11397	121462	0.11	0.094	0.228	0.204
11397	121462	0.102	0.046	0.156	0.148
11397	121462	0.066	0.736	0.838	0.802
11397	121462	0.08	0.154	0.22	0.234
11397	121462	0.105	0.11	0.19	0.215
11397	121462	0.079	0.689	0.794	0.768
11397	121462	0.073	0.11	0.189	0.183
11397	121462	0.106	0.109	0.182	0.215
11397	121462	0.068	0.518	0.624	0.586
11397	121462	0.108	0.422	0.49	0.53
11397	121462	0.11	0.141	0.249	0.251
11397	121462	0.107	0.093	0.203	0.2
11397	121462	0.148	0.0	0.107	0.148
11397	121462	0.077	0.043	0.191	0.12
11397	121462	0.1	0.581	0.658	0.681
11397	121462	0.096	0.187	0.287	0.283
11397	121462	0.133	0.016	0.112	0.149
11397	121462	0.107	0.109	0.242	0.216
11397	121462	0.098	0.121	0.228	0.219
11397	121462	0.081	0.219	0.317	0.3
11397	121462	0.074	0.91	0.991	0.984
11397	121462	0.074	0.11	0.184	0.184
11397	121462	0.104	0.079	0.153	0.183
11397	121462	0.074	0.828	0.932	0.902
11397	121462	0.116	0.797	0.871	0.913
11397	121462	0.102	0.032	0.148	0.134
11397	121462	0.103	0.047	0.149	0.15
11397	121462	0.118	0.831	0.934	0.949
11397	121462	0.11	0.057	0.175	0.167
11397	121462	0.1	0.234	0.344	0.334
11397	121462	0.077	0.093	0.193	0.17
11397	121462	0.071	0.312	0.389	0.383
11397	121462	0.074	0.125	0.196	0.199
11397	121462	0.066	0.401	0.475	0.467
11397	121462	0.105	0.093	0.159	0.198
11397	121462	0.066	0.136	0.241	0.202
11397	121462	0.111	0.754	0.82	0.865
11397	121462	0.109	0.141	0.252	0.25
11397	121462	0.078	0.156	0.265	0.234
11397	121500	0.152	0.0	0.0	0.0
11397	121500	0.137	0.074	0.078	0.063
11397	121500	0.078	0.11	0.247	0.188
11397	121500	0.073	0.343	0.421	0.416
11397	121500	0.073	0.094	0.167	0.167
11397	121500	0.113	1.067	1.14	1.18
11397	121500	0.062	0.057	0.17	0.119
11397	121500	0.103	0.047	0.109	0.15
11397	121500	0.068	0.266	0.369	0.334
11397	121500	0.058	0.124	0.192	0.182
11397	121500	0.103	0.329	0.387	0.432
11397	121500	0.105	0.078	0.181	0.183
11397	121500	0.074	0.062	0.167	0.136
11397	121500	0.106	0.26	0.334	0.366
11397	121500	0.117	0.047	0.153	0.164
11397	121500	0.121	0.83	0.947	0.951
11397	121500	0.075	0.094	0.215	0.169
11397	121500	0.097	0.152	0.227	0.249
11397	121500	0.103	0.595	0.692	0.698
11397	121500	0.071	0.047	0.15	0.118
11397	121500	0.072	0.047	0.118	0.119
11397	121500	0.107	0.156	0.228	0.263
11397	121500	0.077	0.909	1.016	0.986
11397	121500	0.105	0.109	0.186	0.214
11397	121500	0.108	0.109	0.214	0.217
11397	121500	0.118	0.25	0.358	0.368
11397	121500	0.104	0.078	0.196	0.182
11397	121500	0.053	0.167	0.271	0.22
11397	121500	0.094	1.053	1.106	1.147
11397	121500	0.103	0.031	0.125	0.134
11397	121500	0.109	0.124	0.227	0.233
11397	121500	0.051	0.265	0.374	0.316
11397	121500	0.107	0.145	0.196	0.252
11397	121500	0.105	0.393	0.5	0.498
11397	121500	0.104	0.031	0.136	0.135
11397	121500	0.109	0.156	0.26	0.265
11397	121500	0.063	0.69	0.799	0.753
11397	121500	0.0	0.0	0.0	0.0
11397	121500	0.0	0.0	0.0	0.0
11397	121500	0.0	0.0	0.0	0.0
11397	121500	0.0	0.0	0.0	0.0
11397	121500	0.0	0.0	0.0	0.0
11397	121500	0.0	0.0	0.0	0.0
11397	121500	0.0	0.0	0.0	0.0
11397	121500	0.0	0.0	0.0	0.0
11397	121500	0.0	0.0	0.0	0.0
11397	121500	0.0	0.0	0.0	0.0
11397	121500	0.0	0.0	0.0	0.0
11397	121500	0.0	0.0	0.0	0.0
11397	121500	0.0	0.0	0.0	0.0
11397	121500	0.0	0.0	0.0	0.0
11397	121500	0.0	0.0	0.0	0.0
11397	121500	0.0	0.0	0.0	0.0
11397	121500	0.0	0.0	0.0	0.0
11397	121500	0.0	0.0	0.0	0.0
11397	121500	0.0	0.0	0.0	0.0
11397	121500	0.0	0.0	0.0	0.0
11397	121500	0.0	0.0	0.0	0.0
11397	121500	0.0	0.0	0.0	0.0
11397	121500	0.0	0.0	0.0	0.0
11397	121500	0.0	0.0	0.0	0.0
11397	121500	0.0	0.0	0.0	0.0
11397	121500	0.0	0.0	0.0	0.0
11397	121500	0.0	0.0	0.0	0.0
11397	121500	0.0	0.0	0.0	0.0
11397	121500	0.0	0.0	0.0	0.0
11397	121500	0.0	0.0	0.0	0.0
11397	121500	0.0	0.0	0.0	0.0
11397	121500	0.0	0.0	0.0	0.0
11397	121500	0.0	0.0	0.0	0.0
