PARTICIPANT_ID	TEST_SECTION_ID	HOLD_LATENCY	INTERKEY_LATENCY	PRESS_LATENCY	RELEASE_LATENCY
11475	121936	0.063	0.0	0.0	0.0
11475	121936	0.071	0.048	0.111	0.119
11475	121936	0.084	0.003	0.068	0.081
11475	121936	0.096	0.104	0.188	0.2
11475	121936	0.104	0.04	0.136	0.144
11475	121936	0.088	0.104	0.208	0.192
11475	121936	0.096	0.096	0.184	0.192
11475	121936	0.097	0.056	0.152	0.153
11475	121936	0.168	0.151	0.248	0.319
11475	121936	0.112	0.08	0.088	0.032
11475	121936	0.12	0.104	0.216	0.224
11475	121936	0.12	0.039	0.159	0.159
11475	121936	0.168	0.031	0.089	0.137
11475	121936	0.121	0.065	0.103	0.056
11475	121936	0.082	0.008	0.113	0.074
11475	121936	0.02	0.014	0.096	0.034
11475	121936	0.089	0.139	0.159	0.228
11475	121936	0.088	0.016	0.105	0.104
11475	121936	0.023	0.297	0.385	0.32
11475	121936	0.049	0.015	0.038	0.064
11475	121936	0.096	0.288	0.337	0.384
11475	121936	0.092	0.023	0.119	0.115
11475	121936	0.096	0.011	0.081	0.085
11475	121936	0.079	0.008	0.104	0.087
11475	121936	0.071	0.129	0.208	0.2
11475	121936	0.072	0.017	0.088	0.089
11475	121936	0.071	0.008	0.08	0.079
11475	121936	0.064	0.168	0.239	0.232
11475	121936	0.024	0.161	0.225	0.185
11475	121936	0.017	0.063	0.087	0.08
11475	121936	0.077	0.039	0.056	0.116
11475	121936	0.152	0.059	0.136	0.211
11475	121936	0.121	0.072	0.08	0.049
11475	121936	0.167	0.424	0.545	0.591
11475	121936	0.081	0.072	0.095	0.009
11475	121936	0.0	0.0	0.0	0.0
11475	121936	0.0	0.0	0.0	0.0
11475	121936	0.0	0.0	0.0	0.0
11475	121936	0.0	0.0	0.0	0.0
11475	121936	0.0	0.0	0.0	0.0
11475	121936	0.0	0.0	0.0	0.0
11475	121936	0.0	0.0	0.0	0.0
11475	121936	0.0	0.0	0.0	0.0
11475	121936	0.0	0.0	0.0	0.0
11475	121936	0.0	0.0	0.0	0.0
11475	121936	0.0	0.0	0.0	0.0
11475	121936	0.0	0.0	0.0	0.0
11475	121936	0.0	0.0	0.0	0.0
11475	121936	0.0	0.0	0.0	0.0
11475	121936	0.0	0.0	0.0	0.0
11475	121936	0.0	0.0	0.0	0.0
11475	121936	0.0	0.0	0.0	0.0
11475	121936	0.0	0.0	0.0	0.0
11475	121936	0.0	0.0	0.0	0.0
11475	121936	0.0	0.0	0.0	0.0
11475	121936	0.0	0.0	0.0	0.0
11475	121936	0.0	0.0	0.0	0.0
11475	121936	0.0	0.0	0.0	0.0
11475	121936	0.0	0.0	0.0	0.0
11475	121936	0.0	0.0	0.0	0.0
11475	121936	0.0	0.0	0.0	0.0
11475	121936	0.0	0.0	0.0	0.0
11475	121936	0.0	0.0	0.0	0.0
11475	121936	0.0	0.0	0.0	0.0
11475	121936	0.0	0.0	0.0	0.0
11475	121936	0.0	0.0	0.0	0.0
11475	121936	0.0	0.0	0.0	0.0
11475	121936	0.0	0.0	0.0	0.0
11475	121936	0.0	0.0	0.0	0.0
11475	121936	0.0	0.0	0.0	0.0
11475	121948	0.096	0.0	0.0	0.0
11475	121948	0.016	0.359	0.455	0.375
11475	121948	0.064	0.041	0.057	0.105
11475	121948	0.111	0.04	0.104	0.151
11475	121948	0.048	0.056	0.167	0.104
11475	121948	0.097	0.104	0.152	0.201
11475	121948	0.073	0.239	0.336	0.312
11475	121948	0.061	0.082	0.155	0.143
11475	121948	0.035	0.072	0.133	0.107
11475	121948	0.12	0.093	0.128	0.213
11475	121948	0.103	0.425	0.545	0.528
11475	121948	0.08	0.016	0.087	0.064
11475	121948	0.112	0.072	0.152	0.184
11475	121948	0.104	0.016	0.128	0.12
11475	121948	0.117	0.024	0.128	0.141
11475	121948	0.08	0.075	0.192	0.155
11475	121948	0.184	0.048	0.128	0.232
11475	121948	0.111	0.079	0.105	0.032
11475	121948	0.016	0.216	0.327	0.232
11475	121948	0.072	0.016	0.032	0.088
11475	121948	0.105	0.12	0.192	0.225
11475	121948	0.104	0.041	0.064	0.063
11475	121948	0.064	0.12	0.224	0.184
11475	121948	0.073	0.064	0.128	0.137
11475	121948	0.079	0.048	0.121	0.127
11475	121948	0.0	0.0	0.0	0.0
11475	121948	0.0	0.0	0.0	0.0
11475	121948	0.0	0.0	0.0	0.0
11475	121948	0.0	0.0	0.0	0.0
11475	121948	0.0	0.0	0.0	0.0
11475	121948	0.0	0.0	0.0	0.0
11475	121948	0.0	0.0	0.0	0.0
11475	121948	0.0	0.0	0.0	0.0
11475	121948	0.0	0.0	0.0	0.0
11475	121948	0.0	0.0	0.0	0.0
11475	121948	0.0	0.0	0.0	0.0
11475	121948	0.0	0.0	0.0	0.0
11475	121948	0.0	0.0	0.0	0.0
11475	121948	0.0	0.0	0.0	0.0
11475	121948	0.0	0.0	0.0	0.0
11475	121948	0.0	0.0	0.0	0.0
11475	121948	0.0	0.0	0.0	0.0
11475	121948	0.0	0.0	0.0	0.0
11475	121948	0.0	0.0	0.0	0.0
11475	121948	0.0	0.0	0.0	0.0
11475	121948	0.0	0.0	0.0	0.0
11475	121948	0.0	0.0	0.0	0.0
11475	121948	0.0	0.0	0.0	0.0
11475	121948	0.0	0.0	0.0	0.0
11475	121948	0.0	0.0	0.0	0.0
11475	121948	0.0	0.0	0.0	0.0
11475	121948	0.0	0.0	0.0	0.0
11475	121948	0.0	0.0	0.0	0.0
11475	121948	0.0	0.0	0.0	0.0
11475	121948	0.0	0.0	0.0	0.0
11475	121948	0.0	0.0	0.0	0.0
11475	121948	0.0	0.0	0.0	0.0
11475	121948	0.0	0.0	0.0	0.0
11475	121948	0.0	0.0	0.0	0.0
11475	121948	0.0	0.0	0.0	0.0
11475	121948	0.0	0.0	0.0	0.0
11475	121948	0.0	0.0	0.0	0.0
11475	121948	0.0	0.0	0.0	0.0
11475	121948	0.0	0.0	0.0	0.0
11475	121948	0.0	0.0	0.0	0.0
11475	121948	0.0	0.0	0.0	0.0
11475	121948	0.0	0.0	0.0	0.0
11475	121948	0.0	0.0	0.0	0.0
11475	121948	0.0	0.0	0.0	0.0
11475	121948	0.0	0.0	0.0	0.0
11475	121961	0.127	0.0	0.0	0.0
11475	121961	0.119	0.055	0.072	0.064
11475	121961	0.064	0.032	0.087	0.032
11475	121961	0.12	0.096	0.16	0.216
11475	121961	0.078	0.01	0.13	0.088
11475	121961	0.136	0.048	0.126	0.184
11475	121961	0.12	0.072	0.064	0.048
11475	121961	0.12	0.16	0.28	0.28
11475	121961	0.156	0.04	0.16	0.196
11475	121961	0.136	0.06	0.096	0.076
11475	121961	0.12	0.064	0.2	0.184
11475	121961	0.072	0.04	0.16	0.112
11475	121961	0.089	0.088	0.16	0.177
11475	121961	0.088	0.007	0.096	0.095
11475	121961	0.088	0.008	0.096	0.096
11475	121961	0.077	0.059	0.147	0.136
11475	121961	0.097	0.04	0.117	0.137
11475	121961	0.105	0.031	0.128	0.136
11475	121961	0.12	0.071	0.176	0.191
11475	121961	0.136	0.096	0.216	0.232
11475	121961	0.12	0.04	0.096	0.08
11475	121961	0.084	0.18	0.3	0.264
11475	121961	0.08	0.256	0.34	0.336
11475	121961	0.104	0.128	0.208	0.232
11475	121961	0.111	0.015	0.089	0.096
11475	121961	0.171	0.048	0.159	0.219
11475	121961	0.136	0.067	0.104	0.069
11475	121961	0.016	0.008	0.128	0.008
11475	121961	0.041	0.073	0.089	0.114
11475	121961	0.124	0.078	0.119	0.202
11475	121961	0.11	0.002	0.122	0.108
11475	121961	0.064	0.032	0.078	0.032
11475	121961	0.08	0.088	0.152	0.168
11475	121961	0.168	0.05	0.13	0.218
11475	121961	0.112	0.098	0.07	0.014
11475	121961	0.104	0.096	0.208	0.2
11475	121961	0.136	0.152	0.256	0.288
11475	121961	0.077	0.064	0.072	0.013
11475	121961	0.078	0.181	0.258	0.259
11475	121961	0.08	0.072	0.15	0.152
11475	121961	0.114	0.023	0.103	0.137
11475	121961	0.12	0.009	0.105	0.111
11475	121961	0.088	0.056	0.064	0.032
11475	121961	0.08	0.016	0.072	0.064
11475	121961	0.167	0.128	0.208	0.295
11475	121961	0.001	0.001	0.166	0.0
11475	121961	0.0	0.0	0.0	0.0
11475	121961	0.0	0.0	0.0	0.0
11475	121961	0.0	0.0	0.0	0.0
11475	121961	0.0	0.0	0.0	0.0
11475	121961	0.0	0.0	0.0	0.0
11475	121961	0.0	0.0	0.0	0.0
11475	121961	0.0	0.0	0.0	0.0
11475	121961	0.0	0.0	0.0	0.0
11475	121961	0.0	0.0	0.0	0.0
11475	121961	0.0	0.0	0.0	0.0
11475	121961	0.0	0.0	0.0	0.0
11475	121961	0.0	0.0	0.0	0.0
11475	121961	0.0	0.0	0.0	0.0
11475	121961	0.0	0.0	0.0	0.0
11475	121961	0.0	0.0	0.0	0.0
11475	121961	0.0	0.0	0.0	0.0
11475	121961	0.0	0.0	0.0	0.0
11475	121961	0.0	0.0	0.0	0.0
11475	121961	0.0	0.0	0.0	0.0
11475	121961	0.0	0.0	0.0	0.0
11475	121961	0.0	0.0	0.0	0.0
11475	121961	0.0	0.0	0.0	0.0
11475	121961	0.0	0.0	0.0	0.0
11475	121961	0.0	0.0	0.0	0.0
11475	121979	0.232	0.0	0.0	0.0
11475	121979	0.136	0.024	0.208	0.112
11475	121979	0.12	0.048	0.088	0.072
11475	121979	0.12	0.008	0.112	0.112
11475	121979	0.088	0.016	0.136	0.104
11475	121979	0.12	0.128	0.216	0.248
11475	121979	0.12	0.04	0.08	0.08
11475	121979	0.096	0.016	0.136	0.112
11475	121979	0.12	0.224	0.32	0.344
11475	121979	0.108	0.012	0.108	0.096
11475	121979	0.112	0.064	0.044	0.048
11475	121979	0.064	0.032	0.08	0.032
11475	121979	0.104	0.088	0.152	0.192
11475	121979	0.088	0.024	0.08	0.064
11475	121979	0.088	0.008	0.08	0.08
11475	121979	0.104	0.088	0.176	0.192
11475	121979	0.167	0.033	0.137	0.2
11475	121979	0.12	0.056	0.111	0.064
11475	121979	0.095	0.031	0.089	0.064
11475	121979	0.048	0.016	0.111	0.064
11475	121979	0.016	0.016	0.064	0.032
11475	121979	0.088	0.072	0.088	0.16
11475	121979	0.079	0.015	0.073	0.064
11475	121979	0.12	0.008	0.087	0.128
11475	121979	0.096	0.008	0.112	0.088
11475	121979	0.096	0.008	0.104	0.104
11475	121979	0.136	0.048	0.144	0.184
11475	121979	0.168	0.04	0.096	0.128
11475	121979	0.136	0.048	0.12	0.088
11475	121979	0.08	0.08	0.216	0.16
11475	121979	0.112	0.192	0.272	0.304
11475	121979	0.136	0.008	0.12	0.144
11475	121979	0.088	0.032	0.104	0.056
11475	121979	0.12	0.04	0.128	0.16
11475	121979	0.083	0.016	0.136	0.099
11475	121979	0.151	0.034	0.049	0.117
11475	121979	0.12	0.056	0.207	0.176
11475	121979	0.16	0.008	0.128	0.168
11475	121979	0.136	0.08	0.08	0.056
11475	121979	0.136	0.176	0.312	0.312
11475	121979	0.104	0.08	0.056	0.024
11475	121979	0.08	0.456	0.56	0.536
11475	121979	0.136	0.048	0.128	0.184
11475	121979	0.096	0.224	0.36	0.32
11475	121979	0.112	0.6	0.696	0.712
11475	121979	0.152	0.128	0.24	0.28
11475	121979	0.136	0.44	0.592	0.576
11475	121979	0.137	0.152	0.288	0.289
11475	121979	0.12	0.015	0.152	0.135
11475	121979	0.128	0.136	0.256	0.264
11475	121979	0.12	0.048	0.176	0.168
11475	121979	0.08	0.28	0.4	0.36
11475	121979	0.104	0.152	0.232	0.256
11475	121979	0.112	0.08	0.184	0.192
11475	121979	0.12	0.048	0.16	0.168
11475	121979	0.12	0.024	0.096	0.096
11475	121979	0.136	0.056	0.064	0.08
11475	121979	0.104	0.008	0.144	0.112
11475	121979	0.112	0.024	0.128	0.136
11475	121979	0.12	0.016	0.128	0.136
11475	121979	0.143	0.04	0.16	0.183
11475	121979	0.168	0.063	0.08	0.105
11475	121979	0.064	0.272	0.44	0.336
11475	121979	0.08	0.072	0.136	0.152
11475	121979	0.096	0.144	0.224	0.24
11475	121979	0.08	0.016	0.112	0.096
11475	121979	0.136	0.056	0.136	0.192
11475	121979	0.12	0.016	0.12	0.104
11475	121979	0.104	0.056	0.064	0.048
11475	121979	0.088	0.216	0.32	0.304
11475	122001	0.168	0.0	0.0	0.0
11475	122001	0.112	0.056	0.112	0.056
11475	122001	0.088	0.032	0.144	0.12
11475	122001	0.031	0.12	0.208	0.151
11475	122001	0.096	0.425	0.456	0.521
11475	122001	0.072	0.04	0.056	0.032
11475	122001	0.097	0.063	0.135	0.16
11475	122001	0.103	0.32	0.417	0.423
11475	122001	0.015	0.089	0.192	0.104
11475	122001	0.072	0.033	0.048	0.105
11475	122001	0.087	0.152	0.224	0.239
11475	122001	0.119	0.017	0.104	0.136
11475	122001	0.096	0.064	0.183	0.16
11475	122001	0.136	0.016	0.08	0.12
11475	122001	0.087	0.057	0.193	0.144
11475	122001	0.103	0.025	0.112	0.128
11475	122001	0.08	0.048	0.151	0.128
11475	122001	0.119	0.105	0.185	0.224
11475	122001	0.122	0.232	0.351	0.354
11475	122001	0.12	0.026	0.096	0.094
11475	122001	0.089	0.024	0.144	0.113
11475	122001	0.016	0.015	0.104	0.031
11475	122001	0.08	0.072	0.088	0.152
11475	122001	0.112	0.008	0.088	0.12
11475	122001	0.104	0.008	0.12	0.112
11475	122001	0.119	0.057	0.161	0.176
11475	122001	0.104	0.112	0.231	0.216
11475	122001	0.136	0.073	0.177	0.209
11475	122001	0.151	0.352	0.488	0.503
11475	122001	0.096	0.08	0.071	0.016
11475	122001	0.12	0.104	0.2	0.224
11475	122001	0.136	0.056	0.064	0.08
11475	122001	0.136	0.032	0.168	0.168
11475	122001	0.095	0.017	0.153	0.112
11475	122001	0.0	0.0	0.0	0.0
11475	122001	0.0	0.0	0.0	0.0
11475	122001	0.0	0.0	0.0	0.0
11475	122001	0.0	0.0	0.0	0.0
11475	122001	0.0	0.0	0.0	0.0
11475	122001	0.0	0.0	0.0	0.0
11475	122001	0.0	0.0	0.0	0.0
11475	122001	0.0	0.0	0.0	0.0
11475	122001	0.0	0.0	0.0	0.0
11475	122001	0.0	0.0	0.0	0.0
11475	122001	0.0	0.0	0.0	0.0
11475	122001	0.0	0.0	0.0	0.0
11475	122001	0.0	0.0	0.0	0.0
11475	122001	0.0	0.0	0.0	0.0
11475	122001	0.0	0.0	0.0	0.0
11475	122001	0.0	0.0	0.0	0.0
11475	122001	0.0	0.0	0.0	0.0
11475	122001	0.0	0.0	0.0	0.0
11475	122001	0.0	0.0	0.0	0.0
11475	122001	0.0	0.0	0.0	0.0
11475	122001	0.0	0.0	0.0	0.0
11475	122001	0.0	0.0	0.0	0.0
11475	122001	0.0	0.0	0.0	0.0
11475	122001	0.0	0.0	0.0	0.0
11475	122001	0.0	0.0	0.0	0.0
11475	122001	0.0	0.0	0.0	0.0
11475	122001	0.0	0.0	0.0	0.0
11475	122001	0.0	0.0	0.0	0.0
11475	122001	0.0	0.0	0.0	0.0
11475	122001	0.0	0.0	0.0	0.0
11475	122001	0.0	0.0	0.0	0.0
11475	122001	0.0	0.0	0.0	0.0
11475	122001	0.0	0.0	0.0	0.0
11475	122001	0.0	0.0	0.0	0.0
11475	122001	0.0	0.0	0.0	0.0
11475	122001	0.0	0.0	0.0	0.0
11475	122016	0.079	0.0	0.0	0.0
11475	122016	0.064	0.128	0.207	0.192
11475	122016	0.095	0.049	0.113	0.144
11475	122016	0.056	0.32	0.415	0.376
11475	122016	0.016	0.016	0.072	0.032
11475	122016	0.112	0.16	0.176	0.272
11475	122016	0.08	0.28	0.392	0.36
11475	122016	0.081	0.152	0.232	0.233
11475	122016	0.048	0.143	0.224	0.191
11475	122016	0.096	0.36	0.408	0.456
11475	122016	0.12	0.12	0.216	0.24
11475	122016	0.119	0.337	0.457	0.456
11475	122016	0.12	0.016	0.103	0.104
11475	122016	0.141	0.008	0.112	0.133
11475	122016	0.088	0.037	0.104	0.051
11475	122016	0.104	0.072	0.16	0.176
11475	122016	0.071	0.137	0.241	0.208
11475	122016	0.104	0.28	0.351	0.384
11475	122016	0.072	0.008	0.096	0.064
11475	122016	0.096	0.064	0.136	0.16
11475	122016	0.119	0.025	0.121	0.144
11475	122016	0.104	0.056	0.175	0.16
11475	122016	0.136	0.12	0.224	0.256
11475	122016	0.104	0.056	0.08	0.048
11475	122016	0.128	0.136	0.24	0.264
11475	122016	0.122	0.064	0.064	0.058
11475	122016	0.128	0.018	0.104	0.11
11475	122016	0.112	0.048	0.176	0.16
11475	122016	0.112	0.064	0.176	0.176
11475	122016	0.128	0.016	0.096	0.112
11475	122016	0.184	0.008	0.12	0.176
11475	122016	0.12	0.088	0.096	0.032
11475	122016	0.136	0.04	0.08	0.096
11475	122016	0.152	0.024	0.16	0.176
11475	122016	0.152	0.104	0.048	0.048
11475	122016	0.112	0.04	0.112	0.072
11475	122016	0.112	0.024	0.136	0.136
11475	122016	0.184	0.088	0.2	0.272
11475	122016	0.08	0.008	0.192	0.088
11475	122016	0.08	0.152	0.232	0.232
11475	122016	0.0	0.0	0.0	0.0
11475	122016	0.0	0.0	0.0	0.0
11475	122016	0.0	0.0	0.0	0.0
11475	122016	0.0	0.0	0.0	0.0
11475	122016	0.0	0.0	0.0	0.0
11475	122016	0.0	0.0	0.0	0.0
11475	122016	0.0	0.0	0.0	0.0
11475	122016	0.0	0.0	0.0	0.0
11475	122016	0.0	0.0	0.0	0.0
11475	122016	0.0	0.0	0.0	0.0
11475	122016	0.0	0.0	0.0	0.0
11475	122016	0.0	0.0	0.0	0.0
11475	122016	0.0	0.0	0.0	0.0
11475	122016	0.0	0.0	0.0	0.0
11475	122016	0.0	0.0	0.0	0.0
11475	122016	0.0	0.0	0.0	0.0
11475	122016	0.0	0.0	0.0	0.0
11475	122016	0.0	0.0	0.0	0.0
11475	122016	0.0	0.0	0.0	0.0
11475	122016	0.0	0.0	0.0	0.0
11475	122016	0.0	0.0	0.0	0.0
11475	122016	0.0	0.0	0.0	0.0
11475	122016	0.0	0.0	0.0	0.0
11475	122016	0.0	0.0	0.0	0.0
11475	122016	0.0	0.0	0.0	0.0
11475	122016	0.0	0.0	0.0	0.0
11475	122016	0.0	0.0	0.0	0.0
11475	122016	0.0	0.0	0.0	0.0
11475	122016	0.0	0.0	0.0	0.0
11475	122016	0.0	0.0	0.0	0.0
11475	122033	0.344	0.0	0.0	0.0
11475	122033	0.064	0.104	0.24	0.04
11475	122033	0.121	0.152	0.216	0.273
11475	122033	0.096	0.017	0.104	0.079
11475	122033	0.104	0.136	0.232	0.24
11475	122033	0.088	0.064	0.168	0.152
11475	122033	0.168	0.096	0.184	0.264
11475	122033	0.136	0.088	0.08	0.048
11475	122033	0.104	0.144	0.28	0.248
11475	122033	0.104	0.056	0.16	0.16
11475	122033	0.104	0.008	0.096	0.096
11475	122033	0.064	0.016	0.12	0.08
11475	122033	0.08	0.08	0.144	0.16
11475	122033	0.168	0.112	0.192	0.28
11475	122033	0.128	0.072	0.096	0.056
11475	122033	0.128	0.008	0.12	0.12
11475	122033	0.016	0.064	0.192	0.08
11475	122033	0.068	0.02	0.036	0.088
11475	122033	0.112	0.12	0.188	0.232
11475	122033	0.072	0.032	0.08	0.04
11475	122033	0.136	0.168	0.24	0.304
11475	122033	0.105	0.008	0.128	0.097
11475	122033	0.136	0.031	0.136	0.167
11475	122033	0.168	0.016	0.152	0.184
11475	122033	0.136	0.056	0.112	0.08
11475	122033	0.096	0.08	0.216	0.176
11475	122033	0.104	0.04	0.136	0.144
11475	122033	0.112	0.064	0.168	0.176
11475	122033	0.136	0.024	0.136	0.16
11475	122033	0.136	0.048	0.184	0.184
11475	122033	0.104	0.04	0.096	0.064
11475	122033	0.12	0.136	0.24	0.256
11475	122033	0.144	0.08	0.2	0.224
11475	122033	0.112	0.456	0.6	0.568
11475	122033	0.104	0.016	0.096	0.088
11475	122033	0.104	0.152	0.256	0.256
11475	122033	0.016	0.088	0.192	0.104
11475	122033	0.12	0.016	0.032	0.136
11475	122033	0.168	0.304	0.424	0.472
11475	122033	0.12	0.072	0.096	0.048
11475	122033	0.112	0.016	0.104	0.096
11475	122033	0.152	0.168	0.28	0.32
11475	122033	0.112	0.32	0.472	0.432
11475	122033	0.104	0.016	0.128	0.12
11475	122033	0.064	0.12	0.224	0.184
11475	122033	0.064	0.136	0.2	0.2
11475	122033	0.088	0.08	0.144	0.168
11475	122033	0.0	0.0	0.0	0.0
11475	122033	0.0	0.0	0.0	0.0
11475	122033	0.0	0.0	0.0	0.0
11475	122033	0.0	0.0	0.0	0.0
11475	122033	0.0	0.0	0.0	0.0
11475	122033	0.0	0.0	0.0	0.0
11475	122033	0.0	0.0	0.0	0.0
11475	122033	0.0	0.0	0.0	0.0
11475	122033	0.0	0.0	0.0	0.0
11475	122033	0.0	0.0	0.0	0.0
11475	122033	0.0	0.0	0.0	0.0
11475	122033	0.0	0.0	0.0	0.0
11475	122033	0.0	0.0	0.0	0.0
11475	122033	0.0	0.0	0.0	0.0
11475	122033	0.0	0.0	0.0	0.0
11475	122033	0.0	0.0	0.0	0.0
11475	122033	0.0	0.0	0.0	0.0
11475	122033	0.0	0.0	0.0	0.0
11475	122033	0.0	0.0	0.0	0.0
11475	122033	0.0	0.0	0.0	0.0
11475	122033	0.0	0.0	0.0	0.0
11475	122033	0.0	0.0	0.0	0.0
11475	122033	0.0	0.0	0.0	0.0
11475	122042	0.264	0.0	0.0	0.0
11475	122042	0.104	0.064	0.2	0.04
11475	122042	0.088	0.024	0.128	0.112
11475	122042	0.199	0.055	0.033	0.144
11475	122042	0.12	0.064	0.135	0.056
11475	122042	0.104	0.008	0.112	0.096
11475	122042	0.152	0.12	0.224	0.272
11475	122042	0.136	0.072	0.08	0.064
11475	122042	0.144	0.112	0.248	0.256
11475	122042	0.048	0.36	0.504	0.408
11475	122042	0.088	0.24	0.288	0.328
11475	122042	0.2	0.016	0.072	0.184
11475	122042	0.112	0.056	0.144	0.056
11475	122042	0.152	0.08	0.192	0.232
11475	122042	0.104	0.064	0.088	0.04
11475	122042	0.096	0.216	0.32	0.312
11475	122042	0.104	0.064	0.16	0.168
11475	122042	0.144	0.008	0.112	0.152
11475	122042	0.112	0.048	0.096	0.064
11475	122042	0.105	0.049	0.063	0.056
11475	122042	0.184	0.112	0.217	0.296
11475	122042	0.112	0.064	0.248	0.176
11475	122042	0.128	0.264	0.376	0.392
11475	122042	0.064	0.032	0.096	0.032
11475	122042	0.063	0.056	0.12	0.119
11475	122042	0.048	0.017	0.08	0.065
11475	122042	0.128	0.096	0.144	0.224
11475	122042	0.128	0.008	0.136	0.136
11475	122042	0.152	0.04	0.088	0.112
11475	122042	0.088	0.304	0.456	0.392
11475	122042	0.072	0.08	0.168	0.152
11475	122042	0.064	0.048	0.12	0.112
11475	122042	0.018	0.016	0.08	0.034
11475	122042	0.064	0.07	0.088	0.134
11475	122042	0.096	0.544	0.608	0.64
11475	122042	0.096	0.04	0.136	0.136
11475	122042	0.152	0.016	0.112	0.168
11475	122042	0.168	0.048	0.104	0.12
11475	122042	0.216	0.08	0.088	0.136
11475	122042	0.128	0.207	0.423	0.335
11475	122042	0.12	0.041	0.169	0.161
11475	122042	0.104	0.016	0.136	0.12
11475	122042	0.112	0.016	0.12	0.128
11475	122042	0.079	0.032	0.144	0.111
11475	122042	0.112	0.129	0.208	0.241
11475	122042	0.111	0.064	0.048	0.047
11475	122042	0.088	0.089	0.2	0.177
11475	122042	0.079	0.096	0.184	0.175
11475	122042	0.152	0.017	0.096	0.169
11475	122042	0.12	0.033	0.119	0.087
11475	122042	0.136	0.009	0.129	0.145
11475	122042	0.079	0.024	0.16	0.103
11475	122042	0.096	0.097	0.176	0.193
11475	122042	0.087	0.144	0.24	0.231
11475	122042	0.135	0.105	0.192	0.24
11475	122042	0.103	0.015	0.12	0.088
11475	122042	0.096	0.024	0.127	0.12
11475	122042	0.151	0.033	0.129	0.184
11475	122042	0.087	0.009	0.16	0.096
11475	122042	0.073	0.033	0.12	0.106
11475	122042	0.121	0.026	0.047	0.095
11475	122042	0.096	0.007	0.128	0.103
11475	122042	0.12	0.056	0.152	0.176
11475	122042	0.17	0.04	0.16	0.21
11475	122042	0.123	0.106	0.064	0.017
11475	122042	0.152	0.027	0.096	0.125
11475	122042	0.119	0.041	0.193	0.16
11475	122042	0.136	0.024	0.095	0.112
11475	122042	0.088	0.016	0.152	0.104
11475	122042	0.056	0.064	0.152	0.12
11475	122069	0.169	0.0	0.0	0.0
11475	122069	0.096	0.041	0.128	0.055
11475	122069	0.104	0.016	0.112	0.12
11475	122069	0.048	0.104	0.208	0.152
11475	122069	0.08	0.144	0.192	0.224
11475	122069	0.112	0.152	0.232	0.264
11475	122069	0.064	0.008	0.12	0.072
11475	122069	0.104	0.096	0.16	0.2
11475	122069	0.104	0.144	0.248	0.248
11475	122069	0.104	0.032	0.136	0.136
11475	122069	0.12	0.152	0.256	0.272
11475	122069	0.136	0.016	0.104	0.12
11475	122069	0.12	0.008	0.128	0.112
11475	122069	0.064	0.072	0.192	0.136
11475	122069	0.096	0.104	0.168	0.2
11475	122069	0.104	0.064	0.032	0.04
11475	122069	0.129	0.048	0.152	0.177
11475	122069	0.136	0.033	0.096	0.103
11475	122069	0.096	0.104	0.24	0.2
11475	122069	0.151	0.177	0.273	0.328
11475	122069	0.136	0.008	0.159	0.144
11475	122069	0.136	0.056	0.08	0.08
11475	122069	0.136	0.008	0.144	0.144
11475	122069	0.128	0.024	0.16	0.152
11475	122069	0.08	0.008	0.12	0.072
11475	122069	0.136	0.064	0.144	0.2
11475	122069	0.096	0.064	0.2	0.16
11475	122069	0.08	0.008	0.104	0.088
11475	122069	0.096	0.04	0.12	0.136
11475	122069	0.112	0.096	0.192	0.208
11475	122069	0.12	0.008	0.104	0.112
11475	122069	0.096	0.032	0.088	0.064
11475	122069	0.112	0.088	0.184	0.2
11475	122069	0.08	0.096	0.208	0.176
11475	122069	0.08	0.384	0.464	0.464
11475	122069	0.104	0.096	0.176	0.2
11475	122069	0.0	0.0	0.0	0.0
11475	122069	0.0	0.0	0.0	0.0
11475	122069	0.0	0.0	0.0	0.0
11475	122069	0.0	0.0	0.0	0.0
11475	122069	0.0	0.0	0.0	0.0
11475	122069	0.0	0.0	0.0	0.0
11475	122069	0.0	0.0	0.0	0.0
11475	122069	0.0	0.0	0.0	0.0
11475	122069	0.0	0.0	0.0	0.0
11475	122069	0.0	0.0	0.0	0.0
11475	122069	0.0	0.0	0.0	0.0
11475	122069	0.0	0.0	0.0	0.0
11475	122069	0.0	0.0	0.0	0.0
11475	122069	0.0	0.0	0.0	0.0
11475	122069	0.0	0.0	0.0	0.0
11475	122069	0.0	0.0	0.0	0.0
11475	122069	0.0	0.0	0.0	0.0
11475	122069	0.0	0.0	0.0	0.0
11475	122069	0.0	0.0	0.0	0.0
11475	122069	0.0	0.0	0.0	0.0
11475	122069	0.0	0.0	0.0	0.0
11475	122069	0.0	0.0	0.0	0.0
11475	122069	0.0	0.0	0.0	0.0
11475	122069	0.0	0.0	0.0	0.0
11475	122069	0.0	0.0	0.0	0.0
11475	122069	0.0	0.0	0.0	0.0
11475	122069	0.0	0.0	0.0	0.0
11475	122069	0.0	0.0	0.0	0.0
11475	122069	0.0	0.0	0.0	0.0
11475	122069	0.0	0.0	0.0	0.0
11475	122069	0.0	0.0	0.0	0.0
11475	122069	0.0	0.0	0.0	0.0
11475	122069	0.0	0.0	0.0	0.0
11475	122069	0.0	0.0	0.0	0.0
11475	122077	0.152	0.0	0.0	0.0
11475	122077	0.08	0.056	0.096	0.024
11475	122077	0.104	0.032	0.112	0.136
11475	122077	0.151	0.081	0.185	0.232
11475	122077	0.104	0.048	0.103	0.056
11475	122077	0.12	0.024	0.08	0.096
11475	122077	0.104	0.008	0.128	0.112
11475	122077	0.128	0.04	0.144	0.168
11475	122077	0.152	0.072	0.2	0.224
11475	122077	0.104	0.016	0.136	0.088
11475	122077	0.08	0.08	0.184	0.16
11475	122077	0.088	0.112	0.192	0.2
11475	122077	0.144	0.008	0.096	0.152
11475	122077	0.136	0.072	0.072	0.064
11475	122077	0.112	0.016	0.152	0.128
11475	122077	0.184	0.064	0.176	0.248
11475	122077	0.088	0.008	0.176	0.08
11475	122077	0.08	0.272	0.36	0.352
11475	122077	0.12	0.096	0.176	0.216
11475	122077	0.104	0.024	0.096	0.08
11475	122077	0.088	0.032	0.136	0.12
11475	122077	0.139	0.344	0.432	0.483
11475	122077	0.096	0.035	0.104	0.061
11475	122077	0.08	0.04	0.136	0.12
11475	122077	0.113	0.304	0.384	0.417
11475	122077	0.096	0.007	0.12	0.103
11475	122077	0.12	0.096	0.192	0.216
11475	122077	0.064	0.528	0.648	0.592
11475	122077	0.12	0.088	0.152	0.208
11475	122077	0.096	0.016	0.104	0.08
11475	122077	0.112	0.008	0.104	0.12
11475	122077	0.12	0.032	0.08	0.088
11475	122077	0.018	0.008	0.128	0.026
11475	122077	0.048	0.046	0.064	0.094
11475	122077	0.136	0.072	0.12	0.208
11475	122077	0.104	0.048	0.088	0.056
11475	122077	0.12	0.128	0.232	0.248
11475	122077	0.136	0.072	0.048	0.064
11475	122077	0.12	0.032	0.168	0.152
11475	122077	0.056	0.096	0.216	0.152
11475	122077	0.064	0.192	0.248	0.256
11475	122077	0.072	0.064	0.128	0.136
11475	122077	0.088	0.064	0.136	0.152
11475	122077	0.088	0.136	0.224	0.224
11475	122077	0.096	0.016	0.104	0.112
11475	122077	0.063	0.081	0.177	0.144
11475	122077	0.12	0.096	0.159	0.216
11475	122077	0.096	0.008	0.112	0.088
11475	122077	0.104	0.024	0.12	0.128
11475	122077	0.088	0.024	0.08	0.064
11475	122077	0.112	0.08	0.168	0.192
11475	122077	0.168	0.088	0.024	0.08
11475	122077	0.12	0.04	0.128	0.08
11475	122077	0.112	0.032	0.152	0.144
11475	122077	0.096	0.008	0.104	0.088
11475	122077	0.12	0.184	0.28	0.304
11475	122077	0.088	0.064	0.184	0.152
11475	122077	0.096	0.016	0.104	0.112
11475	122077	0.168	0.16	0.256	0.328
11475	122077	0.064	0.024	0.144	0.04
11475	122077	0.08	0.408	0.472	0.488
11475	122077	0.088	0.112	0.192	0.2
11475	122077	0.0	0.0	0.0	0.0
11475	122077	0.0	0.0	0.0	0.0
11475	122077	0.0	0.0	0.0	0.0
11475	122077	0.0	0.0	0.0	0.0
11475	122077	0.0	0.0	0.0	0.0
11475	122077	0.0	0.0	0.0	0.0
11475	122077	0.0	0.0	0.0	0.0
11475	122077	0.0	0.0	0.0	0.0
11475	122096	0.384	0.0	0.0	0.0
11475	122096	0.096	0.152	0.232	0.056
11475	122096	0.104	0.16	0.256	0.264
11475	122096	0.088	0.056	0.16	0.144
11475	122096	0.136	0.08	0.168	0.216
11475	122096	0.104	0.056	0.08	0.048
11475	122096	0.136	0.04	0.064	0.096
11475	122096	0.104	0.064	0.2	0.168
11475	122096	0.12	0.136	0.24	0.256
11475	122096	0.12	0.048	0.168	0.168
11475	122096	0.152	0.136	0.256	0.288
11475	122096	0.2	0.04	0.192	0.24
11475	122096	0.016	0.112	0.088	0.096
11475	122096	0.136	0.016	0.032	0.152
11475	122096	0.104	0.064	0.2	0.168
11475	122096	0.136	0.12	0.224	0.256
11475	122096	0.08	0.432	0.568	0.512
11475	122096	0.034	0.104	0.184	0.138
11475	122096	0.088	0.046	0.08	0.134
11475	122096	0.104	0.024	0.112	0.128
11475	122096	0.104	0.104	0.208	0.208
11475	122096	0.088	0.368	0.472	0.456
11475	122096	0.112	0.032	0.12	0.144
11475	122096	0.183	0.04	0.152	0.223
11475	122096	0.12	0.071	0.112	0.049
11475	122096	0.112	0.104	0.224	0.216
11475	122096	0.08	0.024	0.136	0.104
11475	122096	0.04	0.088	0.168	0.128
11475	122096	0.064	0.016	0.056	0.08
11475	122096	0.103	0.056	0.12	0.159
11475	122096	0.119	0.017	0.12	0.136
11475	122096	0.104	0.025	0.144	0.129
11475	122096	0.104	0.376	0.48	0.48
11475	122096	0.16	0.208	0.312	0.368
11475	122096	0.12	0.064	0.096	0.056
11475	122096	0.112	0.007	0.127	0.119
11475	122096	0.156	0.145	0.257	0.301
11475	122096	0.111	0.036	0.12	0.075
11475	122096	0.12	0.185	0.296	0.305
11475	122096	0.152	0.048	0.072	0.104
11475	122096	0.096	0.048	0.104	0.048
11475	122096	0.095	2.272	2.368	2.367
11475	122096	0.087	0.257	0.352	0.344
11475	122096	0.079	0.065	0.152	0.144
11475	122096	0.047	0.057	0.136	0.104
11475	122096	0.104	0.064	0.111	0.168
11475	122096	0.168	0.016	0.088	0.152
11475	122096	0.104	0.056	0.112	0.048
11475	122096	0.111	0.049	0.153	0.16
11475	122096	0.133	0.443	0.554	0.576
11475	122096	0.104	0.016	0.149	0.12
11475	122096	0.095	0.033	0.137	0.128
11475	122096	0.104	0.016	0.111	0.12
11475	122096	0.064	0.16	0.264	0.224
11475	122096	0.136	0.304	0.368	0.44
11475	122096	0.112	0.032	0.168	0.144
11475	122096	0.136	0.04	0.152	0.176
11475	122096	0.136	0.016	0.152	0.152
11475	122096	0.104	0.584	0.72	0.688
11475	122096	0.137	0.2	0.304	0.337
11475	122096	0.112	0.009	0.128	0.103
11475	122096	0.12	0.016	0.096	0.104
11475	122096	0.135	0.033	0.153	0.168
11475	122096	0.096	0.096	0.231	0.192
11475	122096	0.137	0.073	0.169	0.21
11475	122096	0.185	0.034	0.103	0.151
11475	122096	0.127	0.032	0.153	0.095
11475	122096	0.12	0.104	0.231	0.224
11475	122096	0.176	0.032	0.152	0.208
11475	122096	0.104	0.016	0.192	0.12
11475	122123	0.152	0.0	0.0	0.0
11475	122123	0.08	0.008	0.144	0.072
11475	122123	0.152	0.016	0.096	0.168
11475	122123	0.096	0.08	0.072	0.016
11475	122123	0.113	0.088	0.184	0.201
11475	122123	0.104	0.017	0.096	0.087
11475	122123	0.096	0.208	0.312	0.304
11475	122123	0.096	0.16	0.256	0.256
11475	122123	0.152	0.152	0.248	0.304
11475	122123	0.2	0.048	0.104	0.152
11475	122123	0.136	0.08	0.12	0.056
11475	122123	0.121	0.008	0.128	0.113
11475	122123	0.12	0.039	0.16	0.159
11475	122123	0.112	0.008	0.112	0.104
11475	122123	0.12	0.048	0.064	0.072
11475	122123	0.12	0.008	0.128	0.128
11475	122123	0.12	0.04	0.16	0.16
11475	122123	0.136	0.056	0.064	0.08
11475	122123	0.12	0.088	0.048	0.032
11475	122123	0.08	0.48	0.6	0.56
11475	122123	0.088	0.104	0.184	0.192
11475	122123	0.064	0.032	0.12	0.096
11475	122123	0.096	0.072	0.136	0.168
11475	122123	0.088	0.032	0.128	0.12
11475	122123	0.12	0.008	0.08	0.112
11475	122123	0.096	0.64	0.76	0.736
11475	122123	0.12	0.192	0.288	0.312
11475	122123	0.167	0.145	0.265	0.312
11475	122123	0.184	0.136	0.303	0.32
11475	122123	0.12	0.128	0.312	0.248
11475	122123	0.104	0.008	0.112	0.096
11475	122123	0.096	0.032	0.072	0.064
11475	122123	0.12	0.016	0.08	0.104
11475	122123	0.124	0.12	0.24	0.244
11475	122123	0.151	0.027	0.097	0.124
11475	122123	0.104	0.072	0.079	0.032
11475	122123	0.088	0.096	0.2	0.184
11475	122123	0.08	0.016	0.072	0.064
11475	122123	0.184	0.128	0.208	0.312
11475	122123	0.104	0.088	0.096	0.016
11475	122123	0.0	0.0	0.0	0.0
11475	122123	0.0	0.0	0.0	0.0
11475	122123	0.0	0.0	0.0	0.0
11475	122123	0.0	0.0	0.0	0.0
11475	122123	0.0	0.0	0.0	0.0
11475	122123	0.0	0.0	0.0	0.0
11475	122123	0.0	0.0	0.0	0.0
11475	122123	0.0	0.0	0.0	0.0
11475	122123	0.0	0.0	0.0	0.0
11475	122123	0.0	0.0	0.0	0.0
11475	122123	0.0	0.0	0.0	0.0
11475	122123	0.0	0.0	0.0	0.0
11475	122123	0.0	0.0	0.0	0.0
11475	122123	0.0	0.0	0.0	0.0
11475	122123	0.0	0.0	0.0	0.0
11475	122123	0.0	0.0	0.0	0.0
11475	122123	0.0	0.0	0.0	0.0
11475	122123	0.0	0.0	0.0	0.0
11475	122123	0.0	0.0	0.0	0.0
11475	122123	0.0	0.0	0.0	0.0
11475	122123	0.0	0.0	0.0	0.0
11475	122123	0.0	0.0	0.0	0.0
11475	122123	0.0	0.0	0.0	0.0
11475	122123	0.0	0.0	0.0	0.0
11475	122123	0.0	0.0	0.0	0.0
11475	122123	0.0	0.0	0.0	0.0
11475	122123	0.0	0.0	0.0	0.0
11475	122123	0.0	0.0	0.0	0.0
11475	122123	0.0	0.0	0.0	0.0
11475	122123	0.0	0.0	0.0	0.0
11475	122133	0.168	0.0	0.0	0.0
11475	122133	0.151	0.023	0.145	0.128
11475	122133	0.112	0.064	0.087	0.048
11475	122133	0.104	0.016	0.096	0.088
11475	122133	0.12	0.232	0.336	0.352
11475	122133	0.08	0.256	0.376	0.336
11475	122133	0.096	0.112	0.192	0.208
11475	122133	0.152	0.016	0.08	0.136
11475	122133	0.136	0.064	0.088	0.072
11475	122133	0.152	0.024	0.112	0.128
11475	122133	0.08	0.08	0.232	0.16
11475	122133	0.112	0.16	0.24	0.272
11475	122133	0.104	0.08	0.192	0.184
11475	122133	0.104	0.032	0.136	0.136
11475	122133	0.106	0.016	0.12	0.122
11475	122133	0.136	0.018	0.088	0.118
11475	122133	0.152	0.024	0.112	0.128
11475	122133	0.112	0.096	0.248	0.208
11475	122133	0.12	0.144	0.256	0.264
11475	122133	0.135	0.007	0.113	0.128
11475	122133	0.12	0.048	0.087	0.072
11475	122133	0.136	0.056	0.064	0.08
11475	122133	0.096	0.064	0.072	0.032
11475	122133	0.12	0.112	0.208	0.232
11475	122133	0.184	0.176	0.296	0.36
11475	122133	0.136	0.104	0.08	0.032
11475	122133	0.12	0.024	0.112	0.096
11475	122133	0.135	0.033	0.153	0.168
11475	122133	0.104	0.096	0.231	0.2
11475	122133	0.104	0.136	0.24	0.24
11475	122133	0.088	0.024	0.08	0.064
11475	122133	0.072	0.096	0.184	0.168
11475	122133	0.072	0.4	0.472	0.472
11475	122133	0.096	0.184	0.256	0.28
11475	122133	0.096	0.032	0.128	0.128
11475	122133	0.2	0.176	0.272	0.376
11475	122133	0.088	0.08	0.12	0.008
11475	122133	0.079	0.209	0.297	0.288
11475	122133	0.072	0.096	0.175	0.168
11475	122133	0.0	0.0	0.0	0.0
11475	122133	0.0	0.0	0.0	0.0
11475	122133	0.0	0.0	0.0	0.0
11475	122133	0.0	0.0	0.0	0.0
11475	122133	0.0	0.0	0.0	0.0
11475	122133	0.0	0.0	0.0	0.0
11475	122133	0.0	0.0	0.0	0.0
11475	122133	0.0	0.0	0.0	0.0
11475	122133	0.0	0.0	0.0	0.0
11475	122133	0.0	0.0	0.0	0.0
11475	122133	0.0	0.0	0.0	0.0
11475	122133	0.0	0.0	0.0	0.0
11475	122133	0.0	0.0	0.0	0.0
11475	122133	0.0	0.0	0.0	0.0
11475	122133	0.0	0.0	0.0	0.0
11475	122133	0.0	0.0	0.0	0.0
11475	122133	0.0	0.0	0.0	0.0
11475	122133	0.0	0.0	0.0	0.0
11475	122133	0.0	0.0	0.0	0.0
11475	122133	0.0	0.0	0.0	0.0
11475	122133	0.0	0.0	0.0	0.0
11475	122133	0.0	0.0	0.0	0.0
11475	122133	0.0	0.0	0.0	0.0
11475	122133	0.0	0.0	0.0	0.0
11475	122133	0.0	0.0	0.0	0.0
11475	122133	0.0	0.0	0.0	0.0
11475	122133	0.0	0.0	0.0	0.0
11475	122133	0.0	0.0	0.0	0.0
11475	122133	0.0	0.0	0.0	0.0
11475	122133	0.0	0.0	0.0	0.0
11475	122133	0.0	0.0	0.0	0.0
11475	122144	0.168	0.0	0.0	0.0
11475	122144	0.128	0.04	0.128	0.088
11475	122144	0.12	0.064	0.064	0.056
11475	122144	0.184	0.048	0.168	0.232
11475	122144	0.096	0.064	0.12	0.032
11475	122144	0.088	0.024	0.12	0.112
11475	122144	0.08	0.088	0.176	0.168
11475	122144	0.04	0.16	0.24	0.2
11475	122144	0.104	0.104	0.144	0.208
11475	122144	0.089	0.063	0.167	0.152
11475	122144	0.088	0.152	0.241	0.24
11475	122144	0.048	0.08	0.168	0.128
11475	122144	0.063	0.072	0.12	0.135
11475	122144	0.048	0.033	0.096	0.081
11475	122144	0.034	0.04	0.088	0.074
11475	122144	0.12	0.654	0.688	0.774
11475	122144	0.096	0.208	0.328	0.304
11475	122144	0.2	0.016	0.112	0.216
11475	122144	0.08	0.088	0.112	0.008
11475	122144	0.119	0.128	0.208	0.247
11475	122144	0.063	0.329	0.448	0.392
11475	122144	0.064	0.153	0.216	0.217
11475	122144	0.096	0.208	0.272	0.304
11475	122144	0.064	0.128	0.224	0.192
11475	122144	0.127	0.008	0.072	0.135
11475	122144	0.136	0.009	0.136	0.145
11475	122144	0.128	0.008	0.128	0.12
11475	122144	0.08	0.008	0.136	0.088
11475	122144	0.128	0.016	0.096	0.144
11475	122144	0.104	0.112	0.24	0.216
11475	122144	0.12	0.256	0.36	0.376
11475	122144	0.12	0.072	0.192	0.192
11475	122144	0.112	0.04	0.16	0.152
11475	122144	0.079	0.04	0.152	0.119
11475	122144	0.089	0.04	0.119	0.129
11475	122144	0.104	0.008	0.097	0.112
11475	122144	0.12	0.024	0.08	0.096
11475	122144	0.112	0.168	0.288	0.28
11475	122144	0.081	0.311	0.423	0.392
11475	122144	0.0	0.0	0.0	0.0
11475	122144	0.0	0.0	0.0	0.0
11475	122144	0.0	0.0	0.0	0.0
11475	122144	0.0	0.0	0.0	0.0
11475	122144	0.0	0.0	0.0	0.0
11475	122144	0.0	0.0	0.0	0.0
11475	122144	0.0	0.0	0.0	0.0
11475	122144	0.0	0.0	0.0	0.0
11475	122144	0.0	0.0	0.0	0.0
11475	122144	0.0	0.0	0.0	0.0
11475	122144	0.0	0.0	0.0	0.0
11475	122144	0.0	0.0	0.0	0.0
11475	122144	0.0	0.0	0.0	0.0
11475	122144	0.0	0.0	0.0	0.0
11475	122144	0.0	0.0	0.0	0.0
11475	122144	0.0	0.0	0.0	0.0
11475	122144	0.0	0.0	0.0	0.0
11475	122144	0.0	0.0	0.0	0.0
11475	122144	0.0	0.0	0.0	0.0
11475	122144	0.0	0.0	0.0	0.0
11475	122144	0.0	0.0	0.0	0.0
11475	122144	0.0	0.0	0.0	0.0
11475	122144	0.0	0.0	0.0	0.0
11475	122144	0.0	0.0	0.0	0.0
11475	122144	0.0	0.0	0.0	0.0
11475	122144	0.0	0.0	0.0	0.0
11475	122144	0.0	0.0	0.0	0.0
11475	122144	0.0	0.0	0.0	0.0
11475	122144	0.0	0.0	0.0	0.0
11475	122144	0.0	0.0	0.0	0.0
11475	122144	0.0	0.0	0.0	0.0
11475	122154	0.215	0.0	0.0	0.0
11475	122154	0.103	0.055	0.16	0.048
11475	122154	0.096	0.016	0.119	0.112
11475	122154	0.136	0.048	0.144	0.184
11475	122154	0.096	0.033	0.169	0.129
11475	122154	0.119	0.056	0.152	0.175
11475	122154	0.103	0.113	0.232	0.216
11475	122154	0.144	0.008	0.111	0.152
11475	122154	0.104	0.056	0.088	0.048
11475	122154	0.063	0.137	0.241	0.2
11475	122154	0.104	0.128	0.191	0.232
11475	122154	0.12	0.184	0.288	0.304
11475	122154	0.12	0.016	0.104	0.104
11475	122154	0.128	0.024	0.096	0.104
11475	122154	0.096	0.008	0.12	0.088
11475	122154	0.128	0.008	0.088	0.12
11475	122154	0.088	0.064	0.064	0.024
11475	122154	0.144	0.08	0.168	0.224
11475	122154	0.12	0.064	0.08	0.056
11475	122154	0.096	0.032	0.088	0.064
11475	122154	0.096	0.016	0.112	0.112
11475	122154	0.12	0.04	0.136	0.16
11475	122154	0.096	0.16	0.28	0.256
11475	122154	0.168	0.176	0.272	0.344
11475	122154	0.087	0.039	0.129	0.048
11475	122154	0.136	0.104	0.191	0.24
11475	122154	0.104	0.008	0.144	0.112
11475	122154	0.122	0.096	0.2	0.218
11475	122154	0.184	0.018	0.104	0.166
11475	122154	0.136	0.048	0.136	0.088
11475	122154	0.112	0.016	0.152	0.128
11475	122154	0.128	0.072	0.184	0.2
11475	122154	0.136	0.048	0.08	0.088
11475	122154	0.136	0.056	0.192	0.192
11475	122154	0.112	0.024	0.16	0.136
11475	122154	0.112	0.008	0.12	0.12
11475	122154	0.048	0.048	0.16	0.096
11475	122154	0.112	0.024	0.072	0.136
11475	122154	0.096	0.024	0.136	0.12
11475	122154	0.136	0.032	0.128	0.168
11475	122154	0.096	0.112	0.248	0.208
11475	122154	0.288	0.064	0.16	0.352
11475	122154	0.104	0.056	0.232	0.048
11475	122154	0.144	0.064	0.168	0.208
11475	122154	0.12	0.032	0.176	0.152
11475	122154	0.152	0.016	0.136	0.168
11475	122154	0.08	0.048	0.104	0.032
11475	122154	0.08	0.056	0.136	0.136
11475	122154	0.12	0.08	0.16	0.2
11475	122154	0.104	0.048	0.072	0.056
11475	122154	0.016	0.024	0.128	0.04
11475	122154	0.064	0.016	0.032	0.08
11475	122154	0.352	0.032	0.096	0.384
11475	122154	0.12	0.144	0.496	0.264
11475	122154	0.12	0.024	0.096	0.096
11475	122154	0.2	0.032	0.088	0.168
11475	122154	0.129	0.088	0.112	0.041
11475	122154	0.064	0.009	0.12	0.055
11475	122154	0.072	0.192	0.256	0.264
11475	122154	0.088	0.08	0.152	0.168
11475	122154	0.072	0.128	0.216	0.2
11475	122154	0.096	0.304	0.376	0.4
11475	122154	0.184	0.04	0.136	0.224
11475	122154	0.114	0.048	0.136	0.066
11475	122154	0.104	0.018	0.096	0.086
11475	122154	0.112	0.176	0.28	0.288
11475	122154	0.12	0.056	0.168	0.176
11475	122154	0.12	0.016	0.104	0.104
11475	122154	0.104	0.04	0.16	0.144
11475	122154	0.2	0.008	0.112	0.208
