PARTICIPANT_ID	TEST_SECTION_ID	HOLD_LATENCY	INTERKEY_LATENCY	PRESS_LATENCY	RELEASE_LATENCY
11704	124336	0.149	0.0	0.0	0.0
11704	124336	0.103	0.111	0.038	0.008
11704	124336	0.079	0.105	0.208	0.184
11704	124336	0.103	0.081	0.16	0.184
11704	124336	0.103	0.025	0.128	0.128
11704	124336	0.095	0.025	0.128	0.12
11704	124336	0.12	0.033	0.128	0.153
11704	124336	0.079	0.016	0.104	0.063
11704	124336	0.088	0.033	0.112	0.121
11704	124336	0.096	0.032	0.12	0.128
11704	124336	0.112	0.024	0.12	0.136
11704	124336	0.112	0.048	0.16	0.16
11704	124336	0.096	0.032	0.144	0.128
11704	124336	0.088	0.024	0.072	0.064
11704	124336	0.08	0.064	0.152	0.144
11704	124336	0.088	0.064	0.144	0.152
11704	124336	0.104	0.024	0.112	0.128
11704	124336	0.096	0.024	0.128	0.12
11704	124336	0.08	0.112	0.208	0.192
11704	124336	0.08	0.088	0.168	0.168
11704	124336	0.136	0.056	0.136	0.192
11704	124336	0.104	0.04	0.176	0.144
11704	124336	0.152	0.04	0.144	0.192
11704	124336	0.088	0.056	0.208	0.144
11704	124336	0.08	0.112	0.2	0.192
11704	124336	0.095	0.049	0.129	0.144
11704	124336	0.08	0.008	0.103	0.088
11704	124336	0.096	0.08	0.16	0.176
11704	124336	0.088	0.272	0.368	0.36
11704	124336	0.103	0.081	0.169	0.184
11704	124336	0.104	0.016	0.087	0.088
11704	124336	0.079	0.017	0.121	0.096
11704	124336	0.135	0.049	0.128	0.184
11704	124336	0.131	0.016	0.119	0.115
11704	124336	0.119	0.034	0.097	0.085
11704	124336	0.119	0.007	0.112	0.112
11704	124336	0.103	0.015	0.104	0.088
11704	124336	0.095	0.023	0.08	0.072
11704	124336	0.079	0.017	0.112	0.096
11704	124336	0.104	0.449	0.528	0.553
11704	124336	0.096	0.296	0.4	0.392
11704	124336	0.12	0.112	0.208	0.232
11704	124336	0.096	0.12	0.24	0.216
11704	124336	0.112	0.04	0.136	0.152
11704	124336	0.136	0.072	0.184	0.208
11704	124336	0.096	0.111	0.247	0.207
11704	124336	0.12	0.361	0.457	0.481
11704	124336	0.136	0.024	0.144	0.16
11704	124336	0.104	0.16	0.296	0.264
11704	124336	0.095	0.041	0.145	0.136
11704	124336	0.104	0.064	0.159	0.168
11704	124336	0.08	0.184	0.288	0.264
11704	124336	0.087	0.009	0.089	0.096
11704	124336	0.095	0.065	0.152	0.16
11704	124336	0.096	0.064	0.159	0.16
11704	124336	0.119	0.017	0.113	0.136
11704	124336	0.103	0.033	0.152	0.136
11704	124336	0.111	0.033	0.136	0.144
11704	124336	0.143	0.015	0.096	0.128
11704	124336	0.087	0.033	0.176	0.12
11704	124336	0.119	0.065	0.152	0.184
11704	124336	0.0	0.0	0.0	0.0
11704	124336	0.0	0.0	0.0	0.0
11704	124336	0.0	0.0	0.0	0.0
11704	124336	0.0	0.0	0.0	0.0
11704	124336	0.0	0.0	0.0	0.0
11704	124336	0.0	0.0	0.0	0.0
11704	124336	0.0	0.0	0.0	0.0
11704	124336	0.0	0.0	0.0	0.0
11704	124336	0.0	0.0	0.0	0.0
11704	124380	0.12	0.0	0.0	0.0
11704	124380	0.104	0.032	0.088	0.072
11704	124380	0.096	0.009	0.113	0.105
11704	124380	0.072	0.007	0.103	0.079
11704	124380	0.112	0.032	0.104	0.144
11704	124380	0.087	0.041	0.153	0.128
11704	124380	0.128	0.024	0.111	0.152
11704	124380	0.087	0.009	0.137	0.096
11704	124380	0.095	0.007	0.08	0.088
11704	124380	0.079	0.057	0.152	0.136
11704	124380	0.223	0.281	0.36	0.504
11704	124380	0.128	0.135	0.088	0.007
11704	124380	0.128	0.176	0.304	0.304
11704	124380	0.096	0.056	0.184	0.152
11704	124380	0.112	0.144	0.24	0.256
11704	124380	0.072	0.072	0.184	0.144
11704	124380	0.104	0.008	0.08	0.112
11704	124380	0.104	0.048	0.152	0.152
11704	124380	0.104	0.096	0.2	0.2
11704	124380	0.112	0.12	0.224	0.232
11704	124380	0.12	0.048	0.16	0.168
11704	124380	0.128	0.008	0.112	0.12
11704	124380	0.088	0.096	0.224	0.184
11704	124380	0.112	0.048	0.136	0.16
11704	124380	0.104	0.016	0.128	0.12
11704	124380	0.096	0.04	0.144	0.136
11704	124380	0.122	0.024	0.12	0.146
11704	124380	0.128	0.026	0.096	0.102
11704	124380	0.104	0.008	0.136	0.112
11704	124380	0.096	0.016	0.088	0.08
11704	124380	0.104	0.168	0.264	0.272
11704	124380	0.112	0.401	0.505	0.513
11704	124380	0.16	0.047	0.159	0.207
11704	124380	0.095	0.025	0.185	0.12
11704	124380	0.111	0.041	0.136	0.152
11704	124380	0.104	0.065	0.176	0.169
11704	124380	0.12	0.304	0.408	0.424
11704	124380	0.112	0.024	0.144	0.136
11704	124380	0.112	0.04	0.072	0.072
11704	124380	0.112	0.032	0.08	0.08
11704	124380	0.12	0.032	0.144	0.152
11704	124380	0.104	0.088	0.208	0.192
11704	124380	0.08	0.048	0.152	0.128
11704	124380	0.152	0.024	0.056	0.128
11704	124380	0.096	0.048	0.104	0.048
11704	124380	0.104	0.088	0.184	0.192
11704	124380	0.0	0.0	0.0	0.0
11704	124380	0.0	0.0	0.0	0.0
11704	124380	0.0	0.0	0.0	0.0
11704	124380	0.0	0.0	0.0	0.0
11704	124380	0.0	0.0	0.0	0.0
11704	124380	0.0	0.0	0.0	0.0
11704	124380	0.0	0.0	0.0	0.0
11704	124380	0.0	0.0	0.0	0.0
11704	124380	0.0	0.0	0.0	0.0
11704	124380	0.0	0.0	0.0	0.0
11704	124380	0.0	0.0	0.0	0.0
11704	124380	0.0	0.0	0.0	0.0
11704	124380	0.0	0.0	0.0	0.0
11704	124380	0.0	0.0	0.0	0.0
11704	124380	0.0	0.0	0.0	0.0
11704	124380	0.0	0.0	0.0	0.0
11704	124380	0.0	0.0	0.0	0.0
11704	124380	0.0	0.0	0.0	0.0
11704	124380	0.0	0.0	0.0	0.0
11704	124380	0.0	0.0	0.0	0.0
11704	124380	0.0	0.0	0.0	0.0
11704	124380	0.0	0.0	0.0	0.0
11704	124380	0.0	0.0	0.0	0.0
11704	124380	0.0	0.0	0.0	0.0
11704	124401	2.425	0.0	0.0	0.0
11704	124401	0.12	0.561	1.864	0.441
11704	124401	0.087	0.079	0.041	0.008
11704	124401	0.095	0.112	0.199	0.207
11704	124401	0.112	0.186	0.281	0.298
11704	124401	0.133	0.008	0.12	0.141
11704	124401	0.12	0.053	0.08	0.067
11704	124401	0.111	0.016	0.136	0.127
11704	124401	0.112	0.025	0.136	0.137
11704	124401	0.119	0.008	0.12	0.127
11704	124401	0.16	0.063	0.056	0.097
11704	124401	0.088	0.048	0.112	0.04
11704	124401	0.136	0.032	0.12	0.168
11704	124401	0.088	0.016	0.152	0.104
11704	124401	0.096	0.032	0.12	0.128
11704	124401	0.12	0.056	0.152	0.176
11704	124401	0.096	0.12	0.24	0.216
11704	124401	0.12	0.056	0.152	0.176
11704	124401	0.104	0.016	0.136	0.12
11704	124401	0.216	0.12	0.224	0.336
11704	124401	0.12	0.136	0.08	0.016
11704	124401	0.272	0.256	0.376	0.528
11704	124401	0.113	0.112	0.16	0.001
11704	124401	0.095	0.296	0.409	0.391
11704	124401	0.104	0.536	0.631	0.64
11704	124401	0.12	3.033	3.137	3.153
11704	124401	0.0	0.0	0.0	0.0
11704	124401	0.0	0.0	0.0	0.0
11704	124401	0.0	0.0	0.0	0.0
11704	124401	0.0	0.0	0.0	0.0
11704	124401	0.0	0.0	0.0	0.0
11704	124401	0.0	0.0	0.0	0.0
11704	124401	0.0	0.0	0.0	0.0
11704	124401	0.0	0.0	0.0	0.0
11704	124401	0.0	0.0	0.0	0.0
11704	124401	0.0	0.0	0.0	0.0
11704	124401	0.0	0.0	0.0	0.0
11704	124401	0.0	0.0	0.0	0.0
11704	124401	0.0	0.0	0.0	0.0
11704	124401	0.0	0.0	0.0	0.0
11704	124401	0.0	0.0	0.0	0.0
11704	124401	0.0	0.0	0.0	0.0
11704	124401	0.0	0.0	0.0	0.0
11704	124401	0.0	0.0	0.0	0.0
11704	124401	0.0	0.0	0.0	0.0
11704	124401	0.0	0.0	0.0	0.0
11704	124401	0.0	0.0	0.0	0.0
11704	124401	0.0	0.0	0.0	0.0
11704	124401	0.0	0.0	0.0	0.0
11704	124401	0.0	0.0	0.0	0.0
11704	124401	0.0	0.0	0.0	0.0
11704	124401	0.0	0.0	0.0	0.0
11704	124401	0.0	0.0	0.0	0.0
11704	124401	0.0	0.0	0.0	0.0
11704	124401	0.0	0.0	0.0	0.0
11704	124401	0.0	0.0	0.0	0.0
11704	124401	0.0	0.0	0.0	0.0
11704	124401	0.0	0.0	0.0	0.0
11704	124401	0.0	0.0	0.0	0.0
11704	124401	0.0	0.0	0.0	0.0
11704	124401	0.0	0.0	0.0	0.0
11704	124401	0.0	0.0	0.0	0.0
11704	124401	0.0	0.0	0.0	0.0
11704	124401	0.0	0.0	0.0	0.0
11704	124401	0.0	0.0	0.0	0.0
11704	124401	0.0	0.0	0.0	0.0
11704	124401	0.0	0.0	0.0	0.0
11704	124401	0.0	0.0	0.0	0.0
11704	124401	0.0	0.0	0.0	0.0
11704	124401	0.0	0.0	0.0	0.0
11704	124421	0.136	0.0	0.0	0.0
11704	124421	0.097	0.096	0.04	0.001
11704	124421	0.095	0.079	0.176	0.174
11704	124421	0.103	0.057	0.152	0.16
11704	124421	0.144	0.033	0.136	0.177
11704	124421	0.104	0.016	0.16	0.12
11704	124421	0.08	0.04	0.144	0.12
11704	124421	0.128	0.08	0.16	0.208
11704	124421	0.16	0.008	0.12	0.152
11704	124421	0.128	0.033	0.127	0.095
11704	124421	0.105	0.04	0.088	0.065
11704	124421	0.104	0.008	0.097	0.096
11704	124421	0.136	0.04	0.144	0.176
11704	124421	0.096	0.008	0.128	0.088
11704	124421	0.112	0.008	0.088	0.104
11704	124421	0.088	0.016	0.128	0.104
11704	124421	0.12	0.016	0.104	0.136
11704	124421	0.104	0.024	0.096	0.08
11704	124421	0.12	0.048	0.152	0.168
11704	124421	0.112	0.064	0.184	0.176
11704	124421	0.111	0.017	0.129	0.128
11704	124421	0.104	0.04	0.071	0.064
11704	124421	0.12	0.056	0.16	0.176
11704	124421	0.096	0.016	0.136	0.112
11704	124421	0.112	0.024	0.12	0.136
11704	124421	0.112	0.04	0.152	0.152
11704	124421	0.088	0.008	0.12	0.096
11704	124421	0.064	0.008	0.096	0.072
11704	124421	0.088	0.064	0.128	0.152
11704	124421	0.087	0.033	0.121	0.12
11704	124421	0.112	0.032	0.119	0.144
11704	124421	0.111	0.023	0.089	0.088
11704	124421	0.087	0.015	0.096	0.072
11704	124421	0.087	0.017	0.104	0.104
11704	124421	0.143	0.017	0.104	0.16
11704	124421	0.103	0.055	0.088	0.048
11704	124421	0.132	0.015	0.088	0.117
11704	124421	0.12	0.028	0.104	0.092
11704	124421	0.12	0.464	0.584	0.584
11704	124421	0.0	0.0	0.0	0.0
11704	124421	0.0	0.0	0.0	0.0
11704	124421	0.0	0.0	0.0	0.0
11704	124421	0.0	0.0	0.0	0.0
11704	124421	0.0	0.0	0.0	0.0
11704	124421	0.0	0.0	0.0	0.0
11704	124421	0.0	0.0	0.0	0.0
11704	124421	0.0	0.0	0.0	0.0
11704	124421	0.0	0.0	0.0	0.0
11704	124421	0.0	0.0	0.0	0.0
11704	124421	0.0	0.0	0.0	0.0
11704	124421	0.0	0.0	0.0	0.0
11704	124421	0.0	0.0	0.0	0.0
11704	124421	0.0	0.0	0.0	0.0
11704	124421	0.0	0.0	0.0	0.0
11704	124421	0.0	0.0	0.0	0.0
11704	124421	0.0	0.0	0.0	0.0
11704	124421	0.0	0.0	0.0	0.0
11704	124421	0.0	0.0	0.0	0.0
11704	124421	0.0	0.0	0.0	0.0
11704	124421	0.0	0.0	0.0	0.0
11704	124421	0.0	0.0	0.0	0.0
11704	124421	0.0	0.0	0.0	0.0
11704	124421	0.0	0.0	0.0	0.0
11704	124421	0.0	0.0	0.0	0.0
11704	124421	0.0	0.0	0.0	0.0
11704	124421	0.0	0.0	0.0	0.0
11704	124421	0.0	0.0	0.0	0.0
11704	124421	0.0	0.0	0.0	0.0
11704	124421	0.0	0.0	0.0	0.0
11704	124421	0.0	0.0	0.0	0.0
11704	124438	0.144	0.0	0.0	0.0
11704	124438	0.096	0.08	0.064	0.016
11704	124438	0.112	0.056	0.152	0.168
11704	124438	0.096	0.008	0.12	0.104
11704	124438	0.064	0.072	0.168	0.136
11704	124438	0.112	0.256	0.32	0.368
11704	124438	0.136	0.12	0.232	0.256
11704	124438	0.104	0.049	0.185	0.153
11704	124438	0.087	0.064	0.168	0.151
11704	124438	0.151	0.153	0.24	0.304
11704	124438	0.103	0.047	0.104	0.056
11704	124438	0.087	0.081	0.184	0.168
11704	124438	0.104	0.185	0.272	0.289
11704	124438	0.136	0.12	0.224	0.256
11704	124438	0.104	0.016	0.12	0.088
11704	124438	0.104	0.064	0.168	0.168
11704	124438	0.096	0.056	0.16	0.152
11704	124438	0.096	0.072	0.168	0.168
11704	124438	0.12	0.032	0.128	0.152
11704	124438	0.128	0.008	0.128	0.136
11704	124438	0.12	0.016	0.112	0.104
11704	124438	0.112	0.008	0.128	0.12
11704	124438	0.104	0.016	0.096	0.088
11704	124438	0.12	0.024	0.128	0.144
11704	124438	0.104	0.024	0.096	0.08
11704	124438	0.12	0.056	0.16	0.176
11704	124438	0.104	0.032	0.152	0.136
11704	124438	0.104	0.016	0.088	0.088
11704	124438	0.096	0.08	0.184	0.176
11704	124438	0.096	0.048	0.144	0.144
11704	124438	0.159	0.031	0.065	0.128
11704	124438	0.144	0.048	0.111	0.096
11704	124438	0.112	0.056	0.088	0.056
11704	124438	0.12	0.008	0.104	0.112
11704	124438	0.096	0.032	0.152	0.128
11704	124438	0.12	0.008	0.104	0.128
11704	124438	0.088	0.024	0.144	0.112
11704	124438	0.127	0.049	0.137	0.176
11704	124438	0.136	0.023	0.104	0.113
11704	124438	0.103	0.048	0.088	0.055
11704	124438	0.104	0.04	0.143	0.144
11704	124438	0.103	0.049	0.153	0.152
11704	124438	0.087	0.105	0.208	0.192
11704	124438	0.112	0.089	0.176	0.201
11704	124438	0.104	0.024	0.136	0.128
11704	124438	0.16	0.04	0.144	0.2
11704	124438	0.128	0.04	0.12	0.088
11704	124438	0.096	0.056	0.184	0.152
11704	124438	0.136	0.032	0.128	0.168
11704	124438	0.104	0.008	0.144	0.112
11704	124438	0.096	0.008	0.096	0.088
11704	124438	0.104	0.04	0.136	0.144
11704	124438	0.152	0.496	0.6	0.648
11704	124438	0.104	0.08	0.072	0.024
11704	124438	0.112	0.088	0.192	0.2
11704	124438	0.088	0.064	0.176	0.152
11704	124438	0.104	0.04	0.128	0.144
11704	124438	0.104	0.008	0.112	0.112
11704	124438	0.096	0.096	0.2	0.192
11704	124438	0.096	0.096	0.192	0.192
11704	124438	0.104	0.08	0.176	0.184
11704	124438	0.111	0.521	0.625	0.632
11704	124438	0.087	0.017	0.128	0.104
11704	124438	0.103	0.033	0.12	0.136
11704	124438	0.095	0.033	0.136	0.128
11704	124438	0.095	0.049	0.144	0.144
11704	124438	0.111	0.081	0.176	0.192
11704	124438	0.0	0.0	0.0	0.0
11704	124438	0.0	0.0	0.0	0.0
11704	124438	0.0	0.0	0.0	0.0
11704	124465	0.144	0.0	0.0	0.0
11704	124465	0.088	0.104	0.04	0.016
11704	124465	0.088	0.112	0.2	0.2
11704	124465	0.088	0.072	0.16	0.16
11704	124465	0.087	0.017	0.105	0.104
11704	124465	0.12	0.024	0.111	0.144
11704	124465	0.096	0.008	0.128	0.104
11704	124465	0.096	0.064	0.16	0.16
11704	124465	0.095	0.065	0.161	0.16
11704	124465	0.103	0.089	0.184	0.192
11704	124465	0.103	0.089	0.192	0.192
11704	124465	0.095	0.121	0.224	0.216
11704	124465	0.111	0.041	0.136	0.152
11704	124465	0.095	0.017	0.128	0.112
11704	124465	0.08	0.017	0.112	0.097
11704	124465	0.111	0.064	0.144	0.175
11704	124465	0.136	0.217	0.328	0.353
11704	124465	0.104	0.048	0.088	0.056
11704	124465	0.112	0.04	0.144	0.152
11704	124465	0.104	0.16	0.272	0.264
11704	124465	0.104	0.104	0.208	0.208
11704	124465	0.144	0.304	0.408	0.448
11704	124465	0.112	0.096	0.24	0.208
11704	124465	0.104	0.04	0.152	0.144
11704	124465	0.112	0.008	0.112	0.12
11704	124465	0.112	0.072	0.184	0.184
11704	124465	0.104	0.168	0.28	0.272
11704	124465	0.111	0.071	0.033	0.04
11704	124465	0.107	0.009	0.12	0.116
11704	124465	0.096	0.036	0.071	0.06
11704	124465	0.111	0.025	0.121	0.136
11704	124465	0.136	0.184	0.295	0.32
11704	124465	0.104	0.008	0.128	0.096
11704	124465	0.128	0.384	0.488	0.512
11704	124465	0.095	0.007	0.121	0.088
11704	124465	0.095	0.089	0.184	0.184
11704	124465	0.119	0.049	0.144	0.168
11704	124465	0.126	0.065	0.184	0.191
11704	124465	0.121	0.045	0.081	0.076
11704	124465	0.088	0.035	0.086	0.053
11704	124465	0.095	0.025	0.113	0.12
11704	124465	0.104	0.007	0.088	0.097
11704	124465	0.112	0.024	0.128	0.136
11704	124465	0.12	0.048	0.16	0.168
11704	124465	0.112	0.016	0.136	0.128
11704	124465	0.12	0.016	0.096	0.104
11704	124465	0.08	0.04	0.16	0.12
11704	124465	0.12	0.048	0.128	0.168
11704	124465	0.08	0.112	0.232	0.192
11704	124465	0.128	0.048	0.128	0.176
11704	124465	0.144	0.016	0.144	0.16
11704	124465	0.143	0.047	0.097	0.096
11704	124465	0.12	0.064	0.079	0.056
11704	124465	0.128	0.016	0.136	0.144
11704	124465	0.128	0.088	0.216	0.216
11704	124465	0.096	0.032	0.096	0.064
11704	124465	0.12	0.032	0.128	0.152
11704	124465	0.152	0.232	0.352	0.384
11704	124465	0.112	0.08	0.072	0.032
11704	124465	0.104	0.088	0.2	0.192
11704	124465	0.096	0.032	0.136	0.128
11704	124465	0.12	0.064	0.16	0.184
11704	124465	0.112	0.144	0.264	0.256
11704	124465	0.104	0.208	0.32	0.312
11704	124465	0.104	0.432	0.536	0.536
11704	124465	0.104	0.057	0.161	0.161
11704	124465	0.096	0.016	0.088	0.08
11704	124465	0.088	0.36	0.456	0.448
11704	124465	0.072	0.304	0.392	0.376
11704	124465	0.12	0.048	0.12	0.168
11704	124497	0.128	0.0	0.0	0.0
11704	124497	0.096	0.064	0.064	0.032
11704	124497	0.086	0.073	0.169	0.159
11704	124497	0.128	0.056	0.142	0.184
11704	124497	0.144	0.081	0.209	0.225
11704	124497	0.096	0.088	0.056	0.008
11704	124497	0.096	0.36	0.456	0.456
11704	124497	0.112	0.296	0.392	0.408
11704	124497	0.144	0.032	0.144	0.176
11704	124497	0.112	0.032	0.176	0.144
11704	124497	0.111	0.015	0.097	0.096
11704	124497	0.111	0.065	0.176	0.176
11704	124497	0.104	0.192	0.303	0.296
11704	124497	0.111	0.065	0.169	0.176
11704	124497	0.095	0.057	0.168	0.152
11704	124497	0.119	0.369	0.464	0.488
11704	124497	0.095	0.041	0.16	0.136
11704	124497	0.119	0.055	0.04	0.064
11704	124497	0.095	0.009	0.128	0.104
11704	124497	0.128	0.033	0.128	0.161
11704	124497	0.104	0.008	0.136	0.112
11704	124497	0.12	0.04	0.064	0.08
11704	124497	0.104	0.024	0.144	0.128
11704	124497	0.096	0.088	0.192	0.184
11704	124497	0.088	0.088	0.184	0.176
11704	124497	0.096	0.048	0.136	0.144
11704	124497	0.112	0.032	0.128	0.144
11704	124497	0.088	0.416	0.528	0.504
11704	124497	0.08	0.072	0.16	0.152
11704	124497	0.104	0.104	0.184	0.208
11704	124497	0.096	0.184	0.288	0.28
11704	124497	0.072	0.096	0.192	0.168
11704	124497	0.12	0.064	0.136	0.184
11704	124497	0.144	0.096	0.216	0.24
11704	124497	0.104	0.224	0.368	0.328
11704	124497	0.12	0.048	0.152	0.168
11704	124497	0.12	0.008	0.128	0.128
11704	124497	0.072	0.032	0.152	0.104
11704	124497	0.096	0.048	0.12	0.144
11704	124497	0.103	0.009	0.105	0.112
11704	124497	0.129	0.144	0.247	0.273
11704	124497	0.12	0.065	0.064	0.055
11704	124497	0.087	0.009	0.129	0.096
11704	124497	0.136	0.449	0.536	0.585
11704	124497	0.104	0.208	0.344	0.312
11704	124497	0.104	0.016	0.088	0.088
11704	124497	0.096	0.024	0.128	0.12
11704	124497	0.12	0.008	0.104	0.128
11704	124497	0.112	0.064	0.184	0.176
11704	124497	0.112	0.008	0.12	0.12
11704	124497	0.136	0.008	0.104	0.128
11704	124497	0.072	0.048	0.088	0.024
11704	124497	0.095	0.161	0.233	0.256
11704	124497	0.112	0.064	0.159	0.176
11704	124497	0.096	0.04	0.152	0.136
11704	124497	0.12	0.04	0.136	0.16
11704	124497	0.144	0.016	0.136	0.16
11704	124497	0.12	0.048	0.096	0.072
11704	124497	0.103	0.033	0.153	0.136
11704	124497	0.0	0.0	0.0	0.0
11704	124497	0.0	0.0	0.0	0.0
11704	124497	0.0	0.0	0.0	0.0
11704	124497	0.0	0.0	0.0	0.0
11704	124497	0.0	0.0	0.0	0.0
11704	124497	0.0	0.0	0.0	0.0
11704	124497	0.0	0.0	0.0	0.0
11704	124497	0.0	0.0	0.0	0.0
11704	124497	0.0	0.0	0.0	0.0
11704	124497	0.0	0.0	0.0	0.0
11704	124497	0.0	0.0	0.0	0.0
11704	124515	0.136	0.0	0.0	0.0
11704	124515	0.111	0.088	0.048	0.023
11704	124515	0.111	0.057	0.168	0.168
11704	124515	0.096	0.031	0.08	0.065
11704	124515	0.135	0.064	0.16	0.199
11704	124515	0.112	0.009	0.144	0.121
11704	124515	0.135	0.009	0.121	0.144
11704	124515	0.112	0.056	0.079	0.056
11704	124515	0.144	0.024	0.136	0.168
11704	124515	0.128	0.024	0.12	0.104
11704	124515	0.128	0.056	0.072	0.072
11704	124515	0.104	0.016	0.144	0.12
11704	124515	0.112	0.376	0.48	0.488
11704	124515	0.08	0.008	0.12	0.088
11704	124515	0.112	0.024	0.104	0.136
11704	124515	0.104	0.04	0.152	0.144
11704	124515	0.088	0.016	0.088	0.072
11704	124515	0.231	0.192	0.28	0.423
11704	124515	0.135	0.167	0.064	0.032
11704	124515	0.0	0.0	0.0	0.0
11704	124515	0.0	0.0	0.0	0.0
11704	124515	0.0	0.0	0.0	0.0
11704	124515	0.0	0.0	0.0	0.0
11704	124515	0.0	0.0	0.0	0.0
11704	124515	0.0	0.0	0.0	0.0
11704	124515	0.0	0.0	0.0	0.0
11704	124515	0.0	0.0	0.0	0.0
11704	124515	0.0	0.0	0.0	0.0
11704	124515	0.0	0.0	0.0	0.0
11704	124515	0.0	0.0	0.0	0.0
11704	124515	0.0	0.0	0.0	0.0
11704	124515	0.0	0.0	0.0	0.0
11704	124515	0.0	0.0	0.0	0.0
11704	124515	0.0	0.0	0.0	0.0
11704	124515	0.0	0.0	0.0	0.0
11704	124515	0.0	0.0	0.0	0.0
11704	124515	0.0	0.0	0.0	0.0
11704	124515	0.0	0.0	0.0	0.0
11704	124515	0.0	0.0	0.0	0.0
11704	124515	0.0	0.0	0.0	0.0
11704	124515	0.0	0.0	0.0	0.0
11704	124515	0.0	0.0	0.0	0.0
11704	124515	0.0	0.0	0.0	0.0
11704	124515	0.0	0.0	0.0	0.0
11704	124515	0.0	0.0	0.0	0.0
11704	124515	0.0	0.0	0.0	0.0
11704	124515	0.0	0.0	0.0	0.0
11704	124515	0.0	0.0	0.0	0.0
11704	124515	0.0	0.0	0.0	0.0
11704	124515	0.0	0.0	0.0	0.0
11704	124515	0.0	0.0	0.0	0.0
11704	124515	0.0	0.0	0.0	0.0
11704	124515	0.0	0.0	0.0	0.0
11704	124515	0.0	0.0	0.0	0.0
11704	124515	0.0	0.0	0.0	0.0
11704	124515	0.0	0.0	0.0	0.0
11704	124515	0.0	0.0	0.0	0.0
11704	124515	0.0	0.0	0.0	0.0
11704	124515	0.0	0.0	0.0	0.0
11704	124515	0.0	0.0	0.0	0.0
11704	124515	0.0	0.0	0.0	0.0
11704	124515	0.0	0.0	0.0	0.0
11704	124515	0.0	0.0	0.0	0.0
11704	124515	0.0	0.0	0.0	0.0
11704	124515	0.0	0.0	0.0	0.0
11704	124515	0.0	0.0	0.0	0.0
11704	124515	0.0	0.0	0.0	0.0
11704	124515	0.0	0.0	0.0	0.0
11704	124515	0.0	0.0	0.0	0.0
11704	124515	0.0	0.0	0.0	0.0
11704	124522	0.143	0.0	0.0	0.0
11704	124522	0.112	0.095	0.048	0.017
11704	124522	0.088	0.064	0.176	0.152
11704	124522	0.128	0.04	0.128	0.168
11704	124522	0.144	0.008	0.136	0.152
11704	124522	0.112	0.056	0.088	0.056
11704	124522	0.072	0.128	0.24	0.2
11704	124522	0.096	0.376	0.448	0.472
11704	124522	0.088	0.088	0.184	0.176
11704	124522	0.103	0.177	0.265	0.28
11704	124522	0.088	0.088	0.191	0.176
11704	124522	0.103	0.137	0.225	0.24
11704	124522	0.096	0.008	0.095	0.088
11704	124522	0.104	0.128	0.224	0.232
11704	124522	0.108	0.032	0.136	0.14
11704	124522	0.088	0.036	0.072	0.052
11704	124522	0.088	0.056	0.144	0.144
11704	124522	0.119	0.145	0.233	0.264
11704	124522	0.088	0.216	0.335	0.304
11704	124522	0.111	0.057	0.145	0.168
11704	124522	0.104	0.057	0.168	0.161
11704	124522	0.087	0.008	0.112	0.095
11704	124522	0.16	0.449	0.536	0.609
11704	124522	0.096	0.392	0.552	0.488
11704	124522	0.128	0.024	0.072	0.104
11704	124522	0.103	0.032	0.096	0.071
11704	124522	0.128	0.041	0.144	0.169
11704	124522	0.112	0.04	0.088	0.072
11704	124522	0.152	0.384	0.496	0.536
11704	124522	0.128	0.016	0.168	0.144
11704	124522	0.087	0.265	0.393	0.352
11704	124522	0.112	0.056	0.143	0.168
11704	124522	0.16	0.008	0.12	0.168
11704	124522	0.144	0.016	0.176	0.16
11704	124522	0.12	0.032	0.176	0.152
11704	124522	0.12	0.008	0.128	0.128
11704	124522	0.151	0.153	0.273	0.304
11704	124522	0.095	0.201	0.352	0.296
11704	124522	0.095	0.065	0.16	0.16
11704	124522	0.119	0.073	0.168	0.192
11704	124522	0.12	0.049	0.168	0.169
11704	124522	0.096	0.071	0.191	0.167
11704	124522	0.096	0.105	0.201	0.201
11704	124522	0.112	0.064	0.16	0.176
11704	124522	0.096	0.056	0.168	0.152
11704	124522	0.12	0.104	0.2	0.224
11704	124522	0.152	0.048	0.168	0.2
11704	124522	0.128	0.024	0.128	0.104
11704	124522	0.096	0.008	0.136	0.104
11704	124522	0.12	0.064	0.16	0.184
11704	124522	0.08	0.104	0.224	0.184
11704	124522	0.112	0.04	0.12	0.152
11704	124522	0.112	0.008	0.104	0.104
11704	124522	0.12	0.12	0.232	0.24
11704	124522	0.095	0.105	0.225	0.2
11704	124522	0.08	0.032	0.127	0.112
11704	124522	0.159	0.057	0.137	0.216
11704	124522	0.096	0.008	0.151	0.088
11704	124522	0.114	0.008	0.104	0.122
11704	124522	0.12	0.05	0.064	0.07
11704	124522	0.096	0.152	0.272	0.248
11704	124522	0.087	0.497	0.593	0.584
11704	124522	0.096	0.097	0.184	0.193
11704	124522	0.111	0.024	0.12	0.135
11704	124522	0.095	0.401	0.512	0.496
11704	124522	0.087	0.01	0.105	0.097
11704	124522	0.136	0.016	0.103	0.152
11704	124522	0.128	0.008	0.128	0.12
11704	124522	0.176	0.056	0.184	0.232
11704	124522	0.08	0.008	0.168	0.072
11704	124544	0.136	0.0	0.0	0.0
11704	124544	0.104	0.072	0.064	0.032
11704	124544	0.112	0.008	0.112	0.12
11704	124544	0.08	0.024	0.088	0.056
11704	124544	0.12	0.056	0.136	0.176
11704	124544	0.176	0.04	0.16	0.216
11704	124544	0.12	0.096	0.08	0.024
11704	124544	0.136	0.072	0.192	0.208
11704	124544	0.104	0.056	0.08	0.048
11704	124544	0.159	0.033	0.137	0.192
11704	124544	0.096	0.048	0.111	0.048
11704	124544	0.12	0.032	0.128	0.152
11704	124544	0.095	0.089	0.209	0.184
11704	124544	0.143	0.015	0.08	0.128
11704	124544	0.088	0.04	0.103	0.048
11704	124544	0.096	0.056	0.144	0.152
11704	124544	0.096	0.008	0.104	0.104
11704	124544	0.127	0.009	0.105	0.136
11704	124544	0.063	0.057	0.184	0.12
11704	124544	0.128	0.232	0.295	0.36
11704	124544	0.104	0.096	0.224	0.2
11704	124544	0.095	0.015	0.089	0.08
11704	124544	0.151	0.033	0.128	0.184
11704	124544	0.103	0.031	0.12	0.072
11704	124544	0.136	0.008	0.111	0.144
11704	124544	0.087	0.009	0.145	0.096
11704	124544	0.111	0.023	0.064	0.088
11704	124544	0.087	0.007	0.104	0.08
11704	124544	0.103	0.017	0.104	0.12
11704	124544	0.096	0.081	0.184	0.177
11704	124544	0.135	0.104	0.2	0.239
11704	124544	0.112	0.161	0.296	0.273
11704	124544	0.104	0.08	0.192	0.184
11704	124544	0.112	0.088	0.192	0.2
11704	124544	0.088	0.048	0.16	0.136
11704	124544	0.104	0.08	0.168	0.184
11704	124544	0.096	0.192	0.296	0.288
11704	124544	0.12	0.072	0.168	0.192
11704	124544	0.128	0.04	0.08	0.088
11704	124544	0.128	0.008	0.136	0.136
11704	124544	0.096	0.024	0.104	0.072
11704	124544	0.104	0.08	0.176	0.184
11704	124544	0.088	0.008	0.112	0.096
11704	124544	0.08	0.024	0.112	0.104
11704	124544	0.072	0.008	0.088	0.08
11704	124544	0.12	0.032	0.104	0.152
11704	124544	0.104	0.12	0.24	0.224
11704	124544	0.088	0.016	0.088	0.072
11704	124544	0.088	0.024	0.112	0.112
11704	124544	0.104	0.04	0.048	0.064
11704	124544	0.112	0.056	0.16	0.168
11704	124544	0.144	0.016	0.128	0.16
11704	124544	0.111	0.153	0.297	0.264
11704	124544	0.079	0.081	0.192	0.16
11704	124544	0.103	0.129	0.208	0.232
11704	124544	0.112	0.185	0.288	0.297
11704	124544	0.135	0.16	0.272	0.295
11704	124544	0.136	0.233	0.368	0.369
11704	124544	0.144	0.032	0.168	0.176
11704	124544	0.088	0.008	0.136	0.08
11704	124544	0.088	0.048	0.136	0.136
11704	124544	0.112	0.088	0.176	0.2
11704	124544	0.096	0.176	0.288	0.272
11704	124544	0.088	0.216	0.312	0.304
11704	124544	0.112	0.064	0.152	0.176
11704	124544	0.096	0.024	0.136	0.12
11704	124544	0.111	0.041	0.137	0.152
11704	124544	0.088	0.016	0.095	0.072
11704	124544	0.112	0.616	0.704	0.728
11704	124544	0.0	0.0	0.0	0.0
11704	124560	0.176	0.0	0.0	0.0
11704	124560	0.104	0.112	0.064	0.008
11704	124560	0.128	0.088	0.192	0.216
11704	124560	0.104	0.024	0.104	0.08
11704	124560	0.08	0.072	0.176	0.152
11704	124560	0.088	0.008	0.088	0.096
11704	124560	0.104	0.104	0.192	0.208
11704	124560	0.108	0.064	0.168	0.172
11704	124560	0.112	0.036	0.072	0.076
11704	124560	0.104	0.008	0.12	0.112
11704	124560	0.112	0.024	0.128	0.136
11704	124560	0.176	0.056	0.168	0.232
11704	124560	0.144	0.088	0.088	0.056
11704	124560	0.104	0.032	0.176	0.136
11704	124560	0.144	0.048	0.152	0.192
11704	124560	0.106	0.032	0.112	0.074
11704	124560	0.095	0.025	0.081	0.07
11704	124560	0.128	0.048	0.143	0.176
11704	124560	0.112	0.048	0.176	0.16
11704	124560	0.08	0.064	0.176	0.144
11704	124560	0.103	0.057	0.137	0.16
11704	124560	0.063	0.009	0.112	0.072
11704	124560	0.095	0.025	0.088	0.12
11704	124560	0.088	0.065	0.16	0.153
11704	124560	0.12	0.048	0.136	0.168
11704	124560	0.095	0.112	0.232	0.207
11704	124560	0.111	0.015	0.08	0.096
11704	124560	0.128	0.009	0.12	0.137
11704	124560	0.121	0.064	0.064	0.057
11704	124560	0.116	0.115	0.236	0.231
11704	124560	0.12	0.024	0.092	0.096
11704	124560	0.088	0.04	0.08	0.048
11704	124560	0.088	0.096	0.184	0.184
11704	124560	0.088	0.016	0.072	0.072
11704	124560	0.2	0.216	0.304	0.416
11704	124560	0.128	0.152	0.048	0.024
11704	124560	0.0	0.0	0.0	0.0
11704	124560	0.0	0.0	0.0	0.0
11704	124560	0.0	0.0	0.0	0.0
11704	124560	0.0	0.0	0.0	0.0
11704	124560	0.0	0.0	0.0	0.0
11704	124560	0.0	0.0	0.0	0.0
11704	124560	0.0	0.0	0.0	0.0
11704	124560	0.0	0.0	0.0	0.0
11704	124560	0.0	0.0	0.0	0.0
11704	124560	0.0	0.0	0.0	0.0
11704	124560	0.0	0.0	0.0	0.0
11704	124560	0.0	0.0	0.0	0.0
11704	124560	0.0	0.0	0.0	0.0
11704	124560	0.0	0.0	0.0	0.0
11704	124560	0.0	0.0	0.0	0.0
11704	124560	0.0	0.0	0.0	0.0
11704	124560	0.0	0.0	0.0	0.0
11704	124560	0.0	0.0	0.0	0.0
11704	124560	0.0	0.0	0.0	0.0
11704	124560	0.0	0.0	0.0	0.0
11704	124560	0.0	0.0	0.0	0.0
11704	124560	0.0	0.0	0.0	0.0
11704	124560	0.0	0.0	0.0	0.0
11704	124560	0.0	0.0	0.0	0.0
11704	124560	0.0	0.0	0.0	0.0
11704	124560	0.0	0.0	0.0	0.0
11704	124560	0.0	0.0	0.0	0.0
11704	124560	0.0	0.0	0.0	0.0
11704	124560	0.0	0.0	0.0	0.0
11704	124560	0.0	0.0	0.0	0.0
11704	124560	0.0	0.0	0.0	0.0
11704	124560	0.0	0.0	0.0	0.0
11704	124560	0.0	0.0	0.0	0.0
11704	124560	0.0	0.0	0.0	0.0
11704	124573	0.143	0.0	0.0	0.0
11704	124573	0.086	0.078	0.065	0.008
11704	124573	0.088	0.081	0.167	0.169
11704	124573	0.111	0.048	0.136	0.159
11704	124573	0.113	0.008	0.119	0.121
11704	124573	0.11	0.032	0.081	0.078
11704	124573	0.144	0.04	0.15	0.184
11704	124573	0.114	0.008	0.136	0.106
11704	124573	0.104	0.048	0.162	0.152
11704	124573	0.112	0.032	0.072	0.08
11704	124573	0.104	0.008	0.12	0.112
11704	124573	0.12	0.039	0.143	0.159
11704	124573	0.104	0.049	0.169	0.153
11704	124573	0.176	0.12	0.224	0.296
11704	124573	0.096	0.104	0.072	0.008
11704	124573	0.12	0.08	0.176	0.2
11704	124573	0.12	0.112	0.232	0.232
11704	124573	0.104	0.008	0.128	0.112
11704	124573	0.131	0.088	0.192	0.219
11704	124573	0.136	0.035	0.096	0.101
11704	124573	0.168	0.04	0.096	0.128
11704	124573	0.137	0.081	0.087	0.056
11704	124573	0.136	0.072	0.065	0.064
11704	124573	0.128	0.032	0.168	0.16
11704	124573	0.095	0.089	0.217	0.184
11704	124573	0.088	0.064	0.159	0.152
11704	124573	0.104	0.048	0.136	0.152
11704	124573	0.087	0.057	0.161	0.144
11704	124573	0.103	0.073	0.16	0.176
11704	124573	0.087	0.041	0.144	0.128
11704	124573	0.096	0.056	0.143	0.152
11704	124573	0.111	0.033	0.129	0.144
11704	124573	0.08	0.017	0.128	0.097
11704	124573	0.095	0.032	0.112	0.127
11704	124573	0.088	0.089	0.184	0.177
11704	124573	0.0	0.0	0.0	0.0
11704	124573	0.0	0.0	0.0	0.0
11704	124573	0.0	0.0	0.0	0.0
11704	124573	0.0	0.0	0.0	0.0
11704	124573	0.0	0.0	0.0	0.0
11704	124573	0.0	0.0	0.0	0.0
11704	124573	0.0	0.0	0.0	0.0
11704	124573	0.0	0.0	0.0	0.0
11704	124573	0.0	0.0	0.0	0.0
11704	124573	0.0	0.0	0.0	0.0
11704	124573	0.0	0.0	0.0	0.0
11704	124573	0.0	0.0	0.0	0.0
11704	124573	0.0	0.0	0.0	0.0
11704	124573	0.0	0.0	0.0	0.0
11704	124573	0.0	0.0	0.0	0.0
11704	124573	0.0	0.0	0.0	0.0
11704	124573	0.0	0.0	0.0	0.0
11704	124573	0.0	0.0	0.0	0.0
11704	124573	0.0	0.0	0.0	0.0
11704	124573	0.0	0.0	0.0	0.0
11704	124573	0.0	0.0	0.0	0.0
11704	124573	0.0	0.0	0.0	0.0
11704	124573	0.0	0.0	0.0	0.0
11704	124573	0.0	0.0	0.0	0.0
11704	124573	0.0	0.0	0.0	0.0
11704	124573	0.0	0.0	0.0	0.0
11704	124573	0.0	0.0	0.0	0.0
11704	124573	0.0	0.0	0.0	0.0
11704	124573	0.0	0.0	0.0	0.0
11704	124573	0.0	0.0	0.0	0.0
11704	124573	0.0	0.0	0.0	0.0
11704	124573	0.0	0.0	0.0	0.0
11704	124573	0.0	0.0	0.0	0.0
11704	124573	0.0	0.0	0.0	0.0
11704	124573	0.0	0.0	0.0	0.0
11704	124588	0.128	0.0	0.0	0.0
11704	124588	0.096	0.08	0.048	0.016
11704	124588	0.08	0.056	0.152	0.136
11704	124588	0.12	0.008	0.088	0.128
11704	124588	0.12	0.008	0.112	0.112
11704	124588	0.112	0.048	0.168	0.16
11704	124588	0.088	0.016	0.096	0.072
11704	124588	0.077	0.027	0.115	0.104
11704	124588	0.104	0.064	0.141	0.168
11704	124588	0.088	0.032	0.136	0.12
11704	124588	0.096	0.016	0.072	0.08
11704	124588	0.072	0.008	0.104	0.08
11704	124588	0.104	0.04	0.112	0.144
11704	124588	0.119	0.065	0.169	0.184
11704	124588	0.095	0.033	0.152	0.128
11704	124588	0.135	0.009	0.104	0.144
11704	124588	0.12	0.048	0.087	0.072
11704	124588	0.104	0.032	0.152	0.136
11704	124588	0.095	0.015	0.089	0.08
11704	124588	0.111	0.015	0.08	0.096
11704	124588	0.111	0.055	0.056	0.056
11704	124588	0.095	0.033	0.144	0.128
11704	124588	0.12	0.064	0.159	0.184
11704	124588	0.111	0.137	0.257	0.248
11704	124588	0.096	0.007	0.104	0.089
11704	124588	0.104	0.032	0.128	0.136
11704	124588	0.136	0.04	0.144	0.176
11704	124588	0.112	0.016	0.12	0.096
11704	124588	0.176	0.112	0.224	0.288
11704	124588	0.112	0.088	0.264	0.2
11704	124588	0.104	0.064	0.176	0.168
11704	124588	0.112	0.056	0.16	0.168
11704	124588	0.144	0.04	0.152	0.184
11704	124588	0.12	0.072	0.072	0.048
11704	124588	0.159	0.055	0.065	0.104
11704	124588	0.104	0.04	0.119	0.064
11704	124588	0.12	0.072	0.176	0.192
11704	124588	0.112	0.128	0.248	0.24
11704	124588	0.159	0.032	0.144	0.191
11704	124588	0.144	0.031	0.128	0.113
11704	124588	0.104	0.008	0.152	0.112
11704	124588	0.113	0.032	0.136	0.145
11704	124588	0.087	0.048	0.161	0.135
11704	124588	0.111	0.073	0.16	0.184
11704	124588	0.127	0.105	0.216	0.232
11704	124588	0.096	0.008	0.135	0.104
11704	124588	0.127	0.009	0.105	0.136
11704	124588	0.135	0.007	0.12	0.128
11704	124588	0.112	0.217	0.352	0.329
11704	124588	0.112	0.032	0.144	0.144
11704	124588	0.111	0.032	0.144	0.143
11704	124588	0.102	0.022	0.089	0.08
11704	124588	0.104	0.241	0.343	0.345
11704	124588	0.144	0.016	0.088	0.128
11704	124588	0.12	0.04	0.104	0.08
11704	124588	0.104	0.08	0.2	0.184
11704	124588	0.096	0.2	0.304	0.296
11704	124588	0.112	0.048	0.144	0.16
11704	124588	0.088	0.056	0.168	0.144
11704	124588	0.104	0.064	0.152	0.168
11704	124588	0.104	0.304	0.408	0.408
11704	124588	0.103	0.039	0.065	0.064
11704	124588	0.088	0.008	0.111	0.096
11704	124588	0.104	0.04	0.128	0.144
11704	124588	0.095	0.625	0.729	0.72
11704	124588	0.096	0.136	0.231	0.232
11704	124588	0.0	0.0	0.0	0.0
11704	124588	0.0	0.0	0.0	0.0
11704	124588	0.0	0.0	0.0	0.0
11704	124588	0.0	0.0	0.0	0.0
11704	124601	0.153	0.0	0.0	0.0
11704	124601	0.095	0.072	0.081	0.023
11704	124601	0.088	0.121	0.216	0.209
11704	124601	0.095	0.136	0.224	0.231
11704	124601	0.16	0.537	0.632	0.697
11704	124601	0.279	0.192	0.352	0.471
11704	124601	0.16	0.151	0.128	0.009
11704	124601	0.105	0.183	0.343	0.288
11704	124601	0.128	0.04	0.145	0.168
11704	124601	0.128	0.032	0.096	0.096
11704	124601	0.12	0.008	0.12	0.112
11704	124601	0.111	0.047	0.073	0.064
11704	124601	0.088	0.008	0.119	0.096
11704	124601	0.12	0.008	0.096	0.128
11704	124601	0.134	0.025	0.145	0.159
11704	124601	0.096	0.025	0.159	0.121
11704	124601	0.151	0.137	0.233	0.288
11704	124601	0.119	0.063	0.088	0.056
11704	124601	0.087	0.097	0.216	0.184
11704	124601	0.087	0.025	0.112	0.112
11704	124601	0.12	0.057	0.144	0.177
11704	124601	0.104	0.072	0.192	0.176
11704	124601	0.088	0.032	0.136	0.12
11704	124601	0.111	0.064	0.152	0.175
11704	124601	0.112	0.017	0.128	0.129
11704	124601	0.112	0.088	0.2	0.2
11704	124601	0.096	0.024	0.136	0.12
11704	124601	0.072	0.008	0.104	0.08
11704	124601	0.112	0.04	0.112	0.152
11704	124601	0.08	0.04	0.152	0.12
11704	124601	0.072	0.048	0.128	0.12
11704	124601	0.088	0.056	0.128	0.144
11704	124601	0.087	0.015	0.073	0.072
11704	124601	0.088	0.024	0.111	0.112
11704	124601	0.12	0.024	0.112	0.144
11704	124601	0.121	0.041	0.161	0.162
11704	124601	0.096	0.026	0.095	0.07
11704	124601	0.111	0.033	0.129	0.144
11704	124601	0.136	0.04	0.071	0.096
11704	124601	0.12	0.008	0.144	0.128
11704	124601	0.096	0.008	0.128	0.104
11704	124601	0.04	0.112	0.208	0.152
11704	124601	0.128	0.08	0.12	0.208
11704	124601	0.111	0.353	0.481	0.464
11704	124601	0.112	0.008	0.103	0.104
11704	124601	0.127	0.193	0.305	0.32
11704	124601	0.127	0.025	0.152	0.152
11704	124601	0.095	0.049	0.176	0.144
11704	124601	0.088	0.265	0.36	0.353
11704	124601	0.104	0.064	0.152	0.168
11704	124601	0.111	0.056	0.16	0.167
11704	124601	0.135	0.145	0.256	0.28
11704	124601	0.12	0.007	0.128	0.113
11704	124601	0.184	0.176	0.296	0.36
11704	124601	0.112	0.048	0.136	0.064
11704	124601	0.12	0.296	0.408	0.416
11704	124601	0.096	0.032	0.152	0.128
11704	124601	0.096	0.024	0.12	0.12
11704	124601	0.112	0.248	0.344	0.36
11704	124601	0.0	0.0	0.0	0.0
11704	124601	0.0	0.0	0.0	0.0
11704	124601	0.0	0.0	0.0	0.0
11704	124601	0.0	0.0	0.0	0.0
11704	124601	0.0	0.0	0.0	0.0
11704	124601	0.0	0.0	0.0	0.0
11704	124601	0.0	0.0	0.0	0.0
11704	124601	0.0	0.0	0.0	0.0
11704	124601	0.0	0.0	0.0	0.0
11704	124601	0.0	0.0	0.0	0.0
11704	124601	0.0	0.0	0.0	0.0
11704	124618	0.12	0.0	0.0	0.0
11704	124618	0.095	0.087	0.033	0.008
11704	124618	0.095	0.097	0.192	0.192
11704	124618	0.12	0.041	0.136	0.161
11704	124618	0.088	0.136	0.256	0.224
11704	124618	0.103	0.176	0.264	0.279
11704	124618	0.112	0.289	0.392	0.401
11704	124618	0.136	0.008	0.12	0.144
11704	124618	0.138	0.064	0.2	0.202
11704	124618	0.104	0.026	0.112	0.078
11704	124618	0.12	0.008	0.096	0.112
11704	124618	0.096	0.008	0.128	0.104
11704	124618	0.08	0.04	0.136	0.12
11704	124618	0.112	0.032	0.112	0.144
11704	124618	0.088	0.032	0.144	0.12
11704	124618	0.096	0.008	0.08	0.088
11704	124618	0.104	0.16	0.256	0.264
11704	124618	0.136	0.056	0.048	0.08
11704	124618	0.168	0.056	0.08	0.112
11704	124618	0.104	0.04	0.128	0.064
11704	124618	0.112	0.017	0.121	0.129
11704	124618	0.111	0.072	0.184	0.183
11704	124618	0.095	0.337	0.448	0.432
11704	124618	0.096	0.064	0.159	0.16
11704	124618	0.087	0.065	0.161	0.152
11704	124618	0.087	0.065	0.152	0.152
11704	124618	0.103	0.065	0.152	0.168
11704	124618	0.095	0.057	0.16	0.152
11704	124618	0.127	0.097	0.192	0.224
11704	124618	0.096	0.241	0.368	0.337
11704	124618	0.136	0.008	0.104	0.144
11704	124618	0.152	0.064	0.072	0.088
11704	124618	0.112	0.048	0.104	0.064
11704	124618	0.136	0.024	0.136	0.16
11704	124618	0.096	0.032	0.104	0.064
11704	124618	0.096	0.016	0.112	0.112
11704	124618	0.248	0.032	0.128	0.28
11704	124618	0.08	0.104	0.144	0.024
11704	124618	0.104	0.312	0.392	0.416
11704	124618	0.072	0.056	0.16	0.128
11704	124618	0.072	0.072	0.144	0.144
11704	124618	0.128	0.064	0.136	0.192
11704	124618	0.128	0.144	0.272	0.272
11704	124618	0.112	0.024	0.104	0.088
11704	124618	0.088	0.008	0.104	0.08
11704	124618	0.112	0.032	0.12	0.144
11704	124618	0.096	0.016	0.096	0.08
11704	124618	0.103	0.041	0.137	0.144
11704	124618	0.119	0.049	0.152	0.168
11704	124618	0.087	0.097	0.216	0.184
11704	124618	0.096	0.04	0.047	0.056
11704	124618	0.095	0.025	0.121	0.12
11704	124618	0.127	0.009	0.104	0.136
11704	124618	0.095	0.065	0.192	0.16
11704	124618	0.111	0.025	0.12	0.136
11704	124618	0.111	0.015	0.096	0.096
11704	124618	0.119	0.009	0.12	0.128
11704	124618	0.111	0.056	0.063	0.055
11704	124618	0.105	0.041	0.152	0.146
11704	124618	0.0	0.0	0.0	0.0
11704	124618	0.0	0.0	0.0	0.0
11704	124618	0.0	0.0	0.0	0.0
11704	124618	0.0	0.0	0.0	0.0
11704	124618	0.0	0.0	0.0	0.0
11704	124618	0.0	0.0	0.0	0.0
11704	124618	0.0	0.0	0.0	0.0
11704	124618	0.0	0.0	0.0	0.0
11704	124618	0.0	0.0	0.0	0.0
11704	124618	0.0	0.0	0.0	0.0
11704	124618	0.0	0.0	0.0	0.0
