PARTICIPANT_ID	TEST_SECTION_ID	HOLD_LATENCY	INTERKEY_LATENCY	PRESS_LATENCY	RELEASE_LATENCY
12009	127571	0.101	0.0	0.0	0.0
12009	127571	0.12	0.032	0.069	0.088
12009	127571	0.08	0.024	0.144	0.104
12009	127571	0.103	0.047	0.033	0.056
12009	127571	0.113	0.016	0.119	0.129
12009	127571	0.088	0.033	0.08	0.055
12009	127571	0.144	0.104	0.192	0.248
12009	127571	0.112	0.064	0.08	0.048
12009	127571	0.08	0.04	0.072	0.04
12009	127571	0.072	0.104	0.184	0.176
12009	127571	0.192	0.04	0.032	0.152
12009	127571	0.104	0.008	0.184	0.096
12009	127571	0.12	0.04	0.064	0.08
12009	127571	0.12	0.008	0.112	0.112
12009	127571	0.112	0.048	0.072	0.064
12009	127571	0.064	0.008	0.104	0.056
12009	127571	0.104	0.408	0.472	0.512
12009	127571	0.128	0.048	0.056	0.08
12009	127571	0.088	0.04	0.088	0.048
12009	127571	0.096	0.064	0.152	0.16
12009	127571	0.088	0.008	0.088	0.08
12009	127571	0.08	0.008	0.08	0.072
12009	127571	0.48	0.168	0.248	0.648
12009	127571	0.055	0.344	0.136	0.289
12009	127571	0.048	0.129	0.184	0.177
12009	127571	0.072	0.344	0.392	0.416
12009	127571	0.0	0.0	0.0	0.0
12009	127571	0.0	0.0	0.0	0.0
12009	127571	0.0	0.0	0.0	0.0
12009	127571	0.0	0.0	0.0	0.0
12009	127571	0.0	0.0	0.0	0.0
12009	127571	0.0	0.0	0.0	0.0
12009	127571	0.0	0.0	0.0	0.0
12009	127571	0.0	0.0	0.0	0.0
12009	127571	0.0	0.0	0.0	0.0
12009	127571	0.0	0.0	0.0	0.0
12009	127571	0.0	0.0	0.0	0.0
12009	127571	0.0	0.0	0.0	0.0
12009	127571	0.0	0.0	0.0	0.0
12009	127571	0.0	0.0	0.0	0.0
12009	127571	0.0	0.0	0.0	0.0
12009	127571	0.0	0.0	0.0	0.0
12009	127571	0.0	0.0	0.0	0.0
12009	127571	0.0	0.0	0.0	0.0
12009	127571	0.0	0.0	0.0	0.0
12009	127571	0.0	0.0	0.0	0.0
12009	127571	0.0	0.0	0.0	0.0
12009	127571	0.0	0.0	0.0	0.0
12009	127571	0.0	0.0	0.0	0.0
12009	127571	0.0	0.0	0.0	0.0
12009	127571	0.0	0.0	0.0	0.0
12009	127571	0.0	0.0	0.0	0.0
12009	127571	0.0	0.0	0.0	0.0
12009	127571	0.0	0.0	0.0	0.0
12009	127571	0.0	0.0	0.0	0.0
12009	127571	0.0	0.0	0.0	0.0
12009	127571	0.0	0.0	0.0	0.0
12009	127571	0.0	0.0	0.0	0.0
12009	127571	0.0	0.0	0.0	0.0
12009	127571	0.0	0.0	0.0	0.0
12009	127571	0.0	0.0	0.0	0.0
12009	127571	0.0	0.0	0.0	0.0
12009	127571	0.0	0.0	0.0	0.0
12009	127571	0.0	0.0	0.0	0.0
12009	127571	0.0	0.0	0.0	0.0
12009	127571	0.0	0.0	0.0	0.0
12009	127571	0.0	0.0	0.0	0.0
12009	127571	0.0	0.0	0.0	0.0
12009	127571	0.0	0.0	0.0	0.0
12009	127571	0.0	0.0	0.0	0.0
12009	127581	0.208	0.0	0.0	0.0
12009	127581	0.136	0.024	0.184	0.112
12009	127581	0.087	0.008	0.128	0.079
12009	127581	0.096	0.153	0.24	0.249
12009	127581	0.063	0.032	0.128	0.095
12009	127581	0.113	0.032	0.095	0.145
12009	127581	0.096	0.376	0.489	0.472
12009	127581	0.064	0.504	0.6	0.568
12009	127581	0.171	0.072	0.136	0.243
12009	127581	0.071	0.035	0.136	0.036
12009	127581	0.095	0.281	0.352	0.376
12009	127581	0.08	0.025	0.12	0.105
12009	127581	0.071	0.12	0.2	0.191
12009	127581	0.047	0.489	0.56	0.536
12009	127581	0.127	0.041	0.088	0.168
12009	127581	0.071	0.063	0.064	0.008
12009	127581	0.057	0.073	0.144	0.13
12009	127581	0.104	0.111	0.168	0.215
12009	127581	0.065	0.025	0.079	0.04
12009	127581	0.095	0.168	0.233	0.263
12009	127581	0.055	0.007	0.088	0.048
12009	127581	0.104	0.008	0.063	0.112
12009	127581	0.065	0.008	0.112	0.073
12009	127581	0.112	0.272	0.337	0.384
12009	127581	0.087	0.048	0.16	0.135
12009	127581	0.121	0.024	0.063	0.097
12009	127581	0.053	0.079	0.2	0.132
12009	127581	0.112	0.1	0.153	0.212
12009	127581	0.048	0.015	0.127	0.063
12009	127581	0.08	0.257	0.305	0.337
12009	127581	0.087	0.088	0.168	0.175
12009	127581	0.048	0.008	0.095	0.056
12009	127581	0.179	0.024	0.072	0.203
12009	127581	0.072	0.011	0.168	0.061
12009	127581	0.079	0.233	0.305	0.312
12009	127581	0.096	0.145	0.224	0.241
12009	127581	0.056	0.031	0.127	0.087
12009	127581	0.055	0.121	0.177	0.176
12009	127581	0.113	0.096	0.151	0.209
12009	127581	0.055	0.016	0.097	0.039
12009	127581	0.103	0.177	0.232	0.28
12009	127581	0.144	0.185	0.288	0.329
12009	127581	0.032	0.32	0.464	0.352
12009	127581	0.072	0.015	0.047	0.087
12009	127581	0.113	0.04	0.112	0.153
12009	127581	0.057	0.007	0.12	0.064
12009	127581	0.071	0.408	0.465	0.479
12009	127581	0.128	0.129	0.2	0.257
12009	127581	0.113	0.015	0.143	0.128
12009	127581	0.097	0.071	0.184	0.168
12009	127581	0.072	0.015	0.112	0.087
12009	127581	0.081	0.097	0.169	0.178
12009	127581	0.074	0.055	0.136	0.129
12009	127581	0.071	0.034	0.04	0.037
12009	127581	0.12	0.08	0.151	0.2
12009	127581	0.128	0.032	0.152	0.16
12009	127581	0.048	0.352	0.48	0.4
12009	127581	0.048	0.08	0.128	0.128
12009	127581	0.048	0.08	0.128	0.128
12009	127581	0.064	0.072	0.12	0.136
12009	127581	0.088	0.024	0.04	0.064
12009	127581	0.216	0.088	0.176	0.304
12009	127581	0.175	0.063	0.153	0.112
12009	127581	0.112	0.016	0.159	0.096
12009	127581	0.096	0.496	0.608	0.592
12009	127581	0.064	0.016	0.08	0.048
12009	127581	0.064	0.072	0.136	0.136
12009	127581	0.088	0.176	0.24	0.264
12009	127581	0.064	0.008	0.096	0.072
12009	127581	0.096	0.128	0.192	0.224
12009	127605	0.152	0.0	0.0	0.0
12009	127605	0.072	0.056	0.096	0.016
12009	127605	0.096	0.048	0.12	0.144
12009	127605	0.08	0.08	0.176	0.16
12009	127605	0.072	0.368	0.448	0.44
12009	127605	0.104	0.016	0.088	0.12
12009	127605	0.08	0.04	0.144	0.12
12009	127605	0.088	0.112	0.192	0.2
12009	127605	0.152	0.032	0.12	0.184
12009	127605	0.104	0.032	0.12	0.072
12009	127605	0.112	0.312	0.416	0.424
12009	127605	0.104	0.008	0.104	0.096
12009	127605	0.056	0.008	0.112	0.064
12009	127605	0.08	0.032	0.088	0.112
12009	127605	0.096	0.016	0.096	0.112
12009	127605	0.08	0.016	0.08	0.064
12009	127605	0.072	0.312	0.392	0.384
12009	127605	0.072	0.104	0.176	0.176
12009	127605	0.104	0.016	0.088	0.12
12009	127605	0.072	0.04	0.064	0.032
12009	127605	0.112	0.08	0.152	0.192
12009	127605	0.072	0.008	0.104	0.064
12009	127605	0.096	0.056	0.128	0.152
12009	127605	0.132	0.052	0.044	0.08
12009	127605	0.072	0.008	0.14	0.08
12009	127605	0.08	0.072	0.144	0.152
12009	127605	0.136	0.024	0.104	0.16
12009	127605	0.089	0.024	0.112	0.065
12009	127605	0.056	0.007	0.096	0.063
12009	127605	0.072	0.216	0.272	0.288
12009	127605	0.128	0.024	0.096	0.152
12009	127605	0.088	0.056	0.072	0.032
12009	127605	0.072	0.088	0.176	0.16
12009	127605	0.08	0.056	0.128	0.136
12009	127605	0.059	0.28	0.36	0.339
12009	127605	0.0	0.0	0.0	0.0
12009	127605	0.0	0.0	0.0	0.0
12009	127605	0.0	0.0	0.0	0.0
12009	127605	0.0	0.0	0.0	0.0
12009	127605	0.0	0.0	0.0	0.0
12009	127605	0.0	0.0	0.0	0.0
12009	127605	0.0	0.0	0.0	0.0
12009	127605	0.0	0.0	0.0	0.0
12009	127605	0.0	0.0	0.0	0.0
12009	127605	0.0	0.0	0.0	0.0
12009	127605	0.0	0.0	0.0	0.0
12009	127605	0.0	0.0	0.0	0.0
12009	127605	0.0	0.0	0.0	0.0
12009	127605	0.0	0.0	0.0	0.0
12009	127605	0.0	0.0	0.0	0.0
12009	127605	0.0	0.0	0.0	0.0
12009	127605	0.0	0.0	0.0	0.0
12009	127605	0.0	0.0	0.0	0.0
12009	127605	0.0	0.0	0.0	0.0
12009	127605	0.0	0.0	0.0	0.0
12009	127605	0.0	0.0	0.0	0.0
12009	127605	0.0	0.0	0.0	0.0
12009	127605	0.0	0.0	0.0	0.0
12009	127605	0.0	0.0	0.0	0.0
12009	127605	0.0	0.0	0.0	0.0
12009	127605	0.0	0.0	0.0	0.0
12009	127605	0.0	0.0	0.0	0.0
12009	127605	0.0	0.0	0.0	0.0
12009	127605	0.0	0.0	0.0	0.0
12009	127605	0.0	0.0	0.0	0.0
12009	127605	0.0	0.0	0.0	0.0
12009	127605	0.0	0.0	0.0	0.0
12009	127605	0.0	0.0	0.0	0.0
12009	127605	0.0	0.0	0.0	0.0
12009	127605	0.0	0.0	0.0	0.0
12009	127614	0.122	0.0	0.0	0.0
12009	127614	0.052	0.018	0.104	0.034
12009	127614	0.088	0.06	0.112	0.148
12009	127614	0.064	0.0	0.088	0.064
12009	127614	0.064	0.064	0.128	0.128
12009	127614	0.112	0.008	0.072	0.12
12009	127614	0.064	0.024	0.088	0.04
12009	127614	0.112	0.056	0.12	0.168
12009	127614	0.08	0.016	0.096	0.064
12009	127614	0.088	0.04	0.12	0.128
12009	127614	0.092	0.048	0.136	0.14
12009	127614	0.096	0.02	0.072	0.076
12009	127614	0.096	0.096	0.192	0.192
12009	127614	0.048	0.04	0.056	0.008
12009	127614	0.128	0.504	0.552	0.632
12009	127614	0.104	0.048	0.176	0.152
12009	127614	0.04	0.016	0.088	0.024
12009	127614	0.152	0.328	0.368	0.48
12009	127614	0.112	0.032	0.12	0.08
12009	127614	0.088	0.024	0.136	0.112
12009	127614	0.072	0.016	0.104	0.088
12009	127614	0.088	0.016	0.088	0.104
12009	127614	0.12	0.032	0.056	0.088
12009	127614	0.08	0.024	0.096	0.056
12009	127614	0.152	0.2	0.28	0.352
12009	127614	0.128	0.048	0.104	0.08
12009	127614	0.064	0.032	0.096	0.032
12009	127614	0.056	0.512	0.576	0.568
12009	127614	0.0	0.0	0.0	0.0
12009	127614	0.0	0.0	0.0	0.0
12009	127614	0.0	0.0	0.0	0.0
12009	127614	0.0	0.0	0.0	0.0
12009	127614	0.0	0.0	0.0	0.0
12009	127614	0.0	0.0	0.0	0.0
12009	127614	0.0	0.0	0.0	0.0
12009	127614	0.0	0.0	0.0	0.0
12009	127614	0.0	0.0	0.0	0.0
12009	127614	0.0	0.0	0.0	0.0
12009	127614	0.0	0.0	0.0	0.0
12009	127614	0.0	0.0	0.0	0.0
12009	127614	0.0	0.0	0.0	0.0
12009	127614	0.0	0.0	0.0	0.0
12009	127614	0.0	0.0	0.0	0.0
12009	127614	0.0	0.0	0.0	0.0
12009	127614	0.0	0.0	0.0	0.0
12009	127614	0.0	0.0	0.0	0.0
12009	127614	0.0	0.0	0.0	0.0
12009	127614	0.0	0.0	0.0	0.0
12009	127614	0.0	0.0	0.0	0.0
12009	127614	0.0	0.0	0.0	0.0
12009	127614	0.0	0.0	0.0	0.0
12009	127614	0.0	0.0	0.0	0.0
12009	127614	0.0	0.0	0.0	0.0
12009	127614	0.0	0.0	0.0	0.0
12009	127614	0.0	0.0	0.0	0.0
12009	127614	0.0	0.0	0.0	0.0
12009	127614	0.0	0.0	0.0	0.0
12009	127614	0.0	0.0	0.0	0.0
12009	127614	0.0	0.0	0.0	0.0
12009	127614	0.0	0.0	0.0	0.0
12009	127614	0.0	0.0	0.0	0.0
12009	127614	0.0	0.0	0.0	0.0
12009	127614	0.0	0.0	0.0	0.0
12009	127614	0.0	0.0	0.0	0.0
12009	127614	0.0	0.0	0.0	0.0
12009	127614	0.0	0.0	0.0	0.0
12009	127614	0.0	0.0	0.0	0.0
12009	127614	0.0	0.0	0.0	0.0
12009	127614	0.0	0.0	0.0	0.0
12009	127614	0.0	0.0	0.0	0.0
12009	127623	0.152	0.0	0.0	0.0
12009	127623	0.048	0.072	0.08	0.024
12009	127623	0.08	0.776	0.824	0.856
12009	127623	0.079	0.104	0.184	0.183
12009	127623	0.152	0.113	0.192	0.265
12009	127623	0.136	0.016	0.136	0.12
12009	127623	0.048	0.456	0.592	0.504
12009	127623	0.064	0.12	0.168	0.184
12009	127623	0.088	0.064	0.128	0.152
12009	127623	0.055	0.024	0.064	0.031
12009	127623	0.08	0.145	0.2	0.225
12009	127623	0.056	0.064	0.144	0.12
12009	127623	0.088	0.008	0.064	0.096
12009	127623	0.08	0.08	0.168	0.16
12009	127623	0.055	0.015	0.065	0.04
12009	127623	0.119	0.224	0.279	0.343
12009	127623	0.048	0.008	0.127	0.056
12009	127623	0.052	0.593	0.641	0.645
12009	127623	0.104	0.188	0.24	0.292
12009	127623	0.096	0.008	0.096	0.088
12009	127623	0.063	0.112	0.208	0.175
12009	127623	0.192	0.065	0.128	0.257
12009	127623	0.12	0.04	0.152	0.08
12009	127623	0.096	0.56	0.68	0.656
12009	127623	0.08	0.128	0.224	0.208
12009	127623	0.104	0.272	0.352	0.376
12009	127623	0.072	0.04	0.144	0.112
12009	127623	0.096	0.072	0.144	0.168
12009	127623	0.056	0.008	0.088	0.048
12009	127623	0.136	0.144	0.2	0.28
12009	127623	0.071	0.032	0.104	0.039
12009	127623	0.08	0.105	0.176	0.185
12009	127623	0.063	0.056	0.136	0.119
12009	127623	0.071	0.022	0.041	0.049
12009	127623	0.104	0.2	0.271	0.304
12009	127623	0.104	0.048	0.056	0.056
12009	127623	0.071	0.024	0.128	0.095
12009	127623	0.096	0.025	0.096	0.121
12009	127623	0.056	0.976	1.072	1.032
12009	127623	0.056	0.68	0.736	0.736
12009	127623	0.096	0.592	0.648	0.688
12009	127623	0.096	0.072	0.168	0.168
12009	127623	0.063	0.016	0.08	0.047
12009	127623	0.056	0.329	0.392	0.385
12009	127623	0.0	0.0	0.0	0.0
12009	127623	0.0	0.0	0.0	0.0
12009	127623	0.0	0.0	0.0	0.0
12009	127623	0.0	0.0	0.0	0.0
12009	127623	0.0	0.0	0.0	0.0
12009	127623	0.0	0.0	0.0	0.0
12009	127623	0.0	0.0	0.0	0.0
12009	127623	0.0	0.0	0.0	0.0
12009	127623	0.0	0.0	0.0	0.0
12009	127623	0.0	0.0	0.0	0.0
12009	127623	0.0	0.0	0.0	0.0
12009	127623	0.0	0.0	0.0	0.0
12009	127623	0.0	0.0	0.0	0.0
12009	127623	0.0	0.0	0.0	0.0
12009	127623	0.0	0.0	0.0	0.0
12009	127623	0.0	0.0	0.0	0.0
12009	127623	0.0	0.0	0.0	0.0
12009	127623	0.0	0.0	0.0	0.0
12009	127623	0.0	0.0	0.0	0.0
12009	127623	0.0	0.0	0.0	0.0
12009	127623	0.0	0.0	0.0	0.0
12009	127623	0.0	0.0	0.0	0.0
12009	127623	0.0	0.0	0.0	0.0
12009	127623	0.0	0.0	0.0	0.0
12009	127623	0.0	0.0	0.0	0.0
12009	127623	0.0	0.0	0.0	0.0
12009	127631	0.063	0.0	0.0	0.0
12009	127631	0.104	0.048	0.111	0.152
12009	127631	0.096	0.016	0.088	0.08
12009	127631	0.12	0.112	0.208	0.232
12009	127631	0.088	0.104	0.224	0.192
12009	127631	0.097	0.112	0.2	0.209
12009	127631	0.088	0.017	0.08	0.071
12009	127631	0.112	0.352	0.44	0.464
12009	127631	0.068	0.024	0.136	0.092
12009	127631	0.056	0.092	0.16	0.148
12009	127631	0.136	0.072	0.128	0.208
12009	127631	0.104	0.016	0.12	0.088
12009	127631	0.12	0.04	0.144	0.16
12009	127631	0.08	0.064	0.056	0.016
12009	127631	0.064	0.104	0.184	0.168
12009	127631	0.104	0.024	0.088	0.128
12009	127631	0.048	0.008	0.096	0.04
12009	127631	0.071	0.121	0.169	0.192
12009	127631	0.048	0.112	0.183	0.16
12009	127631	0.056	0.424	0.472	0.48
12009	127631	0.057	0.176	0.232	0.233
12009	127631	0.088	0.063	0.12	0.151
12009	127631	0.064	0.056	0.144	0.12
12009	127631	0.096	0.264	0.328	0.36
12009	127631	0.113	0.016	0.112	0.129
12009	127631	0.032	0.009	0.104	0.023
12009	127631	0.024	0.024	0.056	0.048
12009	127631	0.112	0.072	0.096	0.184
12009	127631	0.12	0.152	0.264	0.272
12009	127631	0.035	0.592	0.712	0.627
12009	127631	0.144	0.045	0.08	0.189
12009	127631	0.112	0.048	0.096	0.064
12009	127631	0.072	0.032	0.144	0.104
12009	127631	0.072	0.464	0.536	0.536
12009	127631	0.08	0.128	0.2	0.208
12009	127631	0.167	0.001	0.081	0.168
12009	127631	0.103	0.039	0.128	0.064
12009	127631	0.088	0.072	0.175	0.16
12009	127631	0.056	0.001	0.089	0.057
12009	127631	0.056	0.055	0.111	0.111
12009	127631	0.048	0.008	0.064	0.056
12009	127631	0.088	0.048	0.096	0.136
12009	127631	0.038	0.002	0.09	0.04
12009	127631	0.056	0.104	0.142	0.16
12009	127631	0.032	0.088	0.144	0.12
12009	127631	0.056	0.352	0.384	0.408
12009	127631	0.128	0.128	0.184	0.256
12009	127631	0.178	0.016	0.112	0.162
12009	127631	0.12	0.042	0.136	0.078
12009	127631	0.088	0.008	0.128	0.096
12009	127631	0.088	2.312	2.4	2.4
12009	127631	0.071	0.057	0.145	0.128
12009	127631	0.08	0.12	0.191	0.2
12009	127631	1.504	0.52	0.6	2.024
12009	127631	0.04	1.376	0.128	1.336
12009	127631	0.128	0.104	0.144	0.232
12009	127631	0.048	0.016	0.112	0.032
12009	127631	0.056	0.192	0.24	0.248
12009	127631	0.12	0.112	0.168	0.232
12009	127631	0.072	0.096	0.216	0.168
12009	127631	0.136	0.064	0.136	0.2
12009	127631	0.064	0.008	0.128	0.056
12009	127631	0.048	0.648	0.712	0.696
12009	127631	0.048	0.28	0.328	0.328
12009	127631	0.056	0.456	0.504	0.512
12009	127631	0.072	0.048	0.104	0.12
12009	127631	0.064	0.336	0.408	0.4
12009	127631	0.0	0.0	0.0	0.0
12009	127631	0.0	0.0	0.0	0.0
12009	127631	0.0	0.0	0.0	0.0
12009	127659	0.136	0.0	0.0	0.0
12009	127659	0.104	0.016	0.12	0.088
12009	127659	0.067	0.056	0.048	0.011
12009	127659	0.112	0.045	0.112	0.157
12009	127659	0.144	0.024	0.088	0.12
12009	127659	0.096	0.04	0.104	0.056
12009	127659	0.088	0.032	0.064	0.056
12009	127659	0.112	0.048	0.136	0.16
12009	127659	0.136	0.04	0.072	0.096
12009	127659	0.096	0.048	0.088	0.048
12009	127659	0.088	0.016	0.08	0.072
12009	127659	0.096	0.032	0.12	0.128
12009	127659	0.096	0.04	0.056	0.056
12009	127659	0.112	0.088	0.184	0.2
12009	127659	0.104	0.032	0.144	0.136
12009	127659	0.032	1.68	1.784	1.712
12009	127659	0.048	0.096	0.128	0.144
12009	127659	0.04	0.088	0.136	0.128
12009	127659	0.064	0.16	0.2	0.224
12009	127659	0.104	0.08	0.144	0.184
12009	127659	0.04	0.024	0.128	0.064
12009	127659	0.08	0.384	0.424	0.464
12009	127659	0.056	0.016	0.096	0.072
12009	127659	0.048	0.112	0.168	0.16
12009	127659	0.112	0.096	0.144	0.208
12009	127659	0.096	0.04	0.152	0.136
12009	127659	0.136	0.008	0.088	0.128
12009	127659	0.112	0.024	0.112	0.088
12009	127659	0.064	0.016	0.096	0.048
12009	127659	0.097	0.015	0.079	0.112
12009	127659	0.047	0.001	0.098	0.048
12009	127659	0.104	0.528	0.575	0.632
12009	127659	0.056	0.048	0.152	0.104
12009	127659	0.08	0.12	0.176	0.2
12009	127659	0.144	0.024	0.056	0.12
12009	127659	0.128	0.0	0.144	0.128
12009	127659	0.063	0.039	0.089	0.024
12009	127659	0.056	0.152	0.215	0.208
12009	127659	0.112	0.016	0.072	0.128
12009	127659	0.155	0.04	0.072	0.115
12009	127659	0.152	0.059	0.096	0.093
12009	127659	0.056	0.6	0.752	0.656
12009	127659	0.0	0.0	0.0	0.0
12009	127659	0.0	0.0	0.0	0.0
12009	127659	0.0	0.0	0.0	0.0
12009	127659	0.0	0.0	0.0	0.0
12009	127659	0.0	0.0	0.0	0.0
12009	127659	0.0	0.0	0.0	0.0
12009	127659	0.0	0.0	0.0	0.0
12009	127659	0.0	0.0	0.0	0.0
12009	127659	0.0	0.0	0.0	0.0
12009	127659	0.0	0.0	0.0	0.0
12009	127659	0.0	0.0	0.0	0.0
12009	127659	0.0	0.0	0.0	0.0
12009	127659	0.0	0.0	0.0	0.0
12009	127659	0.0	0.0	0.0	0.0
12009	127659	0.0	0.0	0.0	0.0
12009	127659	0.0	0.0	0.0	0.0
12009	127659	0.0	0.0	0.0	0.0
12009	127659	0.0	0.0	0.0	0.0
12009	127659	0.0	0.0	0.0	0.0
12009	127659	0.0	0.0	0.0	0.0
12009	127659	0.0	0.0	0.0	0.0
12009	127659	0.0	0.0	0.0	0.0
12009	127659	0.0	0.0	0.0	0.0
12009	127659	0.0	0.0	0.0	0.0
12009	127659	0.0	0.0	0.0	0.0
12009	127659	0.0	0.0	0.0	0.0
12009	127659	0.0	0.0	0.0	0.0
12009	127659	0.0	0.0	0.0	0.0
12009	127676	0.128	0.0	0.0	0.0
12009	127676	0.042	0.008	0.12	0.034
12009	127676	0.053	0.0	0.042	0.053
12009	127676	0.111	0.097	0.15	0.208
12009	127676	0.089	0.032	0.079	0.057
12009	127676	0.088	0.112	0.201	0.2
12009	127676	0.105	0.008	0.08	0.097
12009	127676	0.079	0.009	0.096	0.07
12009	127676	0.12	0.016	0.095	0.136
12009	127676	0.105	0.032	0.088	0.073
12009	127676	0.104	0.136	0.241	0.24
12009	127676	0.08	0.032	0.136	0.112
12009	127676	0.064	0.015	0.095	0.079
12009	127676	0.176	0.081	0.145	0.257
12009	127676	0.103	0.032	0.144	0.071
12009	127676	0.103	0.049	0.152	0.152
12009	127676	0.071	0.009	0.112	0.08
12009	127676	0.095	0.089	0.16	0.184
12009	127676	0.08	0.015	0.08	0.065
12009	127676	0.112	0.04	0.12	0.152
12009	127676	0.104	0.024	0.088	0.08
12009	127676	0.071	0.008	0.112	0.079
12009	127676	0.103	0.057	0.128	0.16
12009	127676	0.072	0.048	0.055	0.024
12009	127676	0.088	0.064	0.136	0.152
12009	127676	0.104	0.048	0.04	0.056
12009	127676	0.08	0.016	0.12	0.096
12009	127676	0.104	0.48	0.56	0.584
12009	127676	0.072	0.072	0.176	0.144
12009	127676	0.096	0.032	0.104	0.128
12009	127676	0.047	0.001	0.097	0.048
12009	127676	0.104	0.161	0.208	0.265
12009	127676	0.064	0.049	0.055	0.015
12009	127676	0.079	0.113	0.177	0.192
12009	127676	0.055	0.185	0.264	0.24
12009	127676	0.055	0.113	0.168	0.168
12009	127676	0.08	0.048	0.103	0.128
12009	127676	0.12	0.057	0.137	0.177
12009	127676	0.104	0.016	0.104	0.088
12009	127676	0.079	0.032	0.136	0.111
12009	127676	0.088	0.088	0.167	0.176
12009	127676	0.049	0.024	0.112	0.073
12009	127676	0.08	0.064	0.113	0.144
12009	127676	0.12	0.015	0.095	0.135
12009	127676	0.113	0.016	0.104	0.097
12009	127676	0.047	0.032	0.145	0.079
12009	127676	0.096	0.153	0.2	0.249
12009	127676	0.047	0.656	0.752	0.703
12009	127676	0.0	0.0	0.0	0.0
12009	127676	0.0	0.0	0.0	0.0
12009	127676	0.0	0.0	0.0	0.0
12009	127676	0.0	0.0	0.0	0.0
12009	127676	0.0	0.0	0.0	0.0
12009	127676	0.0	0.0	0.0	0.0
12009	127676	0.0	0.0	0.0	0.0
12009	127676	0.0	0.0	0.0	0.0
12009	127676	0.0	0.0	0.0	0.0
12009	127676	0.0	0.0	0.0	0.0
12009	127676	0.0	0.0	0.0	0.0
12009	127676	0.0	0.0	0.0	0.0
12009	127676	0.0	0.0	0.0	0.0
12009	127676	0.0	0.0	0.0	0.0
12009	127676	0.0	0.0	0.0	0.0
12009	127676	0.0	0.0	0.0	0.0
12009	127676	0.0	0.0	0.0	0.0
12009	127676	0.0	0.0	0.0	0.0
12009	127676	0.0	0.0	0.0	0.0
12009	127676	0.0	0.0	0.0	0.0
12009	127676	0.0	0.0	0.0	0.0
12009	127676	0.0	0.0	0.0	0.0
12009	127687	0.112	0.0	0.0	0.0
12009	127687	0.067	0.032	0.08	0.035
12009	127687	0.08	0.061	0.128	0.141
12009	127687	0.063	0.031	0.049	0.032
12009	127687	0.112	0.04	0.103	0.152
12009	127687	0.048	0.056	0.056	0.008
12009	127687	0.049	0.112	0.16	0.161
12009	127687	0.104	0.087	0.136	0.191
12009	127687	0.08	0.008	0.096	0.072
12009	127687	0.104	0.056	0.136	0.16
12009	127687	0.064	0.04	0.144	0.104
12009	127687	0.104	0.112	0.176	0.216
12009	127687	0.112	0.024	0.128	0.136
12009	127687	0.087	0.001	0.113	0.088
12009	127687	0.08	0.176	0.263	0.256
12009	127687	0.088	0.048	0.128	0.136
12009	127687	0.059	0.04	0.128	0.099
12009	127687	0.096	0.797	0.856	0.893
12009	127687	0.104	0.016	0.112	0.12
12009	127687	0.056	0.12	0.224	0.176
12009	127687	0.08	0.144	0.2	0.224
12009	127687	0.046	0.002	0.082	0.048
12009	127687	0.073	0.064	0.11	0.137
12009	127687	0.063	0.04	0.033	0.023
12009	127687	0.096	0.04	0.103	0.136
12009	127687	0.08	0.048	0.048	0.032
12009	127687	0.056	0.328	0.408	0.384
12009	127687	0.056	0.104	0.16	0.16
12009	127687	0.064	0.064	0.12	0.128
12009	127687	0.088	0.064	0.128	0.152
12009	127687	0.12	0.016	0.072	0.104
12009	127687	0.144	0.008	0.112	0.136
12009	127687	0.128	0.04	0.104	0.088
12009	127687	0.096	0.024	0.104	0.072
12009	127687	0.064	0.032	0.128	0.096
12009	127687	0.072	0.056	0.12	0.128
12009	127687	0.086	0.026	0.098	0.112
12009	127687	0.055	0.001	0.087	0.056
12009	127687	0.072	0.056	0.111	0.128
12009	127687	0.051	0.019	0.053	0.032
12009	127687	0.1	0.032	0.083	0.132
12009	127687	0.064	0.028	0.072	0.036
12009	127687	0.08	0.808	0.872	0.888
12009	127687	0.072	0.032	0.112	0.104
12009	127687	0.08	0.048	0.12	0.128
12009	127687	0.056	0.376	0.456	0.432
12009	127687	0.048	0.144	0.2	0.192
12009	127687	0.08	0.096	0.144	0.176
12009	127687	0.072	0.096	0.176	0.168
12009	127687	0.089	0.08	0.152	0.169
12009	127687	0.072	0.009	0.08	0.063
12009	127687	0.048	0.512	0.584	0.56
12009	127687	0.096	0.264	0.312	0.36
12009	127687	0.056	0.008	0.104	0.064
12009	127687	0.064	0.112	0.168	0.176
12009	127687	0.048	0.424	0.488	0.472
12009	127687	0.056	0.336	0.384	0.392
12009	127687	0.056	0.128	0.184	0.184
12009	127687	0.033	0.152	0.208	0.185
12009	127687	0.051	0.911	0.944	0.962
12009	127687	0.064	0.077	0.128	0.141
12009	127687	0.024	0.008	0.072	0.032
12009	127687	0.051	0.616	0.64	0.667
12009	127687	0.0	0.0	0.0	0.0
12009	127687	0.0	0.0	0.0	0.0
12009	127687	0.0	0.0	0.0	0.0
12009	127687	0.0	0.0	0.0	0.0
12009	127687	0.0	0.0	0.0	0.0
12009	127687	0.0	0.0	0.0	0.0
12009	127687	0.0	0.0	0.0	0.0
12009	127711	0.108	0.0	0.0	0.0
12009	127711	0.124	0.028	0.08	0.096
12009	127711	0.096	0.052	0.072	0.044
12009	127711	0.096	0.096	0.192	0.192
12009	127711	0.149	0.053	0.043	0.096
12009	127711	0.138	0.064	0.085	0.074
12009	127711	0.072	0.034	0.104	0.038
12009	127711	0.072	0.032	0.104	0.104
12009	127711	0.112	0.008	0.064	0.104
12009	127711	0.056	0.024	0.136	0.08
12009	127711	0.128	0.032	0.088	0.16
12009	127711	0.152	0.064	0.064	0.088
12009	127711	0.072	0.024	0.128	0.048
12009	127711	0.104	0.008	0.08	0.112
12009	127711	0.152	0.032	0.072	0.12
12009	127711	0.088	0.048	0.104	0.04
12009	127711	0.064	0.024	0.064	0.04
12009	127711	0.112	0.104	0.168	0.216
12009	127711	0.096	0.04	0.072	0.056
12009	127711	0.08	0.04	0.136	0.12
12009	127711	0.096	0.008	0.088	0.104
12009	127711	0.072	0.0	0.096	0.072
12009	127711	0.096	0.048	0.12	0.144
12009	127711	0.112	0.04	0.056	0.072
12009	127711	0.08	0.008	0.104	0.072
12009	127711	0.104	0.384	0.464	0.488
12009	127711	0.072	0.024	0.08	0.048
12009	127711	0.12	0.04	0.112	0.16
12009	127711	0.032	0.448	0.568	0.48
12009	127711	0.071	0.176	0.208	0.247
12009	127711	0.088	0.007	0.064	0.081
12009	127711	0.064	0.024	0.064	0.04
12009	127711	0.115	0.144	0.208	0.259
12009	127711	0.064	0.011	0.104	0.053
12009	127711	0.057	0.08	0.144	0.137
12009	127711	0.095	0.008	0.049	0.087
12009	127711	0.128	0.016	0.111	0.144
12009	127711	0.064	0.424	0.552	0.488
12009	127711	0.096	0.056	0.12	0.152
12009	127711	0.125	0.045	0.051	0.08
12009	127711	0.103	0.023	0.102	0.08
12009	127711	0.096	0.496	0.599	0.592
12009	127711	0.11	0.03	0.066	0.08
12009	127711	0.088	0.04	0.07	0.048
12009	127711	0.096	0.672	0.76	0.768
12009	127711	0.072	0.056	0.152	0.128
12009	127711	0.129	0.007	0.079	0.136
12009	127711	0.123	0.048	0.081	0.075
12009	127711	0.048	0.011	0.112	0.037
12009	127711	0.071	0.12	0.168	0.191
12009	127711	0.072	0.007	0.064	0.065
12009	127711	0.08	0.104	0.176	0.184
12009	127711	0.104	0.064	0.144	0.168
12009	127711	0.14	0.032	0.136	0.172
12009	127711	0.072	0.012	0.128	0.06
12009	127711	0.064	0.096	0.168	0.16
12009	127711	0.096	0.032	0.096	0.128
12009	127711	0.063	0.792	0.888	0.855
12009	127711	0.0	0.0	0.0	0.0
12009	127711	0.0	0.0	0.0	0.0
12009	127711	0.0	0.0	0.0	0.0
12009	127711	0.0	0.0	0.0	0.0
12009	127711	0.0	0.0	0.0	0.0
12009	127711	0.0	0.0	0.0	0.0
12009	127711	0.0	0.0	0.0	0.0
12009	127711	0.0	0.0	0.0	0.0
12009	127711	0.0	0.0	0.0	0.0
12009	127711	0.0	0.0	0.0	0.0
12009	127711	0.0	0.0	0.0	0.0
12009	127711	0.0	0.0	0.0	0.0
12009	127731	0.152	0.0	0.0	0.0
12009	127731	0.112	0.032	0.12	0.08
12009	127731	0.112	0.008	0.12	0.12
12009	127731	0.089	0.017	0.095	0.072
12009	127731	0.152	0.024	0.113	0.176
12009	127731	0.128	0.064	0.088	0.064
12009	127731	0.072	0.008	0.12	0.064
12009	127731	0.072	0.264	0.336	0.336
12009	127731	0.043	0.32	0.392	0.363
12009	127731	0.104	0.205	0.248	0.309
12009	127731	0.12	0.08	0.024	0.04
12009	127731	0.112	0.04	0.08	0.072
12009	127731	0.096	0.016	0.096	0.08
12009	127731	0.064	0.024	0.12	0.088
12009	127731	0.112	0.224	0.288	0.336
12009	127731	0.056	0.0	0.112	0.056
12009	127731	0.096	0.024	0.08	0.12
12009	127731	0.096	0.024	0.072	0.072
12009	127731	0.064	0.032	0.064	0.032
12009	127731	0.136	0.08	0.144	0.216
12009	127731	0.129	0.065	0.071	0.064
12009	127731	0.064	0.008	0.121	0.056
12009	127731	0.068	0.12	0.184	0.188
12009	127731	0.063	0.06	0.128	0.123
12009	127731	0.048	0.105	0.168	0.153
12009	127731	0.08	0.112	0.16	0.192
12009	127731	0.193	0.936	1.016	1.129
12009	127731	0.072	0.033	0.16	0.039
12009	127731	0.0	0.0	0.0	0.0
12009	127731	0.0	0.0	0.0	0.0
12009	127731	0.0	0.0	0.0	0.0
12009	127731	0.0	0.0	0.0	0.0
12009	127731	0.0	0.0	0.0	0.0
12009	127731	0.0	0.0	0.0	0.0
12009	127731	0.0	0.0	0.0	0.0
12009	127731	0.0	0.0	0.0	0.0
12009	127731	0.0	0.0	0.0	0.0
12009	127731	0.0	0.0	0.0	0.0
12009	127731	0.0	0.0	0.0	0.0
12009	127731	0.0	0.0	0.0	0.0
12009	127731	0.0	0.0	0.0	0.0
12009	127731	0.0	0.0	0.0	0.0
12009	127731	0.0	0.0	0.0	0.0
12009	127731	0.0	0.0	0.0	0.0
12009	127731	0.0	0.0	0.0	0.0
12009	127731	0.0	0.0	0.0	0.0
12009	127731	0.0	0.0	0.0	0.0
12009	127731	0.0	0.0	0.0	0.0
12009	127731	0.0	0.0	0.0	0.0
12009	127731	0.0	0.0	0.0	0.0
12009	127731	0.0	0.0	0.0	0.0
12009	127731	0.0	0.0	0.0	0.0
12009	127731	0.0	0.0	0.0	0.0
12009	127731	0.0	0.0	0.0	0.0
12009	127731	0.0	0.0	0.0	0.0
12009	127731	0.0	0.0	0.0	0.0
12009	127731	0.0	0.0	0.0	0.0
12009	127731	0.0	0.0	0.0	0.0
12009	127731	0.0	0.0	0.0	0.0
12009	127731	0.0	0.0	0.0	0.0
12009	127731	0.0	0.0	0.0	0.0
12009	127731	0.0	0.0	0.0	0.0
12009	127731	0.0	0.0	0.0	0.0
12009	127731	0.0	0.0	0.0	0.0
12009	127731	0.0	0.0	0.0	0.0
12009	127731	0.0	0.0	0.0	0.0
12009	127731	0.0	0.0	0.0	0.0
12009	127731	0.0	0.0	0.0	0.0
12009	127731	0.0	0.0	0.0	0.0
12009	127731	0.0	0.0	0.0	0.0
12009	127741	0.088	0.0	0.0	0.0
12009	127741	0.105	0.017	0.071	0.088
12009	127741	0.111	0.064	0.169	0.175
12009	127741	0.096	0.04	0.071	0.056
12009	127741	0.064	0.04	0.056	0.024
12009	127741	0.119	0.121	0.185	0.24
12009	127741	0.103	0.095	0.024	0.008
12009	127741	0.064	0.001	0.104	0.065
12009	127741	0.065	0.36	0.424	0.425
12009	127741	0.064	0.095	0.16	0.159
12009	127741	0.096	0.024	0.088	0.12
12009	127741	0.119	0.024	0.072	0.095
12009	127741	0.064	0.032	0.087	0.032
12009	127741	0.095	0.041	0.105	0.136
12009	127741	0.112	0.032	0.063	0.08
12009	127741	0.08	0.008	0.12	0.088
12009	127741	0.055	0.369	0.449	0.424
12009	127741	0.104	0.049	0.104	0.153
12009	127741	0.071	0.064	0.04	0.007
12009	127741	0.056	0.105	0.176	0.161
12009	127741	0.079	0.328	0.384	0.407
12009	127741	0.04	0.393	0.472	0.433
12009	127741	0.047	0.08	0.12	0.127
12009	127741	0.127	0.145	0.192	0.272
12009	127741	0.144	0.015	0.112	0.129
12009	127741	0.159	0.0	0.144	0.159
12009	127741	0.137	0.08	0.079	0.057
12009	127741	0.088	0.025	0.112	0.063
12009	127741	0.08	0.288	0.376	0.368
12009	127741	0.064	0.04	0.12	0.104
12009	127741	0.079	0.081	0.145	0.16
12009	127741	0.096	0.008	0.071	0.088
12009	127741	0.06	0.001	0.097	0.061
12009	127741	0.119	0.1	0.16	0.219
12009	127741	0.064	0.007	0.112	0.057
12009	127741	0.063	0.088	0.152	0.151
12009	127741	0.088	0.04	0.103	0.128
12009	127741	0.072	0.008	0.08	0.064
12009	127741	0.088	0.472	0.544	0.56
12009	127741	0.12	0.024	0.064	0.096
12009	127741	0.152	0.04	0.08	0.112
12009	127741	0.088	0.048	0.104	0.04
12009	127741	0.063	0.001	0.089	0.064
12009	127741	0.079	0.665	0.728	0.744
12009	127741	0.064	0.248	0.327	0.312
12009	127741	0.056	0.184	0.248	0.24
12009	127741	0.088	0.056	0.112	0.144
12009	127741	0.161	0.008	0.096	0.169
12009	127741	0.063	0.096	0.257	0.159
12009	127741	0.111	0.097	0.16	0.208
12009	127741	0.112	0.04	0.071	0.072
12009	127741	0.04	0.624	0.736	0.664
12009	127741	0.0	0.0	0.0	0.0
12009	127741	0.0	0.0	0.0	0.0
12009	127741	0.0	0.0	0.0	0.0
12009	127741	0.0	0.0	0.0	0.0
12009	127741	0.0	0.0	0.0	0.0
12009	127741	0.0	0.0	0.0	0.0
12009	127741	0.0	0.0	0.0	0.0
12009	127741	0.0	0.0	0.0	0.0
12009	127741	0.0	0.0	0.0	0.0
12009	127741	0.0	0.0	0.0	0.0
12009	127741	0.0	0.0	0.0	0.0
12009	127741	0.0	0.0	0.0	0.0
12009	127741	0.0	0.0	0.0	0.0
12009	127741	0.0	0.0	0.0	0.0
12009	127741	0.0	0.0	0.0	0.0
12009	127741	0.0	0.0	0.0	0.0
12009	127741	0.0	0.0	0.0	0.0
12009	127741	0.0	0.0	0.0	0.0
12009	127752	0.168	0.0	0.0	0.0
12009	127752	0.096	0.0	0.168	0.096
12009	127752	0.087	0.033	0.129	0.12
12009	127752	0.049	0.488	0.575	0.537
12009	127752	0.04	0.095	0.144	0.135
12009	127752	0.192	0.016	0.056	0.208
12009	127752	0.144	0.056	0.136	0.088
12009	127752	0.08	0.008	0.152	0.088
12009	127752	0.104	0.072	0.152	0.176
12009	127752	0.049	0.016	0.088	0.033
12009	127752	0.168	0.087	0.136	0.255
12009	127752	0.08	0.008	0.16	0.072
12009	127752	0.08	0.136	0.216	0.216
12009	127752	0.056	0.008	0.072	0.048
12009	127752	0.096	0.048	0.104	0.144
12009	127752	0.072	0.048	0.048	0.024
12009	127752	0.104	0.112	0.184	0.216
12009	127752	0.057	0.072	0.176	0.129
12009	127752	0.12	0.135	0.192	0.255
12009	127752	0.08	0.016	0.104	0.064
12009	127752	0.056	0.048	0.128	0.104
12009	127752	0.08	0.104	0.16	0.184
12009	127752	0.063	0.025	0.105	0.088
12009	127752	0.088	0.144	0.207	0.232
12009	127752	0.104	0.0	0.088	0.104
12009	127752	0.06	0.004	0.108	0.064
12009	127752	0.056	0.12	0.18	0.176
12009	127752	0.096	0.04	0.096	0.136
12009	127752	0.056	0.544	0.64	0.6
12009	127752	0.0	0.0	0.0	0.0
12009	127752	0.0	0.0	0.0	0.0
12009	127752	0.0	0.0	0.0	0.0
12009	127752	0.0	0.0	0.0	0.0
12009	127752	0.0	0.0	0.0	0.0
12009	127752	0.0	0.0	0.0	0.0
12009	127752	0.0	0.0	0.0	0.0
12009	127752	0.0	0.0	0.0	0.0
12009	127752	0.0	0.0	0.0	0.0
12009	127752	0.0	0.0	0.0	0.0
12009	127752	0.0	0.0	0.0	0.0
12009	127752	0.0	0.0	0.0	0.0
12009	127752	0.0	0.0	0.0	0.0
12009	127752	0.0	0.0	0.0	0.0
12009	127752	0.0	0.0	0.0	0.0
12009	127752	0.0	0.0	0.0	0.0
12009	127752	0.0	0.0	0.0	0.0
12009	127752	0.0	0.0	0.0	0.0
12009	127752	0.0	0.0	0.0	0.0
12009	127752	0.0	0.0	0.0	0.0
12009	127752	0.0	0.0	0.0	0.0
12009	127752	0.0	0.0	0.0	0.0
12009	127752	0.0	0.0	0.0	0.0
12009	127752	0.0	0.0	0.0	0.0
12009	127752	0.0	0.0	0.0	0.0
12009	127752	0.0	0.0	0.0	0.0
12009	127752	0.0	0.0	0.0	0.0
12009	127752	0.0	0.0	0.0	0.0
12009	127752	0.0	0.0	0.0	0.0
12009	127752	0.0	0.0	0.0	0.0
12009	127752	0.0	0.0	0.0	0.0
12009	127752	0.0	0.0	0.0	0.0
12009	127752	0.0	0.0	0.0	0.0
12009	127752	0.0	0.0	0.0	0.0
12009	127752	0.0	0.0	0.0	0.0
12009	127752	0.0	0.0	0.0	0.0
12009	127752	0.0	0.0	0.0	0.0
12009	127752	0.0	0.0	0.0	0.0
12009	127752	0.0	0.0	0.0	0.0
12009	127752	0.0	0.0	0.0	0.0
12009	127752	0.0	0.0	0.0	0.0
12009	127765	0.112	0.0	0.0	0.0
12009	127765	0.08	0.024	0.088	0.056
12009	127765	0.112	0.112	0.192	0.224
12009	127765	0.112	0.032	0.08	0.08
12009	127765	0.144	0.048	0.16	0.192
12009	127765	0.08	0.008	0.152	0.088
12009	127765	0.04	0.304	0.384	0.344
12009	127765	0.104	0.208	0.248	0.312
12009	127765	0.088	0.008	0.112	0.096
12009	127765	0.128	0.144	0.232	0.272
12009	127765	0.112	0.032	0.096	0.08
12009	127765	0.056	0.016	0.128	0.072
12009	127765	0.178	0.216	0.272	0.394
12009	127765	0.096	0.058	0.12	0.038
12009	127765	0.152	0.048	0.144	0.2
12009	127765	0.104	0.024	0.128	0.08
12009	127765	0.172	0.272	0.376	0.444
12009	127765	0.128	0.044	0.128	0.084
12009	127765	0.064	0.016	0.144	0.08
12009	127765	0.064	0.096	0.16	0.16
12009	127765	0.071	0.057	0.121	0.128
12009	127765	0.088	0.0	0.071	0.088
12009	127765	0.088	0.344	0.432	0.432
12009	127765	0.143	0.039	0.049	0.104
12009	127765	0.08	0.024	0.119	0.056
12009	127765	0.104	0.584	0.664	0.688
12009	127765	0.128	0.024	0.08	0.104
12009	127765	0.08	0.008	0.12	0.072
12009	127765	0.08	0.32	0.4	0.4
12009	127765	0.048	0.08	0.16	0.128
12009	127765	0.104	0.048	0.096	0.152
12009	127765	0.128	0.032	0.072	0.096
12009	127765	0.088	0.112	0.24	0.2
12009	127765	0.064	0.016	0.104	0.08
12009	127765	0.096	0.184	0.248	0.28
12009	127765	0.058	0.032	0.128	0.09
12009	127765	0.12	0.07	0.128	0.19
12009	127765	0.072	0.024	0.096	0.048
12009	127765	0.072	0.44	0.512	0.512
12009	127765	0.08	0.368	0.44	0.448
12009	127765	0.056	0.04	0.12	0.096
12009	127765	0.064	0.056	0.112	0.12
12009	127765	0.049	0.08	0.144	0.129
12009	127765	0.12	0.111	0.16	0.231
12009	127765	0.088	0.032	0.088	0.056
12009	127765	0.064	0.024	0.112	0.088
12009	127765	0.104	0.192	0.256	0.296
12009	127765	0.048	0.008	0.112	0.056
12009	127765	0.104	0.024	0.072	0.128
12009	127765	0.072	0.016	0.12	0.088
12009	127765	0.16	0.152	0.224	0.312
12009	127765	0.104	0.032	0.128	0.072
12009	127765	0.064	0.024	0.08	0.04
12009	127765	0.12	0.088	0.152	0.208
12009	127765	0.056	0.008	0.128	0.064
12009	127765	0.072	0.352	0.408	0.424
12009	127765	0.115	0.104	0.176	0.219
12009	127765	0.104	0.019	0.096	0.085
12009	127765	0.044	0.088	0.192	0.132
12009	127765	0.154	0.012	0.056	0.166
12009	127765	0.096	0.05	0.104	0.046
12009	127765	0.04	0.592	0.688	0.632
12009	127765	0.0	0.0	0.0	0.0
12009	127765	0.0	0.0	0.0	0.0
12009	127765	0.0	0.0	0.0	0.0
12009	127765	0.0	0.0	0.0	0.0
12009	127765	0.0	0.0	0.0	0.0
12009	127765	0.0	0.0	0.0	0.0
12009	127765	0.0	0.0	0.0	0.0
12009	127765	0.0	0.0	0.0	0.0
12009	127774	0.112	0.0	0.0	0.0
12009	127774	0.088	0.008	0.12	0.096
12009	127774	0.048	0.016	0.072	0.032
12009	127774	0.113	0.007	0.055	0.12
12009	127774	0.12	0.024	0.137	0.144
12009	127774	0.072	0.016	0.136	0.088
12009	127774	0.12	0.04	0.112	0.16
12009	127774	0.12	0.064	0.056	0.056
12009	127774	0.056	0.008	0.112	0.048
12009	127774	0.2	0.088	0.144	0.288
12009	127774	0.144	0.04	0.16	0.104
12009	127774	0.08	0.024	0.168	0.104
12009	127774	0.048	0.616	0.696	0.664
12009	127774	0.04	0.088	0.136	0.128
12009	127774	0.072	0.088	0.128	0.16
12009	127774	0.096	0.04	0.112	0.136
12009	127774	0.184	0.032	0.128	0.216
12009	127774	0.112	0.024	0.16	0.088
12009	127774	0.087	0.576	0.688	0.663
12009	127774	0.112	0.007	0.08	0.105
12009	127774	0.058	0.0	0.112	0.058
12009	127774	0.087	0.01	0.048	0.077
12009	127774	0.12	0.001	0.088	0.121
12009	127774	0.09	0.032	0.088	0.058
12009	127774	0.24	0.278	0.368	0.518
12009	127774	0.12	0.008	0.248	0.128
12009	127774	0.048	0.28	0.4	0.328
12009	127774	0.504	0.056	0.104	0.56
12009	127774	0.192	0.04	0.464	0.152
12009	127774	0.08	0.16	0.352	0.24
12009	127774	0.048	0.624	0.704	0.672
12009	127774	0.112	0.056	0.104	0.168
12009	127774	0.039	0.368	0.48	0.407
12009	127774	0.04	0.097	0.136	0.137
12009	127774	0.088	0.488	0.528	0.576
12009	127774	0.058	0.016	0.104	0.074
12009	127774	0.336	0.23	0.288	0.566
12009	127774	0.065	0.016	0.32	0.049
12009	127774	0.16	0.127	0.192	0.287
12009	127774	0.136	0.024	0.136	0.112
12009	127774	0.041	0.144	0.28	0.185
12009	127774	0.08	0.791	0.832	0.871
12009	127774	0.048	0.12	0.2	0.168
12009	127774	0.047	0.464	0.512	0.511
12009	127774	0.0	0.0	0.0	0.0
12009	127774	0.0	0.0	0.0	0.0
12009	127774	0.0	0.0	0.0	0.0
12009	127774	0.0	0.0	0.0	0.0
12009	127774	0.0	0.0	0.0	0.0
12009	127774	0.0	0.0	0.0	0.0
12009	127774	0.0	0.0	0.0	0.0
12009	127774	0.0	0.0	0.0	0.0
12009	127774	0.0	0.0	0.0	0.0
12009	127774	0.0	0.0	0.0	0.0
12009	127774	0.0	0.0	0.0	0.0
12009	127774	0.0	0.0	0.0	0.0
12009	127774	0.0	0.0	0.0	0.0
12009	127774	0.0	0.0	0.0	0.0
12009	127774	0.0	0.0	0.0	0.0
12009	127774	0.0	0.0	0.0	0.0
12009	127774	0.0	0.0	0.0	0.0
12009	127774	0.0	0.0	0.0	0.0
12009	127774	0.0	0.0	0.0	0.0
12009	127774	0.0	0.0	0.0	0.0
12009	127774	0.0	0.0	0.0	0.0
12009	127774	0.0	0.0	0.0	0.0
12009	127774	0.0	0.0	0.0	0.0
12009	127774	0.0	0.0	0.0	0.0
12009	127774	0.0	0.0	0.0	0.0
12009	127774	0.0	0.0	0.0	0.0
