PARTICIPANT_ID	TEST_SECTION_ID	HOLD_LATENCY	INTERKEY_LATENCY	PRESS_LATENCY	RELEASE_LATENCY
12094	128520	0.18	0.0	0.0	0.0
12094	128520	0.11	0.063	0.117	0.047
12094	128520	0.111	0.073	0.183	0.184
12094	128520	0.111	0.473	0.584	0.584
12094	128520	0.175	0.047	0.064	0.128
12094	128520	0.103	0.047	0.128	0.056
12094	128520	0.103	0.745	0.848	0.848
12094	128520	0.157	0.641	0.744	0.798
12094	128520	0.12	0.914	1.071	1.034
12094	128520	0.136	0.072	0.192	0.208
12094	128520	0.136	0.08	0.216	0.216
12094	128520	0.128	0.072	0.208	0.2
12094	128520	0.096	0.272	0.4	0.368
12094	128520	0.088	0.096	0.192	0.184
12094	128520	0.071	0.61	0.698	0.681
12094	128520	0.12	0.135	0.206	0.255
12094	128520	0.104	0.792	0.912	0.896
12094	128520	0.096	0.032	0.136	0.128
12094	128520	0.104	0.048	0.144	0.152
12094	128520	0.096	0.04	0.064	0.056
12094	128520	0.12	0.056	0.152	0.176
12094	128520	0.096	0.072	0.192	0.168
12094	128520	0.136	0.016	0.112	0.152
12094	128520	0.096	0.088	0.224	0.184
12094	128520	0.056	0.04	0.136	0.096
12094	128520	0.128	0.064	0.12	0.192
12094	128520	0.124	0.04	0.088	0.084
12094	128520	0.128	0.052	0.072	0.076
12094	128520	0.256	0.056	0.184	0.312
12094	128520	0.122	0.056	0.2	0.066
12094	128520	0.12	0.062	0.184	0.182
12094	128520	0.096	0.048	0.168	0.144
12094	128520	0.112	0.632	0.728	0.744
12094	128520	0.112	0.408	0.52	0.52
12094	128520	0.136	0.048	0.16	0.184
12094	128520	0.192	0.104	0.24	0.296
12094	128520	0.12	0.032	0.16	0.088
12094	128520	0.152	0.584	0.704	0.736
12094	128520	0.136	0.2	0.352	0.336
12094	128520	0.128	0.096	0.232	0.224
12094	128520	0.208	0.12	0.248	0.328
12094	128520	0.112	0.008	0.2	0.104
12094	128520	0.12	0.024	0.088	0.096
12094	128520	0.12	0.032	0.152	0.152
12094	128520	0.12	0.008	0.112	0.112
12094	128520	0.114	0.032	0.088	0.082
12094	128520	0.12	0.01	0.104	0.11
12094	128520	0.152	0.448	0.568	0.6
12094	128520	0.184	0.016	0.136	0.168
12094	128520	0.106	0.04	0.144	0.066
12094	128520	0.104	0.326	0.432	0.43
12094	128520	0.0	0.0	0.0	0.0
12094	128520	0.0	0.0	0.0	0.0
12094	128520	0.0	0.0	0.0	0.0
12094	128520	0.0	0.0	0.0	0.0
12094	128520	0.0	0.0	0.0	0.0
12094	128520	0.0	0.0	0.0	0.0
12094	128520	0.0	0.0	0.0	0.0
12094	128520	0.0	0.0	0.0	0.0
12094	128520	0.0	0.0	0.0	0.0
12094	128520	0.0	0.0	0.0	0.0
12094	128520	0.0	0.0	0.0	0.0
12094	128520	0.0	0.0	0.0	0.0
12094	128520	0.0	0.0	0.0	0.0
12094	128520	0.0	0.0	0.0	0.0
12094	128520	0.0	0.0	0.0	0.0
12094	128520	0.0	0.0	0.0	0.0
12094	128520	0.0	0.0	0.0	0.0
12094	128520	0.0	0.0	0.0	0.0
12094	128520	0.0	0.0	0.0	0.0
12094	128533	0.36	0.0	0.0	0.0
12094	128533	0.184	0.152	0.208	0.032
12094	128533	0.112	0.272	0.456	0.384
12094	128533	0.144	0.008	0.12	0.152
12094	128533	0.08	0.064	0.208	0.144
12094	128533	0.216	0.064	0.144	0.28
12094	128533	0.104	0.072	0.144	0.032
12094	128533	0.112	0.104	0.208	0.216
12094	128533	0.168	0.088	0.2	0.256
12094	128533	0.168	0.696	0.864	0.864
12094	128533	0.224	0.096	0.072	0.128
12094	128533	0.168	0.008	0.232	0.176
12094	128533	0.112	0.064	0.232	0.176
12094	128533	0.184	0.064	0.176	0.248
12094	128533	0.128	0.048	0.136	0.08
12094	128533	0.12	0.056	0.184	0.176
12094	128533	0.144	0.112	0.232	0.256
12094	128533	0.128	0.008	0.136	0.12
12094	128533	0.12	0.088	0.216	0.208
12094	128533	0.104	0.208	0.328	0.312
12094	128533	0.144	0.152	0.256	0.296
12094	128533	0.528	0.096	0.24	0.624
12094	128533	0.152	0.16	0.368	0.008
12094	128533	0.104	1.128	1.28	1.232
12094	128533	0.136	0.416	0.52	0.552
12094	128533	0.104	0.096	0.232	0.2
12094	128533	0.137	0.416	0.52	0.553
12094	128533	0.12	0.064	0.201	0.184
12094	128533	0.104	0.616	0.736	0.72
12094	128533	0.088	0.088	0.192	0.176
12094	128533	0.144	0.072	0.16	0.216
12094	128533	0.152	0.408	0.552	0.56
12094	128533	0.192	0.528	0.68	0.72
12094	128533	0.136	0.064	0.128	0.072
12094	128533	0.2	0.224	0.36	0.424
12094	128533	0.176	0.064	0.136	0.112
12094	128533	0.112	0.976	1.152	1.088
12094	128533	0.288	0.44	0.552	0.728
12094	128533	0.184	0.072	0.216	0.112
12094	128533	0.168	0.456	0.64	0.624
12094	128533	0.136	0.176	0.344	0.312
12094	128533	0.16	0.392	0.528	0.552
12094	128533	0.12	0.056	0.216	0.176
12094	128533	0.176	0.432	0.552	0.608
12094	128533	0.112	0.016	0.192	0.128
12094	128533	0.128	0.128	0.24	0.256
12094	128533	0.144	0.056	0.184	0.2
12094	128533	0.152	0.36	0.504	0.512
12094	128533	0.0	0.0	0.0	0.0
12094	128533	0.0	0.0	0.0	0.0
12094	128533	0.0	0.0	0.0	0.0
12094	128533	0.0	0.0	0.0	0.0
12094	128533	0.0	0.0	0.0	0.0
12094	128533	0.0	0.0	0.0	0.0
12094	128533	0.0	0.0	0.0	0.0
12094	128533	0.0	0.0	0.0	0.0
12094	128533	0.0	0.0	0.0	0.0
12094	128533	0.0	0.0	0.0	0.0
12094	128533	0.0	0.0	0.0	0.0
12094	128533	0.0	0.0	0.0	0.0
12094	128533	0.0	0.0	0.0	0.0
12094	128533	0.0	0.0	0.0	0.0
12094	128533	0.0	0.0	0.0	0.0
12094	128533	0.0	0.0	0.0	0.0
12094	128533	0.0	0.0	0.0	0.0
12094	128533	0.0	0.0	0.0	0.0
12094	128533	0.0	0.0	0.0	0.0
12094	128533	0.0	0.0	0.0	0.0
12094	128533	0.0	0.0	0.0	0.0
12094	128533	0.0	0.0	0.0	0.0
12094	128540	0.185	0.0	0.0	0.0
12094	128540	0.088	0.009	0.176	0.079
12094	128540	0.096	0.032	0.12	0.128
12094	128540	0.104	0.008	0.104	0.112
12094	128540	0.104	0.032	0.136	0.136
12094	128540	0.096	0.024	0.128	0.12
12094	128540	0.096	0.016	0.112	0.112
12094	128540	0.064	0.048	0.144	0.112
12094	128540	0.136	0.456	0.52	0.592
12094	128540	0.104	0.296	0.432	0.4
12094	128540	0.144	0.032	0.136	0.176
12094	128540	0.192	0.048	0.096	0.144
12094	128540	0.184	0.064	0.128	0.12
12094	128540	0.112	0.032	0.152	0.08
12094	128540	0.096	0.032	0.144	0.128
12094	128540	0.224	0.04	0.136	0.264
12094	128540	0.096	0.048	0.176	0.048
12094	128540	0.16	0.096	0.192	0.256
12094	128540	0.144	0.056	0.104	0.088
12094	128540	0.096	0.04	0.184	0.136
12094	128540	0.096	0.04	0.136	0.136
12094	128540	0.112	0.016	0.08	0.096
12094	128540	0.128	0.216	0.328	0.344
12094	128540	0.088	0.008	0.136	0.096
12094	128540	0.144	0.064	0.152	0.208
12094	128540	0.112	0.032	0.112	0.08
12094	128540	0.136	0.168	0.28	0.304
12094	128540	0.136	0.024	0.16	0.16
12094	128540	0.104	0.016	0.12	0.088
12094	128540	0.128	0.024	0.128	0.152
12094	128540	0.096	0.016	0.144	0.112
12094	128540	0.12	0.008	0.088	0.112
12094	128540	0.256	0.344	0.464	0.6
12094	128540	0.144	0.04	0.216	0.104
12094	128540	0.112	0.008	0.152	0.12
12094	128540	0.128	0.104	0.216	0.232
12094	128540	0.104	0.256	0.384	0.36
12094	128540	0.088	0.088	0.192	0.176
12094	128540	0.096	0.008	0.08	0.088
12094	128540	0.128	0.04	0.056	0.088
12094	128540	0.104	0.344	0.472	0.448
12094	128540	0.128	0.808	0.912	0.936
12094	128540	0.064	0.184	0.312	0.248
12094	128540	0.0	0.0	0.0	0.0
12094	128540	0.0	0.0	0.0	0.0
12094	128540	0.0	0.0	0.0	0.0
12094	128540	0.0	0.0	0.0	0.0
12094	128540	0.0	0.0	0.0	0.0
12094	128540	0.0	0.0	0.0	0.0
12094	128540	0.0	0.0	0.0	0.0
12094	128540	0.0	0.0	0.0	0.0
12094	128540	0.0	0.0	0.0	0.0
12094	128540	0.0	0.0	0.0	0.0
12094	128540	0.0	0.0	0.0	0.0
12094	128540	0.0	0.0	0.0	0.0
12094	128540	0.0	0.0	0.0	0.0
12094	128540	0.0	0.0	0.0	0.0
12094	128540	0.0	0.0	0.0	0.0
12094	128540	0.0	0.0	0.0	0.0
12094	128540	0.0	0.0	0.0	0.0
12094	128540	0.0	0.0	0.0	0.0
12094	128540	0.0	0.0	0.0	0.0
12094	128540	0.0	0.0	0.0	0.0
12094	128540	0.0	0.0	0.0	0.0
12094	128540	0.0	0.0	0.0	0.0
12094	128540	0.0	0.0	0.0	0.0
12094	128540	0.0	0.0	0.0	0.0
12094	128540	0.0	0.0	0.0	0.0
12094	128540	0.0	0.0	0.0	0.0
12094	128540	0.0	0.0	0.0	0.0
12094	128548	0.151	0.0	0.0	0.0
12094	128548	0.095	0.023	0.128	0.072
12094	128548	0.128	0.225	0.32	0.353
12094	128548	0.143	1.184	1.312	1.327
12094	128548	0.103	0.369	0.512	0.472
12094	128548	0.095	0.007	0.096	0.088
12094	128548	0.112	0.584	0.679	0.696
12094	128548	0.104	0.432	0.544	0.536
12094	128548	0.144	0.192	0.296	0.336
12094	128548	0.192	0.168	0.312	0.36
12094	128548	0.144	0.064	0.128	0.08
12094	128548	0.104	0.16	0.304	0.264
12094	128548	0.168	0.032	0.136	0.2
12094	128548	0.112	0.08	0.248	0.192
12094	128548	0.112	0.096	0.208	0.208
12094	128548	0.12	0.016	0.128	0.136
12094	128548	0.16	0.096	0.216	0.256
12094	128548	0.136	0.048	0.112	0.088
12094	128548	0.136	0.24	0.376	0.376
12094	128548	0.104	0.264	0.4	0.368
12094	128548	0.112	0.112	0.216	0.224
12094	128548	0.112	0.024	0.136	0.136
12094	128548	0.104	0.136	0.248	0.24
12094	128548	0.104	0.056	0.16	0.16
12094	128548	0.112	0.048	0.152	0.16
12094	128548	0.16	0.096	0.208	0.256
12094	128548	0.128	0.024	0.136	0.104
12094	128548	0.176	0.0	0.128	0.176
12094	128548	0.128	0.048	0.128	0.08
12094	128548	0.096	0.152	0.28	0.248
12094	128548	0.168	0.088	0.184	0.256
12094	128548	0.12	0.032	0.136	0.088
12094	128548	0.088	0.128	0.248	0.216
12094	128548	0.136	0.088	0.176	0.224
12094	128548	0.128	0.096	0.232	0.224
12094	128548	0.104	0.008	0.136	0.112
12094	128548	0.08	0.08	0.184	0.16
12094	128548	0.152	0.096	0.176	0.248
12094	128548	0.152	0.024	0.176	0.176
12094	128548	0.136	0.032	0.184	0.168
12094	128548	0.168	0.048	0.184	0.216
12094	128548	0.12	0.024	0.144	0.096
12094	128548	0.152	0.016	0.104	0.136
12094	128548	0.2	0.04	0.112	0.16
12094	128548	0.12	0.064	0.136	0.056
12094	128548	0.096	0.016	0.136	0.112
12094	128548	0.152	0.008	0.104	0.16
12094	128548	0.08	0.008	0.144	0.072
12094	128548	0.168	0.008	0.088	0.176
12094	128548	0.12	0.056	0.112	0.064
12094	128548	0.072	0.016	0.136	0.088
12094	128548	0.08	0.016	0.088	0.096
12094	128548	0.088	0.056	0.136	0.144
12094	128548	0.12	0.024	0.064	0.096
12094	128548	0.168	0.04	0.16	0.208
12094	128548	0.216	0.048	0.12	0.168
12094	128548	0.2	0.056	0.16	0.144
12094	128548	0.136	0.008	0.192	0.128
12094	128548	0.216	0.064	0.2	0.28
12094	128548	0.112	0.056	0.16	0.056
12094	128548	0.096	0.08	0.192	0.176
12094	128548	0.112	0.504	0.6	0.616
12094	128548	0.088	0.072	0.184	0.16
12094	128548	0.08	0.28	0.368	0.36
12094	128548	0.09	0.942	1.022	1.032
12094	128548	0.0	0.0	0.0	0.0
12094	128548	0.0	0.0	0.0	0.0
12094	128548	0.0	0.0	0.0	0.0
12094	128548	0.0	0.0	0.0	0.0
12094	128548	0.0	0.0	0.0	0.0
12094	128559	0.176	0.0	0.0	0.0
12094	128559	0.088	0.016	0.16	0.072
12094	128559	0.08	0.064	0.152	0.144
12094	128559	0.088	0.032	0.112	0.12
12094	128559	0.128	0.392	0.48	0.52
12094	128559	0.112	0.072	0.2	0.184
12094	128559	0.08	0.104	0.216	0.184
12094	128559	0.12	0.112	0.192	0.232
12094	128559	0.088	0.248	0.368	0.336
12094	128559	0.112	0.088	0.176	0.2
12094	128559	0.168	0.16	0.272	0.328
12094	128559	0.096	0.144	0.312	0.24
12094	128559	0.08	0.08	0.176	0.16
12094	128559	0.176	0.328	0.408	0.504
12094	128559	0.152	0.296	0.472	0.448
12094	128559	0.176	0.392	0.544	0.568
12094	128559	0.08	0.368	0.544	0.448
12094	128559	0.088	0.112	0.192	0.2
12094	128559	0.096	0.424	0.512	0.52
12094	128559	0.112	0.416	0.512	0.528
12094	128559	0.208	0.368	0.48	0.576
12094	128559	0.136	0.08	0.128	0.056
12094	128559	0.16	0.176	0.312	0.336
12094	128559	0.104	0.032	0.192	0.136
12094	128559	0.088	0.152	0.256	0.24
12094	128559	0.104	0.112	0.2	0.216
12094	128559	0.12	0.256	0.36	0.376
12094	128559	0.144	0.224	0.344	0.368
12094	128559	0.104	0.144	0.288	0.248
12094	128559	0.128	0.008	0.096	0.12
12094	128559	0.12	0.048	0.08	0.072
12094	128559	0.088	0.024	0.144	0.112
12094	128559	0.096	0.008	0.08	0.088
12094	128559	0.104	0.032	0.128	0.136
12094	128559	0.128	0.024	0.08	0.104
12094	128559	0.136	0.032	0.16	0.168
12094	128559	0.112	0.032	0.168	0.144
12094	128559	0.112	0.144	0.256	0.256
12094	128559	0.072	0.152	0.264	0.224
12094	128559	0.192	0.624	0.696	0.816
12094	128559	0.152	0.04	0.152	0.112
12094	128559	0.127	0.016	0.168	0.143
12094	128559	0.136	0.007	0.12	0.129
12094	128559	0.104	0.072	0.208	0.176
12094	128559	0.048	0.152	0.256	0.2
12094	128559	0.104	0.552	0.6	0.656
12094	128559	0.128	0.168	0.272	0.296
12094	128559	0.176	0.232	0.36	0.408
12094	128559	0.136	0.048	0.128	0.088
12094	128559	0.104	0.023	0.159	0.127
12094	128559	0.175	0.225	0.329	0.4
12094	128559	0.111	0.031	0.144	0.08
12094	128559	0.12	0.024	0.135	0.144
12094	128559	0.113	0.064	0.184	0.177
12094	128559	0.119	0.04	0.153	0.159
12094	128559	0.096	0.072	0.191	0.168
12094	128559	0.111	0.929	1.025	1.04
12094	128559	0.095	0.593	0.704	0.688
12094	128559	0.128	0.008	0.103	0.136
12094	128559	0.095	0.033	0.161	0.128
12094	128559	0.192	0.024	0.071	0.168
12094	128559	0.12	0.048	0.144	0.072
12094	128559	0.104	0.008	0.112	0.096
12094	128559	0.096	0.08	0.184	0.176
12094	128559	0.12	0.072	0.024	0.048
12094	128559	0.112	0.112	0.232	0.224
12094	128559	0.096	0.032	0.08	0.064
12094	128559	0.088	0.04	0.136	0.128
12094	128559	0.12	0.928	1.016	1.048
12094	128559	0.104	0.088	0.208	0.192
12094	128573	0.288	0.0	0.0	0.0
12094	128573	0.104	0.056	0.232	0.048
12094	128573	0.104	0.144	0.248	0.248
12094	128573	0.128	0.04	0.064	0.088
12094	128573	0.08	0.056	0.184	0.136
12094	128573	0.12	0.04	0.12	0.16
12094	128573	0.08	0.096	0.216	0.176
12094	128573	0.112	0.08	0.16	0.192
12094	128573	0.112	0.032	0.144	0.144
12094	128573	0.08	0.056	0.168	0.136
12094	128573	0.088	0.024	0.056	0.064
12094	128573	0.08	0.088	0.176	0.168
12094	128573	0.136	0.016	0.096	0.152
12094	128573	0.096	0.096	0.232	0.192
12094	128573	0.112	0.504	0.6	0.616
12094	128573	0.128	0.072	0.184	0.2
12094	128573	0.192	0.272	0.4	0.464
12094	128573	0.152	0.064	0.128	0.088
12094	128573	0.088	0.408	0.56	0.496
12094	128573	0.136	0.104	0.192	0.24
12094	128573	0.144	0.016	0.12	0.128
12094	128573	0.104	0.112	0.256	0.216
12094	128573	0.208	0.368	0.472	0.576
12094	128573	0.16	0.088	0.12	0.072
12094	128573	0.144	0.12	0.28	0.264
12094	128573	0.16	0.312	0.456	0.472
12094	128573	0.208	0.048	0.112	0.16
12094	128573	0.064	0.016	0.192	0.048
12094	128573	0.096	0.488	0.552	0.584
12094	128573	0.176	0.52	0.616	0.696
12094	128573	0.104	0.04	0.136	0.064
12094	128573	0.0	0.0	0.0	0.0
12094	128573	0.0	0.0	0.0	0.0
12094	128573	0.0	0.0	0.0	0.0
12094	128573	0.0	0.0	0.0	0.0
12094	128573	0.0	0.0	0.0	0.0
12094	128573	0.0	0.0	0.0	0.0
12094	128573	0.0	0.0	0.0	0.0
12094	128573	0.0	0.0	0.0	0.0
12094	128573	0.0	0.0	0.0	0.0
12094	128573	0.0	0.0	0.0	0.0
12094	128573	0.0	0.0	0.0	0.0
12094	128573	0.0	0.0	0.0	0.0
12094	128573	0.0	0.0	0.0	0.0
12094	128573	0.0	0.0	0.0	0.0
12094	128573	0.0	0.0	0.0	0.0
12094	128573	0.0	0.0	0.0	0.0
12094	128573	0.0	0.0	0.0	0.0
12094	128573	0.0	0.0	0.0	0.0
12094	128573	0.0	0.0	0.0	0.0
12094	128573	0.0	0.0	0.0	0.0
12094	128573	0.0	0.0	0.0	0.0
12094	128573	0.0	0.0	0.0	0.0
12094	128573	0.0	0.0	0.0	0.0
12094	128573	0.0	0.0	0.0	0.0
12094	128573	0.0	0.0	0.0	0.0
12094	128573	0.0	0.0	0.0	0.0
12094	128573	0.0	0.0	0.0	0.0
12094	128573	0.0	0.0	0.0	0.0
12094	128573	0.0	0.0	0.0	0.0
12094	128573	0.0	0.0	0.0	0.0
12094	128573	0.0	0.0	0.0	0.0
12094	128573	0.0	0.0	0.0	0.0
12094	128573	0.0	0.0	0.0	0.0
12094	128573	0.0	0.0	0.0	0.0
12094	128573	0.0	0.0	0.0	0.0
12094	128573	0.0	0.0	0.0	0.0
12094	128573	0.0	0.0	0.0	0.0
12094	128573	0.0	0.0	0.0	0.0
12094	128573	0.0	0.0	0.0	0.0
12094	128578	0.464	0.0	0.0	0.0
12094	128578	0.152	0.176	0.288	0.024
12094	128578	0.136	0.512	0.664	0.648
12094	128578	0.128	0.008	0.128	0.12
12094	128578	0.12	0.008	0.12	0.112
12094	128578	0.16	0.04	0.08	0.12
12094	128578	0.104	0.04	0.12	0.064
12094	128578	0.112	0.04	0.144	0.152
12094	128578	0.112	0.376	0.488	0.488
12094	128578	0.224	0.016	0.128	0.24
12094	128578	0.192	0.128	0.096	0.064
12094	128578	0.128	0.056	0.136	0.072
12094	128578	0.128	0.024	0.152	0.152
12094	128578	0.208	0.048	0.176	0.256
12094	128578	0.232	0.072	0.136	0.16
12094	128578	0.152	0.08	0.152	0.072
12094	128578	0.08	0.024	0.176	0.104
12094	128578	0.112	0.016	0.096	0.128
12094	128578	0.088	0.008	0.12	0.096
12094	128578	0.136	0.016	0.104	0.152
12094	128578	0.112	0.048	0.088	0.064
12094	128578	0.128	0.088	0.2	0.216
12094	128578	0.104	0.024	0.152	0.128
12094	128578	0.128	0.008	0.096	0.12
12094	128578	0.096	0.0	0.128	0.096
12094	128578	0.096	0.04	0.136	0.136
12094	128578	0.24	0.152	0.248	0.392
12094	128578	0.12	0.128	0.368	0.248
12094	128578	0.128	0.008	0.112	0.12
12094	128578	0.192	0.32	0.448	0.512
12094	128578	0.144	0.04	0.152	0.104
12094	128578	0.128	0.088	0.232	0.216
12094	128578	0.128	0.488	0.616	0.616
12094	128578	0.08	0.008	0.136	0.088
12094	128578	0.072	0.04	0.12	0.112
12094	128578	0.137	0.015	0.087	0.152
12094	128578	0.12	0.048	0.089	0.072
12094	128578	0.104	0.072	0.192	0.176
12094	128578	0.112	0.008	0.112	0.12
12094	128578	0.104	0.192	0.304	0.296
12094	128578	0.072	0.096	0.2	0.168
12094	128578	0.161	0.031	0.103	0.192
12094	128578	0.128	0.056	0.105	0.072
12094	128578	0.216	0.152	0.28	0.368
12094	128578	0.12	0.064	0.152	0.056
12094	128578	0.0	0.0	0.0	0.0
12094	128578	0.0	0.0	0.0	0.0
12094	128578	0.0	0.0	0.0	0.0
12094	128578	0.0	0.0	0.0	0.0
12094	128578	0.0	0.0	0.0	0.0
12094	128578	0.0	0.0	0.0	0.0
12094	128578	0.0	0.0	0.0	0.0
12094	128578	0.0	0.0	0.0	0.0
12094	128578	0.0	0.0	0.0	0.0
12094	128578	0.0	0.0	0.0	0.0
12094	128578	0.0	0.0	0.0	0.0
12094	128578	0.0	0.0	0.0	0.0
12094	128578	0.0	0.0	0.0	0.0
12094	128578	0.0	0.0	0.0	0.0
12094	128578	0.0	0.0	0.0	0.0
12094	128578	0.0	0.0	0.0	0.0
12094	128578	0.0	0.0	0.0	0.0
12094	128578	0.0	0.0	0.0	0.0
12094	128578	0.0	0.0	0.0	0.0
12094	128578	0.0	0.0	0.0	0.0
12094	128578	0.0	0.0	0.0	0.0
12094	128578	0.0	0.0	0.0	0.0
12094	128578	0.0	0.0	0.0	0.0
12094	128578	0.0	0.0	0.0	0.0
12094	128578	0.0	0.0	0.0	0.0
12094	128589	0.583	0.0	0.0	0.0
12094	128589	0.192	0.2	0.383	0.008
12094	128589	0.103	0.177	0.369	0.28
12094	128589	0.088	0.368	0.471	0.456
12094	128589	0.12	0.008	0.096	0.128
12094	128589	0.079	0.025	0.145	0.104
12094	128589	0.096	0.008	0.087	0.104
12094	128589	0.112	0.016	0.08	0.096
12094	128589	0.079	0.017	0.129	0.096
12094	128589	0.144	0.024	0.103	0.168
12094	128589	0.096	0.048	0.096	0.048
12094	128589	0.104	0.008	0.088	0.096
12094	128589	0.368	0.056	0.16	0.424
12094	128589	0.144	0.12	0.248	0.024
12094	128589	0.16	0.208	0.352	0.368
12094	128589	0.088	0.088	0.248	0.176
12094	128589	0.072	0.096	0.184	0.168
12094	128589	0.168	0.096	0.168	0.264
12094	128589	0.136	0.056	0.112	0.08
12094	128589	0.112	0.064	0.2	0.176
12094	128589	0.111	0.105	0.217	0.216
12094	128589	0.352	0.08	0.191	0.432
12094	128589	0.112	0.16	0.192	0.048
12094	128589	0.096	0.36	0.472	0.456
12094	128589	0.112	0.52	0.616	0.632
12094	128589	0.08	0.472	0.584	0.552
12094	128589	0.112	0.136	0.216	0.248
12094	128589	0.128	0.008	0.12	0.136
12094	128589	0.096	0.088	0.216	0.184
12094	128589	0.096	0.024	0.12	0.12
12094	128589	0.096	0.024	0.12	0.12
12094	128589	0.104	0.008	0.088	0.096
12094	128589	0.072	0.064	0.168	0.136
12094	128589	0.064	0.008	0.08	0.072
12094	128589	0.088	0.08	0.144	0.168
12094	128589	0.072	0.008	0.096	0.08
12094	128589	0.304	0.032	0.104	0.336
12094	128589	0.104	0.072	0.232	0.032
12094	128589	0.112	0.208	0.312	0.32
12094	128589	0.096	0.208	0.32	0.304
12094	128589	0.096	0.088	0.184	0.184
12094	128589	0.096	0.112	0.208	0.208
12094	128589	0.208	0.048	0.048	0.16
12094	128589	0.128	0.616	0.824	0.744
12094	128589	0.224	0.136	0.264	0.36
12094	128589	0.096	0.064	0.16	0.032
12094	128589	0.096	0.136	0.232	0.232
12094	128589	0.064	0.112	0.208	0.176
12094	128589	0.08	0.104	0.168	0.184
12094	128589	0.176	0.296	0.376	0.472
12094	128589	0.12	0.032	0.208	0.152
12094	128589	0.216	0.024	0.144	0.24
12094	128589	0.16	0.04	0.176	0.12
12094	128589	0.088	0.904	1.064	0.992
12094	128589	0.072	0.064	0.152	0.136
12094	128589	0.088	0.08	0.152	0.168
12094	128589	0.08	0.008	0.096	0.088
12094	128589	0.088	1.144	1.224	1.232
12094	128589	0.0	0.0	0.0	0.0
12094	128589	0.0	0.0	0.0	0.0
12094	128589	0.0	0.0	0.0	0.0
12094	128589	0.0	0.0	0.0	0.0
12094	128589	0.0	0.0	0.0	0.0
12094	128589	0.0	0.0	0.0	0.0
12094	128589	0.0	0.0	0.0	0.0
12094	128589	0.0	0.0	0.0	0.0
12094	128589	0.0	0.0	0.0	0.0
12094	128589	0.0	0.0	0.0	0.0
12094	128589	0.0	0.0	0.0	0.0
12094	128589	0.0	0.0	0.0	0.0
12094	128604	0.92	0.0	0.0	0.0
12094	128604	0.12	0.44	0.48	0.32
12094	128604	0.128	0.56	0.68	0.688
12094	128604	0.128	0.152	0.28	0.28
12094	128604	0.12	0.4	0.528	0.52
12094	128604	0.12	0.008	0.128	0.128
12094	128604	0.168	0.144	0.264	0.312
12094	128604	0.096	0.2	0.368	0.296
12094	128604	0.16	0.384	0.48	0.544
12094	128604	0.189	0.096	0.256	0.285
12094	128604	0.096	0.347	0.536	0.443
12094	128604	0.128	0.024	0.12	0.152
12094	128604	0.096	0.008	0.136	0.104
12094	128604	0.08	0.008	0.104	0.088
12094	128604	0.104	0.016	0.096	0.12
12094	128604	0.08	0.024	0.128	0.104
12094	128604	0.08	0.024	0.104	0.104
12094	128604	0.096	0.016	0.096	0.112
12094	128604	0.128	0.008	0.104	0.136
12094	128604	0.192	0.16	0.288	0.352
12094	128604	0.12	0.04	0.152	0.08
12094	128604	0.12	0.024	0.144	0.144
12094	128604	0.096	0.024	0.144	0.12
12094	128604	0.144	0.016	0.112	0.16
12094	128604	0.128	0.072	0.216	0.2
12094	128604	0.152	0.2	0.328	0.352
12094	128604	0.088	0.096	0.248	0.184
12094	128604	0.112	0.096	0.184	0.208
12094	128604	0.104	0.416	0.528	0.52
12094	128604	0.104	0.04	0.144	0.144
12094	128604	0.104	0.272	0.376	0.376
12094	128604	0.104	0.016	0.12	0.12
12094	128604	0.0	0.0	0.0	0.0
12094	128604	0.0	0.0	0.0	0.0
12094	128604	0.0	0.0	0.0	0.0
12094	128604	0.0	0.0	0.0	0.0
12094	128604	0.0	0.0	0.0	0.0
12094	128604	0.0	0.0	0.0	0.0
12094	128604	0.0	0.0	0.0	0.0
12094	128604	0.0	0.0	0.0	0.0
12094	128604	0.0	0.0	0.0	0.0
12094	128604	0.0	0.0	0.0	0.0
12094	128604	0.0	0.0	0.0	0.0
12094	128604	0.0	0.0	0.0	0.0
12094	128604	0.0	0.0	0.0	0.0
12094	128604	0.0	0.0	0.0	0.0
12094	128604	0.0	0.0	0.0	0.0
12094	128604	0.0	0.0	0.0	0.0
12094	128604	0.0	0.0	0.0	0.0
12094	128604	0.0	0.0	0.0	0.0
12094	128604	0.0	0.0	0.0	0.0
12094	128604	0.0	0.0	0.0	0.0
12094	128604	0.0	0.0	0.0	0.0
12094	128604	0.0	0.0	0.0	0.0
12094	128604	0.0	0.0	0.0	0.0
12094	128604	0.0	0.0	0.0	0.0
12094	128604	0.0	0.0	0.0	0.0
12094	128604	0.0	0.0	0.0	0.0
12094	128604	0.0	0.0	0.0	0.0
12094	128604	0.0	0.0	0.0	0.0
12094	128604	0.0	0.0	0.0	0.0
12094	128604	0.0	0.0	0.0	0.0
12094	128604	0.0	0.0	0.0	0.0
12094	128604	0.0	0.0	0.0	0.0
12094	128604	0.0	0.0	0.0	0.0
12094	128604	0.0	0.0	0.0	0.0
12094	128604	0.0	0.0	0.0	0.0
12094	128604	0.0	0.0	0.0	0.0
12094	128604	0.0	0.0	0.0	0.0
12094	128604	0.0	0.0	0.0	0.0
12094	128616	0.792	0.0	0.0	0.0
12094	128616	0.192	0.376	0.416	0.184
12094	128616	0.127	0.408	0.6	0.535
12094	128616	0.064	0.104	0.231	0.168
12094	128616	0.096	0.056	0.12	0.152
12094	128616	0.119	0.097	0.193	0.216
12094	128616	0.111	0.031	0.088	0.08
12094	128616	0.095	0.193	0.304	0.288
12094	128616	0.159	0.137	0.232	0.296
12094	128616	0.08	0.024	0.183	0.104
12094	128616	0.144	0.08	0.16	0.224
12094	128616	0.087	0.153	0.297	0.24
12094	128616	0.16	0.064	0.151	0.224
12094	128616	0.13	0.048	0.112	0.082
12094	128616	0.128	0.01	0.12	0.118
12094	128616	0.096	0.024	0.152	0.12
12094	128616	0.112	0.008	0.104	0.12
12094	128616	0.12	0.04	0.152	0.16
12094	128616	0.168	0.04	0.16	0.208
12094	128616	0.136	0.064	0.104	0.072
12094	128616	0.12	0.112	0.248	0.232
12094	128616	0.152	0.096	0.216	0.248
12094	128616	0.104	0.048	0.104	0.056
12094	128616	0.12	0.104	0.208	0.224
12094	128616	0.136	0.096	0.216	0.232
12094	128616	0.112	0.024	0.16	0.136
12094	128616	0.12	0.016	0.096	0.104
12094	128616	0.208	0.024	0.096	0.184
12094	128616	0.191	0.071	0.137	0.12
12094	128616	0.128	0.056	0.135	0.072
12094	128616	0.2	0.008	0.136	0.208
12094	128616	0.168	0.088	0.112	0.08
12094	128616	0.136	0.072	0.096	0.064
12094	128616	0.08	0.016	0.152	0.096
12094	128616	0.096	0.016	0.064	0.08
12094	128616	0.104	0.128	0.224	0.232
12094	128616	0.096	0.04	0.144	0.136
12094	128616	0.128	0.048	0.144	0.176
12094	128616	0.088	0.328	0.456	0.416
12094	128616	0.192	0.04	0.128	0.232
12094	128616	0.112	0.04	0.152	0.072
12094	128616	0.168	0.024	0.136	0.192
12094	128616	0.168	0.04	0.128	0.128
12094	128616	0.16	0.04	0.208	0.2
12094	128616	0.152	0.416	0.576	0.568
12094	128616	0.072	0.048	0.2	0.12
12094	128616	0.064	0.096	0.168	0.16
12094	128616	0.072	0.088	0.152	0.16
12094	128616	0.087	1.137	1.209	1.224
12094	128616	0.0	0.0	0.0	0.0
12094	128616	0.0	0.0	0.0	0.0
12094	128616	0.0	0.0	0.0	0.0
12094	128616	0.0	0.0	0.0	0.0
12094	128616	0.0	0.0	0.0	0.0
12094	128616	0.0	0.0	0.0	0.0
12094	128616	0.0	0.0	0.0	0.0
12094	128616	0.0	0.0	0.0	0.0
12094	128616	0.0	0.0	0.0	0.0
12094	128616	0.0	0.0	0.0	0.0
12094	128616	0.0	0.0	0.0	0.0
12094	128616	0.0	0.0	0.0	0.0
12094	128616	0.0	0.0	0.0	0.0
12094	128616	0.0	0.0	0.0	0.0
12094	128616	0.0	0.0	0.0	0.0
12094	128616	0.0	0.0	0.0	0.0
12094	128616	0.0	0.0	0.0	0.0
12094	128616	0.0	0.0	0.0	0.0
12094	128616	0.0	0.0	0.0	0.0
12094	128616	0.0	0.0	0.0	0.0
12094	128616	0.0	0.0	0.0	0.0
12094	128626	0.184	0.0	0.0	0.0
12094	128626	0.104	0.056	0.128	0.048
12094	128626	0.08	0.032	0.136	0.112
12094	128626	0.096	0.04	0.12	0.136
12094	128626	0.136	0.064	0.16	0.2
12094	128626	0.16	0.12	0.256	0.28
12094	128626	0.152	0.024	0.136	0.128
12094	128626	0.128	0.016	0.136	0.112
12094	128626	0.2	0.024	0.152	0.224
12094	128626	0.104	0.008	0.208	0.112
12094	128626	0.112	0.008	0.112	0.12
12094	128626	0.12	0.008	0.104	0.112
12094	128626	0.16	0.0	0.12	0.16
12094	128626	0.104	0.048	0.112	0.056
12094	128626	0.088	0.064	0.168	0.152
12094	128626	0.08	0.048	0.136	0.128
12094	128626	0.128	0.024	0.104	0.152
12094	128626	0.128	0.48	0.608	0.608
12094	128626	0.168	0.488	0.616	0.656
12094	128626	0.08	0.416	0.584	0.496
12094	128626	0.096	0.408	0.488	0.504
12094	128626	0.112	0.216	0.312	0.328
12094	128626	0.216	0.376	0.488	0.592
12094	128626	0.152	0.064	0.152	0.088
12094	128626	0.088	0.056	0.208	0.144
12094	128626	0.128	0.016	0.104	0.144
12094	128626	0.08	0.04	0.168	0.12
12094	128626	0.08	1.448	1.528	1.528
12094	128626	0.096	0.08	0.16	0.176
12094	128626	0.112	0.008	0.104	0.12
12094	128626	0.12	0.128	0.24	0.248
12094	128626	0.08	0.104	0.224	0.184
12094	128626	0.12	0.04	0.12	0.16
12094	128626	0.144	0.136	0.256	0.28
12094	128626	0.12	0.032	0.112	0.088
12094	128626	0.152	0.064	0.184	0.216
12094	128626	0.232	0.208	0.36	0.44
12094	128626	0.096	0.04	0.272	0.136
12094	128626	0.08	0.088	0.184	0.168
12094	128626	0.144	0.072	0.152	0.216
12094	128626	0.104	0.048	0.096	0.056
12094	128626	0.152	0.024	0.128	0.176
12094	128626	0.12	0.096	0.248	0.216
12094	128626	0.16	0.128	0.248	0.288
12094	128626	0.12	0.504	0.664	0.624
12094	128626	0.104	0.176	0.296	0.28
12094	128626	0.136	0.568	0.672	0.704
12094	128626	0.128	0.152	0.288	0.28
12094	128626	0.088	0.632	0.76	0.72
12094	128626	0.104	0.032	0.12	0.136
12094	128626	0.104	0.016	0.12	0.12
12094	128626	0.096	0.272	0.376	0.368
12094	128626	0.104	0.104	0.2	0.208
12094	128626	0.112	0.064	0.168	0.176
12094	128626	0.056	0.32	0.432	0.376
12094	128626	0.096	0.256	0.312	0.352
12094	128626	0.112	0.312	0.408	0.424
12094	128626	0.104	0.128	0.24	0.232
12094	128626	0.096	0.104	0.208	0.2
12094	128626	0.184	0.104	0.2	0.288
12094	128626	0.144	0.04	0.144	0.104
12094	128626	0.112	0.008	0.152	0.12
12094	128626	0.135	0.088	0.2	0.223
12094	128626	0.128	0.023	0.112	0.105
12094	128626	0.08	0.144	0.272	0.224
12094	128626	0.104	0.424	0.504	0.528
12094	128626	0.104	0.168	0.272	0.272
12094	128626	0.128	0.184	0.288	0.312
12094	128626	0.072	0.168	0.296	0.24
12094	128626	0.096	0.216	0.288	0.312
12094	128650	0.152	0.0	0.0	0.0
12094	128650	0.096	0.016	0.136	0.08
12094	128650	0.128	0.024	0.12	0.152
12094	128650	0.088	0.08	0.208	0.168
12094	128650	0.088	0.096	0.184	0.184
12094	128650	0.136	0.096	0.184	0.232
12094	128650	0.104	0.488	0.624	0.592
12094	128650	0.088	0.008	0.112	0.096
12094	128650	0.072	0.12	0.208	0.192
12094	128650	0.08	0.096	0.168	0.176
12094	128650	0.088	0.096	0.176	0.184
12094	128650	0.088	0.08	0.168	0.168
12094	128650	0.104	0.096	0.184	0.2
12094	128650	0.184	0.128	0.232	0.312
12094	128650	0.192	0.064	0.12	0.128
12094	128650	0.136	0.04	0.152	0.096
12094	128650	0.08	0.096	0.232	0.176
12094	128650	0.112	0.04	0.12	0.152
12094	128650	0.152	0.224	0.336	0.376
12094	128650	0.112	0.008	0.144	0.104
12094	128650	0.136	0.072	0.04	0.064
12094	128650	0.128	0.808	0.944	0.936
12094	128650	0.0	0.0	0.0	0.0
12094	128650	0.0	0.0	0.0	0.0
12094	128650	0.0	0.0	0.0	0.0
12094	128650	0.0	0.0	0.0	0.0
12094	128650	0.0	0.0	0.0	0.0
12094	128650	0.0	0.0	0.0	0.0
12094	128650	0.0	0.0	0.0	0.0
12094	128650	0.0	0.0	0.0	0.0
12094	128650	0.0	0.0	0.0	0.0
12094	128650	0.0	0.0	0.0	0.0
12094	128650	0.0	0.0	0.0	0.0
12094	128650	0.0	0.0	0.0	0.0
12094	128650	0.0	0.0	0.0	0.0
12094	128650	0.0	0.0	0.0	0.0
12094	128650	0.0	0.0	0.0	0.0
12094	128650	0.0	0.0	0.0	0.0
12094	128650	0.0	0.0	0.0	0.0
12094	128650	0.0	0.0	0.0	0.0
12094	128650	0.0	0.0	0.0	0.0
12094	128650	0.0	0.0	0.0	0.0
12094	128650	0.0	0.0	0.0	0.0
12094	128650	0.0	0.0	0.0	0.0
12094	128650	0.0	0.0	0.0	0.0
12094	128650	0.0	0.0	0.0	0.0
12094	128650	0.0	0.0	0.0	0.0
12094	128650	0.0	0.0	0.0	0.0
12094	128650	0.0	0.0	0.0	0.0
12094	128650	0.0	0.0	0.0	0.0
12094	128650	0.0	0.0	0.0	0.0
12094	128650	0.0	0.0	0.0	0.0
12094	128650	0.0	0.0	0.0	0.0
12094	128650	0.0	0.0	0.0	0.0
12094	128650	0.0	0.0	0.0	0.0
12094	128650	0.0	0.0	0.0	0.0
12094	128650	0.0	0.0	0.0	0.0
12094	128650	0.0	0.0	0.0	0.0
12094	128650	0.0	0.0	0.0	0.0
12094	128650	0.0	0.0	0.0	0.0
12094	128650	0.0	0.0	0.0	0.0
12094	128650	0.0	0.0	0.0	0.0
12094	128650	0.0	0.0	0.0	0.0
12094	128650	0.0	0.0	0.0	0.0
12094	128650	0.0	0.0	0.0	0.0
12094	128650	0.0	0.0	0.0	0.0
12094	128650	0.0	0.0	0.0	0.0
12094	128650	0.0	0.0	0.0	0.0
12094	128650	0.0	0.0	0.0	0.0
12094	128650	0.0	0.0	0.0	0.0
12094	128654	0.28	0.0	0.0	0.0
12094	128654	0.088	0.048	0.232	0.04
12094	128654	0.2	0.432	0.52	0.632
12094	128654	0.104	0.16	0.36	0.264
12094	128654	0.152	0.088	0.192	0.24
12094	128654	0.168	0.048	0.104	0.12
12094	128654	0.16	0.08	0.248	0.24
12094	128654	0.176	0.016	0.176	0.192
12094	128654	0.112	0.504	0.68	0.616
12094	128654	0.208	0.016	0.096	0.192
12094	128654	0.136	0.032	0.176	0.104
12094	128654	0.096	0.256	0.392	0.352
12094	128654	0.08	0.104	0.2	0.184
12094	128654	0.08	0.08	0.16	0.16
12094	128654	0.12	0.096	0.176	0.216
12094	128654	0.112	0.24	0.36	0.352
12094	128654	0.136	0.08	0.192	0.216
12094	128654	0.104	0.472	0.608	0.576
12094	128654	0.088	0.344	0.448	0.432
12094	128654	0.12	0.344	0.432	0.464
12094	128654	0.088	0.472	0.592	0.56
12094	128654	0.12	0.072	0.16	0.192
12094	128654	0.12	0.176	0.296	0.296
12094	128654	0.176	0.616	0.736	0.792
12094	128654	0.08	0.44	0.616	0.52
12094	128654	0.096	0.536	0.616	0.632
12094	128654	0.128	0.016	0.112	0.144
12094	128654	0.12	0.008	0.12	0.112
12094	128654	0.104	0.016	0.104	0.088
12094	128654	0.12	0.008	0.112	0.128
12094	128654	0.104	0.024	0.144	0.128
12094	128654	0.112	0.096	0.2	0.208
12094	128654	0.144	0.064	0.176	0.208
12094	128654	0.096	0.344	0.488	0.44
12094	128654	0.096	0.088	0.184	0.184
12094	128654	0.096	0.272	0.368	0.368
12094	128654	0.144	0.016	0.112	0.16
12094	128654	0.072	0.008	0.152	0.08
12094	128654	0.136	0.104	0.176	0.24
12094	128654	0.128	0.008	0.144	0.136
12094	128654	0.12	0.016	0.112	0.104
12094	128654	0.104	0.032	0.152	0.136
12094	128654	0.216	0.064	0.168	0.28
12094	128654	0.152	0.088	0.128	0.064
12094	128654	0.096	0.272	0.424	0.368
12094	128654	0.088	0.072	0.168	0.16
12094	128654	0.208	0.136	0.224	0.344
12094	128654	0.168	0.048	0.16	0.12
12094	128654	0.072	0.04	0.208	0.112
12094	128654	0.2	0.024	0.096	0.224
12094	128654	0.192	0.056	0.144	0.136
12094	128654	0.16	0.048	0.24	0.208
12094	128654	0.208	0.072	0.232	0.28
12094	128654	0.176	0.08	0.128	0.096
12094	128654	0.12	0.032	0.208	0.152
12094	128654	0.104	0.08	0.2	0.184
12094	128654	0.16	0.048	0.152	0.208
12094	128654	0.136	0.024	0.136	0.112
12094	128654	0.112	0.016	0.12	0.096
12094	128654	0.136	0.024	0.136	0.16
12094	128654	0.128	0.096	0.232	0.224
12094	128654	0.088	0.0	0.128	0.088
12094	128654	0.096	0.016	0.104	0.112
12094	128654	0.144	0.024	0.12	0.168
12094	128654	0.112	0.064	0.08	0.048
12094	128654	0.088	0.104	0.216	0.192
12094	128654	0.128	0.032	0.056	0.096
12094	128654	0.184	0.168	0.296	0.352
12094	128654	0.144	0.072	0.112	0.072
12094	128654	0.128	0.32	0.464	0.448
12094	128677	0.295	0.0	0.0	0.0
12094	128677	0.127	0.071	0.224	0.056
12094	128677	0.104	0.096	0.223	0.2
12094	128677	0.121	0.032	0.136	0.153
12094	128677	0.102	0.425	0.546	0.527
12094	128677	0.079	0.031	0.071	0.048
12094	128677	0.096	0.056	0.135	0.152
12094	128677	0.112	0.008	0.088	0.104
12094	128677	0.152	0.088	0.2	0.24
12094	128677	0.111	0.031	0.121	0.08
12094	128677	0.088	0.016	0.095	0.072
12094	128677	0.104	0.088	0.176	0.192
12094	128677	0.104	0.04	0.144	0.144
12094	128677	0.12	0.008	0.112	0.128
12094	128677	0.096	0.072	0.192	0.168
12094	128677	0.104	0.016	0.08	0.088
12094	128677	0.12	0.032	0.136	0.152
12094	128677	0.12	0.36	0.48	0.48
12094	128677	0.192	0.52	0.64	0.712
12094	128677	0.136	0.048	0.144	0.088
12094	128677	0.184	0.304	0.44	0.488
12094	128677	0.104	0.064	0.248	0.168
12094	128677	0.144	0.008	0.096	0.136
12094	128677	0.152	0.136	0.28	0.288
12094	128677	0.104	0.008	0.16	0.112
12094	128677	0.12	0.0	0.104	0.12
12094	128677	0.168	0.16	0.28	0.328
12094	128677	0.136	0.248	0.416	0.384
12094	128677	0.512	0.328	0.464	0.84
12094	128677	0.12	0.16	0.352	0.04
12094	128677	0.136	0.424	0.544	0.56
12094	128677	0.088	0.472	0.608	0.56
12094	128677	0.144	0.08	0.168	0.224
12094	128677	0.152	0.048	0.096	0.104
12094	128677	0.088	0.04	0.192	0.128
12094	128677	0.192	0.048	0.136	0.24
12094	128677	0.13	0.048	0.144	0.082
12094	128677	0.144	0.018	0.112	0.126
12094	128677	0.104	0.048	0.192	0.152
12094	128677	0.184	0.04	0.064	0.144
12094	128677	0.16	0.064	0.12	0.096
12094	128677	0.12	0.048	0.112	0.072
12094	128677	0.2	0.016	0.136	0.216
12094	128677	0.152	0.056	0.144	0.096
12094	128677	0.128	0.024	0.128	0.104
12094	128677	0.096	0.008	0.12	0.088
12094	128677	0.088	0.696	0.792	0.784
12094	128677	0.0	0.0	0.0	0.0
12094	128677	0.0	0.0	0.0	0.0
12094	128677	0.0	0.0	0.0	0.0
12094	128677	0.0	0.0	0.0	0.0
12094	128677	0.0	0.0	0.0	0.0
12094	128677	0.0	0.0	0.0	0.0
12094	128677	0.0	0.0	0.0	0.0
12094	128677	0.0	0.0	0.0	0.0
12094	128677	0.0	0.0	0.0	0.0
12094	128677	0.0	0.0	0.0	0.0
12094	128677	0.0	0.0	0.0	0.0
12094	128677	0.0	0.0	0.0	0.0
12094	128677	0.0	0.0	0.0	0.0
12094	128677	0.0	0.0	0.0	0.0
12094	128677	0.0	0.0	0.0	0.0
12094	128677	0.0	0.0	0.0	0.0
12094	128677	0.0	0.0	0.0	0.0
12094	128677	0.0	0.0	0.0	0.0
12094	128677	0.0	0.0	0.0	0.0
12094	128677	0.0	0.0	0.0	0.0
12094	128677	0.0	0.0	0.0	0.0
12094	128677	0.0	0.0	0.0	0.0
12094	128677	0.0	0.0	0.0	0.0
12094	128691	0.248	0.0	0.0	0.0
12094	128691	0.12	0.072	0.176	0.048
12094	128691	0.12	0.104	0.224	0.224
12094	128691	0.12	0.08	0.2	0.2
12094	128691	0.104	0.072	0.192	0.176
12094	128691	0.152	0.008	0.112	0.16
12094	128691	0.088	0.04	0.112	0.048
12094	128691	0.168	0.088	0.176	0.256
12094	128691	0.136	0.056	0.112	0.08
12094	128691	0.104	0.184	0.32	0.288
12094	128691	0.08	0.008	0.112	0.088
12094	128691	0.088	0.048	0.128	0.136
12094	128691	0.191	0.001	0.089	0.192
12094	128691	0.152	0.064	0.127	0.088
12094	128691	0.16	0.136	0.288	0.296
12094	128691	0.128	0.024	0.184	0.152
12094	128691	0.144	0.296	0.424	0.44
12094	128691	0.168	0.288	0.432	0.456
12094	128691	0.104	0.392	0.56	0.496
12094	128691	0.08	0.08	0.184	0.16
12094	128691	0.096	0.16	0.24	0.256
12094	128691	0.136	0.136	0.232	0.272
12094	128691	0.088	0.128	0.264	0.216
12094	128691	0.096	0.064	0.152	0.16
12094	128691	0.08	0.016	0.112	0.096
12094	128691	0.096	0.016	0.096	0.112
12094	128691	0.096	0.04	0.136	0.136
12094	128691	0.12	0.024	0.072	0.096
12094	128691	0.176	0.008	0.128	0.184
12094	128691	0.096	0.056	0.12	0.04
12094	128691	0.08	0.04	0.136	0.12
12094	128691	0.152	0.112	0.192	0.264
12094	128691	0.144	0.072	0.08	0.072
12094	128691	0.184	0.192	0.336	0.376
12094	128691	0.208	0.056	0.128	0.152
12094	128691	0.112	0.016	0.192	0.096
12094	128691	0.12	0.36	0.472	0.48
12094	128691	0.112	0.056	0.176	0.168
12094	128691	0.096	0.04	0.072	0.056
12094	128691	0.104	0.04	0.136	0.144
12094	128691	0.096	0.024	0.08	0.072
12094	128691	0.08	0.024	0.12	0.104
12094	128691	0.088	0.016	0.096	0.104
12094	128691	0.112	0.024	0.064	0.088
12094	128691	0.16	0.224	0.336	0.384
12094	128691	0.16	0.024	0.184	0.184
12094	128691	0.104	0.6	0.76	0.704
12094	128691	0.096	0.08	0.184	0.176
12094	128691	0.096	0.616	0.712	0.712
12094	128691	0.078	0.09	0.186	0.168
12094	128691	0.112	0.088	0.166	0.2
12094	128691	0.104	0.072	0.184	0.176
12094	128691	0.128	0.128	0.232	0.256
12094	128691	0.12	0.064	0.192	0.184
12094	128691	0.12	0.096	0.216	0.216
12094	128691	0.104	0.08	0.2	0.184
12094	128691	0.08	0.568	0.672	0.648
12094	128691	0.104	0.016	0.096	0.12
12094	128691	0.08	0.024	0.128	0.104
12094	128691	0.096	0.744	0.824	0.84
12094	128691	0.0	0.0	0.0	0.0
12094	128691	0.0	0.0	0.0	0.0
12094	128691	0.0	0.0	0.0	0.0
12094	128691	0.0	0.0	0.0	0.0
12094	128691	0.0	0.0	0.0	0.0
12094	128691	0.0	0.0	0.0	0.0
12094	128691	0.0	0.0	0.0	0.0
12094	128691	0.0	0.0	0.0	0.0
12094	128691	0.0	0.0	0.0	0.0
12094	128691	0.0	0.0	0.0	0.0
