PARTICIPANT_ID	TEST_SECTION_ID	HOLD_LATENCY	INTERKEY_LATENCY	PRESS_LATENCY	RELEASE_LATENCY
12266	130741	0.182	0.0	0.0	0.0
12266	130741	0.119	0.047	0.135	0.072
12266	130741	0.112	0.04	0.159	0.152
12266	130741	0.111	0.017	0.129	0.128
12266	130741	0.103	0.673	0.784	0.776
12266	130741	0.144	0.024	0.127	0.168
12266	130741	0.104	0.064	0.08	0.04
12266	130741	0.112	0.12	0.224	0.232
12266	130741	0.144	0.168	0.28	0.312
12266	130741	0.144	0.688	0.832	0.832
12266	130741	0.104	0.008	0.136	0.096
12266	130741	0.136	0.008	0.096	0.128
12266	130741	0.112	0.192	0.328	0.304
12266	130741	0.152	0.064	0.176	0.216
12266	130741	0.104	0.064	0.088	0.04
12266	130741	0.104	0.032	0.136	0.136
12266	130741	0.152	0.008	0.096	0.144
12266	130741	0.112	0.016	0.136	0.096
12266	130741	0.184	0.056	0.056	0.128
12266	130741	0.144	0.056	0.128	0.088
12266	130741	0.104	0.776	0.92	0.88
12266	130741	0.136	0.016	0.12	0.152
12266	130741	0.152	0.072	0.208	0.224
12266	130741	0.152	0.048	0.2	0.2
12266	130741	0.12	0.208	0.36	0.328
12266	130741	0.119	0.001	0.121	0.12
12266	130741	0.128	0.032	0.087	0.096
12266	130741	0.152	0.032	0.096	0.12
12266	130741	0.08	0.496	0.648	0.576
12266	130741	0.096	0.112	0.192	0.208
12266	130741	0.144	0.36	0.456	0.504
12266	130741	0.12	0.232	0.376	0.352
12266	130741	0.168	0.064	0.184	0.232
12266	130741	0.152	0.072	0.24	0.224
12266	130741	0.12	0.008	0.144	0.112
12266	130741	0.256	0.024	0.144	0.28
12266	130741	0.16	0.048	0.208	0.112
12266	130741	0.168	0.008	0.152	0.16
12266	130741	0.104	0.448	0.616	0.552
12266	130741	0.136	0.272	0.376	0.408
12266	130741	0.152	0.08	0.216	0.232
12266	130741	0.064	0.096	0.248	0.16
12266	130741	0.088	0.608	0.672	0.696
12266	130741	0.136	0.856	0.944	0.992
12266	130741	0.095	0.064	0.2	0.159
12266	130741	0.176	0.113	0.208	0.289
12266	130741	0.08	0.28	0.456	0.36
12266	130741	0.088	0.072	0.152	0.16
12266	130741	0.112	0.0	0.088	0.112
12266	130741	0.183	0.208	0.32	0.391
12266	130741	0.191	0.023	0.16	0.168
12266	130741	0.223	0.055	0.136	0.168
12266	130741	0.152	0.096	0.127	0.056
12266	130741	0.176	0.184	0.336	0.36
12266	130741	0.0	0.0	0.0	0.0
12266	130741	0.0	0.0	0.0	0.0
12266	130741	0.0	0.0	0.0	0.0
12266	130741	0.0	0.0	0.0	0.0
12266	130741	0.0	0.0	0.0	0.0
12266	130741	0.0	0.0	0.0	0.0
12266	130741	0.0	0.0	0.0	0.0
12266	130741	0.0	0.0	0.0	0.0
12266	130741	0.0	0.0	0.0	0.0
12266	130741	0.0	0.0	0.0	0.0
12266	130741	0.0	0.0	0.0	0.0
12266	130741	0.0	0.0	0.0	0.0
12266	130741	0.0	0.0	0.0	0.0
12266	130741	0.0	0.0	0.0	0.0
12266	130741	0.0	0.0	0.0	0.0
12266	130741	0.0	0.0	0.0	0.0
12266	130777	0.152	0.0	0.0	0.0
12266	130777	0.16	0.08	0.072	0.08
12266	130777	0.168	0.04	0.12	0.128
12266	130777	0.12	0.08	0.248	0.2
12266	130777	0.118	0.038	0.082	0.08
12266	130777	0.088	0.08	0.198	0.168
12266	130777	0.144	0.064	0.152	0.208
12266	130777	0.168	0.072	0.072	0.096
12266	130777	0.104	0.408	0.576	0.512
12266	130777	0.128	0.088	0.192	0.216
12266	130777	0.144	0.008	0.136	0.152
12266	130777	0.168	0.064	0.08	0.104
12266	130777	0.154	0.352	0.52	0.506
12266	130777	0.136	0.01	0.144	0.126
12266	130777	0.144	0.064	0.072	0.08
12266	130777	0.12	0.008	0.136	0.112
12266	130777	0.112	0.384	0.504	0.496
12266	130777	0.104	0.488	0.6	0.592
12266	130777	0.136	0.096	0.2	0.232
12266	130777	0.128	0.136	0.272	0.264
12266	130777	0.136	0.032	0.16	0.168
12266	130777	0.112	0.008	0.144	0.12
12266	130777	0.144	0.256	0.368	0.4
12266	130777	0.08	0.232	0.376	0.312
12266	130777	0.12	0.064	0.144	0.184
12266	130777	0.144	0.016	0.104	0.128
12266	130777	0.216	0.008	0.152	0.224
12266	130777	0.08	0.2	0.416	0.28
12266	130777	0.112	0.072	0.152	0.184
12266	130777	0.136	0.016	0.096	0.12
12266	130777	0.177	0.232	0.368	0.409
12266	130777	0.184	0.017	0.16	0.167
12266	130777	0.168	0.064	0.12	0.104
12266	130777	0.112	0.016	0.152	0.096
12266	130777	0.128	0.568	0.68	0.696
12266	130777	0.096	0.464	0.592	0.56
12266	130777	0.136	0.648	0.744	0.784
12266	130777	0.096	0.776	0.912	0.872
12266	130777	0.088	0.559	0.655	0.647
12266	130777	0.0	0.0	0.0	0.0
12266	130777	0.0	0.0	0.0	0.0
12266	130777	0.0	0.0	0.0	0.0
12266	130777	0.0	0.0	0.0	0.0
12266	130777	0.0	0.0	0.0	0.0
12266	130777	0.0	0.0	0.0	0.0
12266	130777	0.0	0.0	0.0	0.0
12266	130777	0.0	0.0	0.0	0.0
12266	130777	0.0	0.0	0.0	0.0
12266	130777	0.0	0.0	0.0	0.0
12266	130777	0.0	0.0	0.0	0.0
12266	130777	0.0	0.0	0.0	0.0
12266	130777	0.0	0.0	0.0	0.0
12266	130777	0.0	0.0	0.0	0.0
12266	130777	0.0	0.0	0.0	0.0
12266	130777	0.0	0.0	0.0	0.0
12266	130777	0.0	0.0	0.0	0.0
12266	130777	0.0	0.0	0.0	0.0
12266	130777	0.0	0.0	0.0	0.0
12266	130777	0.0	0.0	0.0	0.0
12266	130777	0.0	0.0	0.0	0.0
12266	130777	0.0	0.0	0.0	0.0
12266	130777	0.0	0.0	0.0	0.0
12266	130777	0.0	0.0	0.0	0.0
12266	130777	0.0	0.0	0.0	0.0
12266	130777	0.0	0.0	0.0	0.0
12266	130777	0.0	0.0	0.0	0.0
12266	130777	0.0	0.0	0.0	0.0
12266	130777	0.0	0.0	0.0	0.0
12266	130777	0.0	0.0	0.0	0.0
12266	130777	0.0	0.0	0.0	0.0
12266	130795	0.272	0.0	0.0	0.0
12266	130795	0.184	0.096	0.176	0.088
12266	130795	0.128	0.016	0.2	0.144
12266	130795	0.16	0.128	0.256	0.288
12266	130795	0.104	2.256	2.416	2.36
12266	130795	0.184	0.096	0.2	0.28
12266	130795	0.12	0.424	0.608	0.544
12266	130795	0.144	0.048	0.072	0.096
12266	130795	0.144	0.04	0.184	0.184
12266	130795	0.128	0.064	0.08	0.064
12266	130795	0.128	0.488	0.616	0.616
12266	130795	0.16	0.096	0.224	0.256
12266	130795	0.184	0.056	0.104	0.128
12266	130795	0.168	0.472	0.656	0.64
12266	130795	0.144	0.032	0.136	0.112
12266	130795	0.168	0.008	0.136	0.16
12266	130795	0.144	0.04	0.128	0.104
12266	130795	0.144	0.048	0.192	0.192
12266	130795	0.152	0.032	0.112	0.12
12266	130795	0.088	0.032	0.12	0.056
12266	130795	0.136	0.064	0.152	0.2
12266	130795	0.16	0.336	0.472	0.496
12266	130795	0.0	0.0	0.0	0.0
12266	130795	0.0	0.0	0.0	0.0
12266	130795	0.0	0.0	0.0	0.0
12266	130795	0.0	0.0	0.0	0.0
12266	130795	0.0	0.0	0.0	0.0
12266	130795	0.0	0.0	0.0	0.0
12266	130795	0.0	0.0	0.0	0.0
12266	130795	0.0	0.0	0.0	0.0
12266	130795	0.0	0.0	0.0	0.0
12266	130795	0.0	0.0	0.0	0.0
12266	130795	0.0	0.0	0.0	0.0
12266	130795	0.0	0.0	0.0	0.0
12266	130795	0.0	0.0	0.0	0.0
12266	130795	0.0	0.0	0.0	0.0
12266	130795	0.0	0.0	0.0	0.0
12266	130795	0.0	0.0	0.0	0.0
12266	130795	0.0	0.0	0.0	0.0
12266	130795	0.0	0.0	0.0	0.0
12266	130795	0.0	0.0	0.0	0.0
12266	130795	0.0	0.0	0.0	0.0
12266	130795	0.0	0.0	0.0	0.0
12266	130795	0.0	0.0	0.0	0.0
12266	130795	0.0	0.0	0.0	0.0
12266	130795	0.0	0.0	0.0	0.0
12266	130795	0.0	0.0	0.0	0.0
12266	130795	0.0	0.0	0.0	0.0
12266	130795	0.0	0.0	0.0	0.0
12266	130795	0.0	0.0	0.0	0.0
12266	130795	0.0	0.0	0.0	0.0
12266	130795	0.0	0.0	0.0	0.0
12266	130795	0.0	0.0	0.0	0.0
12266	130795	0.0	0.0	0.0	0.0
12266	130795	0.0	0.0	0.0	0.0
12266	130795	0.0	0.0	0.0	0.0
12266	130795	0.0	0.0	0.0	0.0
12266	130795	0.0	0.0	0.0	0.0
12266	130795	0.0	0.0	0.0	0.0
12266	130795	0.0	0.0	0.0	0.0
12266	130795	0.0	0.0	0.0	0.0
12266	130795	0.0	0.0	0.0	0.0
12266	130795	0.0	0.0	0.0	0.0
12266	130795	0.0	0.0	0.0	0.0
12266	130795	0.0	0.0	0.0	0.0
12266	130795	0.0	0.0	0.0	0.0
12266	130795	0.0	0.0	0.0	0.0
12266	130795	0.0	0.0	0.0	0.0
12266	130795	0.0	0.0	0.0	0.0
12266	130795	0.0	0.0	0.0	0.0
12266	130811	0.144	0.0	0.0	0.0
12266	130811	0.087	0.001	0.145	0.088
12266	130811	0.112	0.024	0.111	0.136
12266	130811	0.12	0.048	0.064	0.072
12266	130811	0.135	0.001	0.121	0.136
12266	130811	0.192	0.048	0.183	0.24
12266	130811	0.112	0.144	0.336	0.256
12266	130811	0.12	0.088	0.2	0.208
12266	130811	0.12	0.048	0.168	0.168
12266	130811	0.152	0.776	0.896	0.928
12266	130811	0.104	0.32	0.472	0.424
12266	130811	0.136	0.104	0.208	0.24
12266	130811	0.168	0.24	0.376	0.408
12266	130811	0.12	0.2	0.368	0.32
12266	130811	0.184	0.056	0.176	0.24
12266	130811	0.12	0.032	0.152	0.088
12266	130811	0.16	0.408	0.528	0.568
12266	130811	0.128	0.032	0.192	0.16
12266	130811	0.146	0.032	0.16	0.178
12266	130811	0.168	0.01	0.136	0.158
12266	130811	0.16	0.16	0.328	0.32
12266	130811	0.088	0.32	0.48	0.408
12266	130811	0.12	0.064	0.152	0.184
12266	130811	0.16	0.24	0.36	0.4
12266	130811	0.184	0.048	0.112	0.136
12266	130811	0.104	0.056	0.128	0.048
12266	130811	0.128	0.008	0.112	0.136
12266	130811	0.112	0.544	0.672	0.656
12266	130811	0.12	0.24	0.352	0.36
12266	130811	0.136	0.056	0.176	0.192
12266	130811	0.192	0.504	0.64	0.696
12266	130811	0.232	0.064	0.256	0.296
12266	130811	0.16	0.008	0.24	0.168
12266	130811	0.128	0.024	0.136	0.104
12266	130811	0.176	0.024	0.104	0.152
12266	130811	0.112	0.056	0.12	0.056
12266	130811	0.136	0.032	0.144	0.168
12266	130811	0.112	0.152	0.288	0.264
12266	130811	0.176	0.024	0.136	0.2
12266	130811	0.176	0.064	0.112	0.112
12266	130811	0.104	1.36	1.536	1.464
12266	130811	0.088	0.16	0.264	0.248
12266	130811	0.152	0.08	0.168	0.232
12266	130811	0.12	0.04	0.112	0.08
12266	130811	0.128	0.136	0.256	0.264
12266	130811	0.127	1.128	1.256	1.255
12266	130811	0.16	0.136	0.263	0.296
12266	130811	0.176	0.015	0.145	0.161
12266	130811	0.143	0.032	0.144	0.111
12266	130811	0.233	0.016	0.127	0.217
12266	130811	0.16	0.097	0.136	0.063
12266	130811	0.089	0.472	0.632	0.561
12266	130811	0.152	0.119	0.208	0.271
12266	130811	0.112	0.008	0.144	0.104
12266	130811	0.272	0.04	0.072	0.232
12266	130811	0.129	0.128	0.144	0.001
12266	130811	0.24	0.367	0.496	0.607
12266	130811	0.0	0.0	0.0	0.0
12266	130811	0.0	0.0	0.0	0.0
12266	130811	0.0	0.0	0.0	0.0
12266	130811	0.0	0.0	0.0	0.0
12266	130811	0.0	0.0	0.0	0.0
12266	130811	0.0	0.0	0.0	0.0
12266	130811	0.0	0.0	0.0	0.0
12266	130811	0.0	0.0	0.0	0.0
12266	130811	0.0	0.0	0.0	0.0
12266	130811	0.0	0.0	0.0	0.0
12266	130811	0.0	0.0	0.0	0.0
12266	130811	0.0	0.0	0.0	0.0
12266	130811	0.0	0.0	0.0	0.0
12266	130838	0.16	0.0	0.0	0.0
12266	130838	0.12	0.04	0.12	0.08
12266	130838	0.128	0.008	0.128	0.136
12266	130838	0.152	0.048	0.176	0.2
12266	130838	0.184	0.032	0.12	0.152
12266	130838	0.168	0.208	0.392	0.376
12266	130838	0.168	0.16	0.328	0.328
12266	130838	0.152	0.064	0.232	0.216
12266	130838	0.168	0.016	0.168	0.184
12266	130838	0.064	0.0	0.168	0.064
12266	130838	0.056	0.016	0.048	0.04
12266	130838	0.072	0.344	0.4	0.416
12266	130838	0.112	0.056	0.128	0.168
12266	130838	0.168	0.08	0.192	0.248
12266	130838	0.16	0.008	0.176	0.168
12266	130838	0.152	0.008	0.152	0.144
12266	130838	0.096	0.008	0.144	0.088
12266	130838	0.144	0.0	0.096	0.144
12266	130838	0.136	0.712	0.856	0.848
12266	130838	0.168	0.008	0.128	0.16
12266	130838	0.16	0.072	0.096	0.088
12266	130838	0.136	0.016	0.144	0.12
12266	130838	0.104	0.28	0.416	0.384
12266	130838	0.128	0.384	0.488	0.512
12266	130838	0.184	0.064	0.192	0.248
12266	130838	0.104	0.024	0.208	0.128
12266	130838	0.136	0.08	0.184	0.216
12266	130838	0.176	0.064	0.2	0.24
12266	130838	0.144	0.128	0.304	0.272
12266	130838	0.12	0.104	0.248	0.224
12266	130838	0.128	0.12	0.24	0.248
12266	130838	0.144	0.024	0.104	0.12
12266	130838	0.136	0.024	0.12	0.112
12266	130838	0.12	0.024	0.112	0.096
12266	130838	0.144	0.024	0.096	0.12
12266	130838	0.111	0.672	0.816	0.783
12266	130838	0.145	0.04	0.151	0.185
12266	130838	0.127	0.032	0.113	0.095
12266	130838	0.184	1.152	1.279	1.336
12266	130838	0.144	0.048	0.136	0.096
12266	130838	0.16	0.384	0.528	0.544
12266	130838	0.16	0.336	0.496	0.496
12266	130838	0.112	0.008	0.152	0.104
12266	130838	0.08	0.448	0.56	0.528
12266	130838	0.112	0.04	0.12	0.152
12266	130838	0.152	0.008	0.12	0.16
12266	130838	0.128	0.08	0.232	0.208
12266	130838	0.106	0.024	0.152	0.13
12266	130838	0.144	0.01	0.096	0.134
12266	130838	0.16	0.312	0.456	0.472
12266	130838	0.0	0.0	0.0	0.0
12266	130838	0.0	0.0	0.0	0.0
12266	130838	0.0	0.0	0.0	0.0
12266	130838	0.0	0.0	0.0	0.0
12266	130838	0.0	0.0	0.0	0.0
12266	130838	0.0	0.0	0.0	0.0
12266	130838	0.0	0.0	0.0	0.0
12266	130838	0.0	0.0	0.0	0.0
12266	130838	0.0	0.0	0.0	0.0
12266	130838	0.0	0.0	0.0	0.0
12266	130838	0.0	0.0	0.0	0.0
12266	130838	0.0	0.0	0.0	0.0
12266	130838	0.0	0.0	0.0	0.0
12266	130838	0.0	0.0	0.0	0.0
12266	130838	0.0	0.0	0.0	0.0
12266	130838	0.0	0.0	0.0	0.0
12266	130838	0.0	0.0	0.0	0.0
12266	130838	0.0	0.0	0.0	0.0
12266	130838	0.0	0.0	0.0	0.0
12266	130838	0.0	0.0	0.0	0.0
12266	130856	0.312	0.0	0.0	0.0
12266	130856	0.152	0.144	0.168	0.008
12266	130856	0.16	0.216	0.368	0.376
12266	130856	0.12	0.016	0.144	0.104
12266	130856	0.152	0.12	0.24	0.272
12266	130856	0.12	0.768	0.92	0.888
12266	130856	0.16	0.064	0.184	0.224
12266	130856	0.136	0.248	0.408	0.384
12266	130856	0.12	0.048	0.184	0.168
12266	130856	0.144	0.016	0.104	0.128
12266	130856	0.128	0.024	0.168	0.152
12266	130856	0.168	0.072	0.2	0.24
12266	130856	0.096	0.312	0.48	0.408
12266	130856	0.112	0.056	0.152	0.168
12266	130856	0.128	0.016	0.096	0.112
12266	130856	0.104	0.368	0.496	0.472
12266	130856	0.128	0.224	0.328	0.352
12266	130856	0.168	0.032	0.16	0.2
12266	130856	0.16	0.04	0.128	0.12
12266	130856	0.144	0.008	0.168	0.152
12266	130856	0.128	0.016	0.128	0.112
12266	130856	0.135	0.128	0.256	0.263
12266	130856	0.152	0.007	0.128	0.145
12266	130856	0.136	0.08	0.072	0.056
12266	130856	0.12	0.472	0.608	0.592
12266	130856	0.24	0.016	0.136	0.256
12266	130856	0.143	0.04	0.2	0.103
12266	130856	0.159	0.023	0.12	0.136
12266	130856	0.224	0.025	0.184	0.249
12266	130856	0.167	0.2	0.424	0.367
12266	130856	0.168	0.008	0.175	0.176
12266	130856	0.096	0.48	0.648	0.576
12266	130856	0.12	0.04	0.136	0.16
12266	130856	0.16	0.008	0.112	0.152
12266	130856	0.152	0.112	0.272	0.264
12266	130856	0.128	0.032	0.184	0.16
12266	130856	0.168	0.296	0.424	0.464
12266	130856	0.0	0.0	0.0	0.0
12266	130856	0.0	0.0	0.0	0.0
12266	130856	0.0	0.0	0.0	0.0
12266	130856	0.0	0.0	0.0	0.0
12266	130856	0.0	0.0	0.0	0.0
12266	130856	0.0	0.0	0.0	0.0
12266	130856	0.0	0.0	0.0	0.0
12266	130856	0.0	0.0	0.0	0.0
12266	130856	0.0	0.0	0.0	0.0
12266	130856	0.0	0.0	0.0	0.0
12266	130856	0.0	0.0	0.0	0.0
12266	130856	0.0	0.0	0.0	0.0
12266	130856	0.0	0.0	0.0	0.0
12266	130856	0.0	0.0	0.0	0.0
12266	130856	0.0	0.0	0.0	0.0
12266	130856	0.0	0.0	0.0	0.0
12266	130856	0.0	0.0	0.0	0.0
12266	130856	0.0	0.0	0.0	0.0
12266	130856	0.0	0.0	0.0	0.0
12266	130856	0.0	0.0	0.0	0.0
12266	130856	0.0	0.0	0.0	0.0
12266	130856	0.0	0.0	0.0	0.0
12266	130856	0.0	0.0	0.0	0.0
12266	130856	0.0	0.0	0.0	0.0
12266	130856	0.0	0.0	0.0	0.0
12266	130856	0.0	0.0	0.0	0.0
12266	130856	0.0	0.0	0.0	0.0
12266	130856	0.0	0.0	0.0	0.0
12266	130856	0.0	0.0	0.0	0.0
12266	130856	0.0	0.0	0.0	0.0
12266	130856	0.0	0.0	0.0	0.0
12266	130856	0.0	0.0	0.0	0.0
12266	130856	0.0	0.0	0.0	0.0
12266	130871	0.207	0.0	0.0	0.0
12266	130871	0.174	0.062	0.145	0.112
12266	130871	0.032	0.048	0.222	0.08
12266	130871	0.096	0.496	0.528	0.592
12266	130871	0.136	0.024	0.12	0.16
12266	130871	0.16	0.056	0.08	0.104
12266	130871	0.128	0.128	0.288	0.256
12266	130871	0.136	0.04	0.088	0.096
12266	130871	0.144	0.048	0.088	0.096
12266	130871	0.184	0.032	0.112	0.152
12266	130871	0.112	0.072	0.112	0.04
12266	130871	0.16	0.008	0.12	0.168
12266	130871	0.176	0.28	0.44	0.456
12266	130871	0.184	0.016	0.16	0.168
12266	130871	0.08	0.056	0.128	0.024
12266	130871	0.12	0.128	0.208	0.248
12266	130871	0.104	0.128	0.248	0.232
12266	130871	0.176	0.024	0.128	0.2
12266	130871	0.192	0.056	0.12	0.136
12266	130871	0.136	0.056	0.136	0.08
12266	130871	0.152	0.432	0.568	0.584
12266	130871	0.168	0.072	0.08	0.096
12266	130871	0.12	0.04	0.128	0.08
12266	130871	0.144	0.008	0.128	0.152
12266	130871	0.08	0.056	0.2	0.136
12266	130871	0.072	0.36	0.44	0.432
12266	130871	0.088	0.064	0.136	0.152
12266	130871	0.096	0.056	0.144	0.152
12266	130871	0.104	0.512	0.608	0.616
12266	130871	0.128	0.072	0.176	0.2
12266	130871	0.176	0.024	0.152	0.2
12266	130871	0.112	0.408	0.584	0.52
12266	130871	0.168	0.0	0.112	0.168
12266	130871	0.136	0.112	0.28	0.248
12266	130871	0.136	0.44	0.576	0.576
12266	130871	0.152	0.24	0.376	0.392
12266	130871	0.121	0.007	0.159	0.128
12266	130871	0.112	0.088	0.209	0.2
12266	130871	0.104	0.136	0.248	0.24
12266	130871	0.143	0.128	0.232	0.271
12266	130871	0.16	0.04	0.183	0.2
12266	130871	0.176	0.015	0.145	0.161
12266	130871	0.097	0.047	0.223	0.144
12266	130871	0.071	0.168	0.265	0.239
12266	130871	0.056	0.096	0.167	0.152
12266	130871	0.064	0.192	0.248	0.256
12266	130871	0.072	0.088	0.152	0.16
12266	130871	0.048	0.088	0.16	0.136
12266	130871	0.088	0.064	0.112	0.152
12266	130871	0.16	0.592	0.68	0.752
12266	130871	0.16	0.28	0.44	0.44
12266	130871	0.16	0.008	0.168	0.168
12266	130871	0.112	0.032	0.128	0.08
12266	130871	0.112	0.096	0.208	0.208
12266	130871	0.144	0.064	0.176	0.208
12266	130871	0.096	0.056	0.088	0.04
12266	130871	0.12	0.184	0.28	0.304
12266	130871	0.184	0.024	0.096	0.16
12266	130871	0.08	0.024	0.208	0.104
12266	130871	0.112	0.064	0.144	0.176
12266	130871	0.088	0.448	0.56	0.536
12266	130871	0.168	0.112	0.2	0.28
12266	130871	0.136	0.04	0.208	0.176
12266	130871	0.155	0.288	0.424	0.443
12266	130871	0.176	0.011	0.144	0.165
12266	130871	0.104	1.024	1.2	1.128
12266	130871	0.136	0.04	0.144	0.176
12266	130871	0.121	0.032	0.104	0.089
12266	130871	0.112	0.009	0.112	0.103
12266	130871	0.12	0.008	0.104	0.112
12266	130899	0.192	0.0	0.0	0.0
12266	130899	0.128	0.008	0.2	0.136
12266	130899	0.115	0.008	0.136	0.123
12266	130899	0.152	0.019	0.096	0.133
12266	130899	0.152	0.032	0.12	0.12
12266	130899	0.152	0.016	0.136	0.136
12266	130899	0.144	0.024	0.128	0.12
12266	130899	0.16	0.56	0.704	0.72
12266	130899	0.112	0.744	0.904	0.856
12266	130899	0.16	0.112	0.224	0.272
12266	130899	0.104	0.592	0.752	0.696
12266	130899	0.112	0.032	0.072	0.08
12266	130899	0.136	0.04	0.072	0.096
12266	130899	0.112	0.024	0.16	0.136
12266	130899	0.16	0.952	1.064	1.112
12266	130899	0.12	0.024	0.184	0.144
12266	130899	0.136	0.032	0.152	0.168
12266	130899	0.136	0.44	0.576	0.576
12266	130899	0.128	0.032	0.104	0.096
12266	130899	0.138	0.008	0.136	0.146
12266	130899	0.112	0.054	0.192	0.166
12266	130899	0.144	0.008	0.104	0.136
12266	130899	0.104	0.024	0.12	0.08
12266	130899	0.08	0.616	0.72	0.696
12266	130899	0.144	0.048	0.128	0.192
12266	130899	0.152	0.032	0.112	0.12
12266	130899	0.128	0.04	0.112	0.088
12266	130899	0.12	0.384	0.512	0.504
12266	130899	0.217	0.095	0.215	0.312
12266	130899	0.192	0.24	0.457	0.432
12266	130899	0.153	0.127	0.319	0.28
12266	130899	0.199	0.512	0.665	0.711
12266	130899	0.16	0.544	0.743	0.704
12266	130899	0.12	0.096	0.256	0.216
12266	130899	0.144	0.352	0.472	0.496
12266	130899	0.152	0.032	0.176	0.184
12266	130899	0.144	0.008	0.144	0.136
12266	130899	0.16	0.016	0.128	0.144
12266	130899	0.144	0.056	0.216	0.2
12266	130899	0.112	0.832	0.976	0.944
12266	130899	0.176	0.024	0.136	0.2
12266	130899	0.12	0.136	0.312	0.256
12266	130899	0.144	0.104	0.224	0.248
12266	130899	0.184	0.032	0.176	0.216
12266	130899	0.184	0.216	0.4	0.4
12266	130899	0.0	0.0	0.0	0.0
12266	130899	0.0	0.0	0.0	0.0
12266	130899	0.0	0.0	0.0	0.0
12266	130899	0.0	0.0	0.0	0.0
12266	130899	0.0	0.0	0.0	0.0
12266	130899	0.0	0.0	0.0	0.0
12266	130899	0.0	0.0	0.0	0.0
12266	130899	0.0	0.0	0.0	0.0
12266	130899	0.0	0.0	0.0	0.0
12266	130899	0.0	0.0	0.0	0.0
12266	130899	0.0	0.0	0.0	0.0
12266	130899	0.0	0.0	0.0	0.0
12266	130899	0.0	0.0	0.0	0.0
12266	130899	0.0	0.0	0.0	0.0
12266	130899	0.0	0.0	0.0	0.0
12266	130899	0.0	0.0	0.0	0.0
12266	130899	0.0	0.0	0.0	0.0
12266	130899	0.0	0.0	0.0	0.0
12266	130899	0.0	0.0	0.0	0.0
12266	130899	0.0	0.0	0.0	0.0
12266	130899	0.0	0.0	0.0	0.0
12266	130899	0.0	0.0	0.0	0.0
12266	130899	0.0	0.0	0.0	0.0
12266	130899	0.0	0.0	0.0	0.0
12266	130899	0.0	0.0	0.0	0.0
12266	131172	0.155	0.0	0.0	0.0
12266	131172	0.104	0.011	0.144	0.093
12266	131172	0.112	0.008	0.112	0.12
12266	131172	0.12	0.032	0.08	0.088
12266	131172	0.136	0.0	0.12	0.136
12266	131172	0.096	0.256	0.392	0.352
12266	131172	0.128	0.064	0.16	0.192
12266	131172	0.112	0.024	0.104	0.088
12266	131172	0.16	0.472	0.584	0.632
12266	131172	0.096	0.048	0.208	0.144
12266	131172	0.128	0.064	0.16	0.192
12266	131172	0.128	0.016	0.144	0.144
12266	131172	0.096	0.176	0.304	0.272
12266	131172	0.096	0.104	0.2	0.2
12266	131172	0.128	0.432	0.528	0.56
12266	131172	0.112	0.064	0.192	0.176
12266	131172	0.128	0.08	0.192	0.208
12266	131172	0.16	0.136	0.264	0.296
12266	131172	0.16	0.04	0.2	0.2
12266	131172	0.151	0.392	0.552	0.543
12266	131172	0.135	0.079	0.072	0.056
12266	131172	0.056	0.088	0.223	0.144
12266	131172	0.097	0.056	0.112	0.153
12266	131172	0.159	0.592	0.689	0.751
12266	131172	0.127	0.441	0.6	0.568
12266	131172	0.136	0.008	0.135	0.144
12266	131172	0.136	0.096	0.232	0.232
12266	131172	0.152	0.048	0.088	0.104
12266	131172	0.128	0.008	0.16	0.136
12266	131172	0.128	0.04	0.168	0.168
12266	131172	0.512	0.296	0.424	0.808
12266	131172	0.096	0.072	0.44	0.024
12266	131172	0.12	0.056	0.152	0.176
12266	131172	0.088	0.08	0.2	0.168
12266	131172	0.168	0.072	0.16	0.24
12266	131172	0.192	0.072	0.096	0.12
12266	131172	0.768	0.16	0.352	0.928
12266	131172	0.104	0.112	0.656	0.008
12266	131172	0.12	0.016	0.12	0.136
12266	131172	0.112	0.048	0.168	0.16
12266	131172	0.152	0.072	0.184	0.224
12266	131172	0.104	0.024	0.128	0.08
12266	131172	0.184	0.008	0.096	0.176
12266	131172	0.208	0.016	0.168	0.192
12266	131172	0.2	0.04	0.168	0.16
12266	131172	0.144	0.616	0.816	0.76
12266	131172	0.168	0.016	0.16	0.184
12266	131172	0.136	0.056	0.112	0.08
12266	131172	0.368	0.112	0.248	0.48
12266	131172	0.072	0.144	0.224	0.072
12266	131172	0.136	0.104	0.176	0.24
12266	131172	0.136	0.056	0.192	0.192
12266	131172	0.096	0.0	0.136	0.096
12266	131172	0.128	0.136	0.232	0.264
12266	131172	0.088	0.936	1.064	1.024
12266	131172	0.144	0.048	0.136	0.192
12266	131172	0.192	0.624	0.768	0.816
12266	131172	0.112	0.072	0.264	0.184
12266	131172	0.144	0.168	0.28	0.312
12266	131172	0.144	0.496	0.64	0.64
12266	131172	0.088	0.8	0.944	0.888
12266	131172	0.08	0.256	0.344	0.336
12266	131172	0.0	0.0	0.0	0.0
12266	131172	0.0	0.0	0.0	0.0
12266	131172	0.0	0.0	0.0	0.0
12266	131172	0.0	0.0	0.0	0.0
12266	131172	0.0	0.0	0.0	0.0
12266	131172	0.0	0.0	0.0	0.0
12266	131172	0.0	0.0	0.0	0.0
12266	131172	0.0	0.0	0.0	0.0
12266	131206	0.192	0.0	0.0	0.0
12266	131206	0.144	0.04	0.152	0.104
12266	131206	0.169	0.048	0.192	0.217
12266	131206	0.096	0.559	0.728	0.655
12266	131206	0.24	0.152	0.248	0.392
12266	131206	0.179	0.088	0.152	0.091
12266	131206	0.12	0.109	0.288	0.229
12266	131206	0.168	0.368	0.488	0.536
12266	131206	0.136	0.328	0.496	0.464
12266	131206	0.208	0.232	0.368	0.44
12266	131206	0.168	0.112	0.096	0.056
12266	131206	0.136	0.472	0.64	0.608
12266	131206	0.144	0.16	0.296	0.304
12266	131206	0.16	0.04	0.104	0.12
12266	131206	0.168	0.176	0.336	0.344
12266	131206	0.16	0.008	0.16	0.152
12266	131206	0.096	0.432	0.592	0.528
12266	131206	0.112	0.04	0.136	0.152
12266	131206	0.118	0.082	0.194	0.2
12266	131206	0.144	0.048	0.166	0.192
12266	131206	0.136	0.264	0.408	0.4
12266	131206	0.104	0.352	0.488	0.456
12266	131206	0.112	0.048	0.152	0.16
12266	131206	0.208	0.032	0.144	0.24
12266	131206	0.168	0.048	0.16	0.12
12266	131206	0.152	0.0	0.168	0.152
12266	131206	0.168	0.056	0.096	0.112
12266	131206	0.136	0.024	0.192	0.16
12266	131206	0.128	0.064	0.072	0.064
12266	131206	0.168	0.008	0.12	0.16
12266	131206	0.16	0.024	0.144	0.136
12266	131206	0.128	0.064	0.096	0.064
12266	131206	0.112	0.12	0.248	0.232
12266	131206	0.136	0.016	0.128	0.152
12266	131206	0.109	0.003	0.139	0.112
12266	131206	0.104	0.024	0.085	0.08
12266	131206	0.104	0.032	0.136	0.136
12266	131206	0.136	0.008	0.112	0.144
12266	131206	0.176	0.16	0.296	0.336
12266	131206	0.184	0.032	0.144	0.152
12266	131206	0.064	0.032	0.216	0.096
12266	131206	0.144	0.488	0.552	0.632
12266	131206	0.0	0.0	0.0	0.0
12266	131206	0.0	0.0	0.0	0.0
12266	131206	0.0	0.0	0.0	0.0
12266	131206	0.0	0.0	0.0	0.0
12266	131206	0.0	0.0	0.0	0.0
12266	131206	0.0	0.0	0.0	0.0
12266	131206	0.0	0.0	0.0	0.0
12266	131206	0.0	0.0	0.0	0.0
12266	131206	0.0	0.0	0.0	0.0
12266	131206	0.0	0.0	0.0	0.0
12266	131206	0.0	0.0	0.0	0.0
12266	131206	0.0	0.0	0.0	0.0
12266	131206	0.0	0.0	0.0	0.0
12266	131206	0.0	0.0	0.0	0.0
12266	131206	0.0	0.0	0.0	0.0
12266	131206	0.0	0.0	0.0	0.0
12266	131206	0.0	0.0	0.0	0.0
12266	131206	0.0	0.0	0.0	0.0
12266	131206	0.0	0.0	0.0	0.0
12266	131206	0.0	0.0	0.0	0.0
12266	131206	0.0	0.0	0.0	0.0
12266	131206	0.0	0.0	0.0	0.0
12266	131206	0.0	0.0	0.0	0.0
12266	131206	0.0	0.0	0.0	0.0
12266	131206	0.0	0.0	0.0	0.0
12266	131206	0.0	0.0	0.0	0.0
12266	131206	0.0	0.0	0.0	0.0
12266	131206	0.0	0.0	0.0	0.0
12266	131231	0.096	0.0	0.0	0.0
12266	131231	0.128	0.024	0.072	0.104
12266	131231	0.152	0.184	0.312	0.336
12266	131231	0.104	0.048	0.2	0.152
12266	131231	0.105	0.064	0.168	0.169
12266	131231	0.128	0.215	0.32	0.343
12266	131231	0.12	0.568	0.696	0.688
12266	131231	0.112	0.032	0.088	0.08
12266	131231	0.128	0.088	0.2	0.216
12266	131231	0.12	0.016	0.144	0.136
12266	131231	0.136	0.016	0.136	0.152
12266	131231	0.216	0.024	0.112	0.192
12266	131231	0.2	0.008	0.208	0.192
12266	131231	0.128	0.056	0.144	0.072
12266	131231	0.143	0.071	0.057	0.072
12266	131231	0.12	0.256	0.399	0.376
12266	131231	0.192	0.088	0.208	0.28
12266	131231	0.056	0.312	0.504	0.368
12266	131231	0.096	0.432	0.488	0.528
12266	131231	0.096	0.032	0.128	0.128
12266	131231	0.224	0.024	0.12	0.248
12266	131231	0.16	0.088	0.136	0.072
12266	131231	0.152	0.04	0.12	0.112
12266	131231	0.136	0.04	0.192	0.176
12266	131231	0.152	0.032	0.104	0.12
12266	131231	0.144	0.024	0.128	0.12
12266	131231	0.16	0.04	0.104	0.12
12266	131231	0.112	0.04	0.12	0.072
12266	131231	0.136	0.016	0.128	0.152
12266	131231	0.128	0.08	0.216	0.208
12266	131231	0.192	0.056	0.184	0.248
12266	131231	0.184	0.056	0.248	0.24
12266	131231	0.16	0.056	0.128	0.104
12266	131231	0.16	0.168	0.328	0.328
12266	131231	0.152	0.048	0.112	0.104
12266	131231	0.112	0.008	0.16	0.12
12266	131231	0.144	0.024	0.136	0.168
12266	131231	0.144	0.04	0.184	0.184
12266	131231	0.144	0.024	0.168	0.168
12266	131231	0.152	0.64	0.784	0.792
12266	131231	0.16	0.968	1.12	1.128
12266	131231	0.104	0.064	0.096	0.04
12266	131231	0.152	0.12	0.224	0.272
12266	131231	0.08	0.048	0.2	0.128
12266	131231	0.096	0.136	0.216	0.232
12266	131231	0.144	0.008	0.104	0.152
12266	131231	0.176	0.576	0.72	0.752
12266	131231	0.144	0.136	0.312	0.28
12266	131231	0.16	0.104	0.248	0.264
12266	131231	0.08	0.424	0.584	0.504
12266	131231	0.095	0.408	0.488	0.503
12266	131231	0.136	0.328	0.423	0.464
12266	131231	0.128	0.016	0.152	0.144
12266	131231	0.608	0.688	0.816	1.296
12266	131231	0.144	0.296	0.312	0.152
12266	131231	0.0	0.0	0.0	0.0
12266	131231	0.0	0.0	0.0	0.0
12266	131231	0.0	0.0	0.0	0.0
12266	131231	0.0	0.0	0.0	0.0
12266	131231	0.0	0.0	0.0	0.0
12266	131231	0.0	0.0	0.0	0.0
12266	131231	0.0	0.0	0.0	0.0
12266	131231	0.0	0.0	0.0	0.0
12266	131231	0.0	0.0	0.0	0.0
12266	131231	0.0	0.0	0.0	0.0
12266	131231	0.0	0.0	0.0	0.0
12266	131231	0.0	0.0	0.0	0.0
12266	131231	0.0	0.0	0.0	0.0
12266	131231	0.0	0.0	0.0	0.0
12266	131231	0.0	0.0	0.0	0.0
12266	131272	0.176	0.0	0.0	0.0
12266	131272	0.176	0.072	0.104	0.104
12266	131272	0.16	0.04	0.136	0.12
12266	131272	0.104	0.184	0.344	0.288
12266	131272	0.152	0.352	0.456	0.504
12266	131272	0.216	0.184	0.336	0.4
12266	131272	0.104	0.008	0.224	0.112
12266	131272	0.112	0.36	0.464	0.472
12266	131272	0.144	0.056	0.168	0.2
12266	131272	0.104	0.024	0.12	0.08
12266	131272	0.048	0.36	0.464	0.408
12266	131272	0.12	0.112	0.16	0.232
12266	131272	0.136	0.016	0.136	0.152
12266	131272	0.08	0.432	0.568	0.512
12266	131272	0.077	0.072	0.152	0.149
12266	131272	0.072	0.059	0.136	0.131
12266	131272	0.12	0.0	0.072	0.12
12266	131272	0.16	0.064	0.184	0.224
12266	131272	0.136	0.056	0.216	0.192
12266	131272	0.176	0.264	0.4	0.44
12266	131272	0.128	0.096	0.272	0.224
12266	131272	0.208	0.048	0.176	0.256
12266	131272	0.144	0.048	0.16	0.096
12266	131272	0.12	0.192	0.336	0.312
12266	131272	0.152	0.04	0.16	0.192
12266	131272	0.143	0.056	0.096	0.087
12266	131272	0.16	0.177	0.32	0.337
12266	131272	0.127	0.048	0.112	0.079
12266	131272	0.208	0.281	0.408	0.489
12266	131272	0.121	0.023	0.231	0.144
12266	131272	0.16	0.039	0.16	0.199
12266	131272	0.165	0.003	0.163	0.168
12266	131272	0.079	0.257	0.422	0.336
12266	131272	0.088	0.064	0.143	0.152
12266	131272	0.088	0.072	0.16	0.16
12266	131272	0.056	0.104	0.192	0.16
12266	131272	0.096	0.328	0.384	0.424
12266	131272	0.088	0.216	0.312	0.304
12266	131272	0.168	0.016	0.104	0.184
12266	131272	0.096	0.24	0.408	0.336
12266	131272	0.096	0.344	0.44	0.44
12266	131272	0.12	0.136	0.232	0.256
12266	131272	0.176	0.024	0.096	0.152
12266	131272	0.152	0.032	0.208	0.184
12266	131272	0.154	0.064	0.088	0.09
12266	131272	0.169	0.058	0.096	0.111
12266	131272	0.16	0.016	0.185	0.176
12266	131272	0.096	0.048	0.208	0.144
12266	131272	0.08	0.032	0.064	0.048
12266	131272	0.144	0.344	0.424	0.488
12266	131272	0.128	0.472	0.616	0.6
12266	131272	0.096	0.264	0.392	0.36
12266	131272	0.0	0.0	0.0	0.0
12266	131272	0.0	0.0	0.0	0.0
12266	131272	0.0	0.0	0.0	0.0
12266	131272	0.0	0.0	0.0	0.0
12266	131272	0.0	0.0	0.0	0.0
12266	131272	0.0	0.0	0.0	0.0
12266	131272	0.0	0.0	0.0	0.0
12266	131272	0.0	0.0	0.0	0.0
12266	131272	0.0	0.0	0.0	0.0
12266	131272	0.0	0.0	0.0	0.0
12266	131272	0.0	0.0	0.0	0.0
12266	131272	0.0	0.0	0.0	0.0
12266	131272	0.0	0.0	0.0	0.0
12266	131272	0.0	0.0	0.0	0.0
12266	131272	0.0	0.0	0.0	0.0
12266	131272	0.0	0.0	0.0	0.0
12266	131272	0.0	0.0	0.0	0.0
12266	131272	0.0	0.0	0.0	0.0
12266	131299	0.184	0.0	0.0	0.0
12266	131299	0.168	0.072	0.112	0.096
12266	131299	0.112	0.032	0.136	0.08
12266	131299	0.16	0.048	0.16	0.208
12266	131299	0.136	0.04	0.12	0.096
12266	131299	0.136	0.048	0.088	0.088
12266	131299	0.128	0.024	0.16	0.152
12266	131299	0.096	0.256	0.384	0.352
12266	131299	0.176	0.064	0.16	0.24
12266	131299	0.2	0.08	0.096	0.12
12266	131299	0.096	0.352	0.552	0.448
12266	131299	0.152	0.144	0.24	0.296
12266	131299	0.128	0.032	0.12	0.096
12266	131299	0.16	0.04	0.088	0.12
12266	131299	0.104	0.04	0.2	0.144
12266	131299	0.112	0.344	0.448	0.456
12266	131299	0.088	0.416	0.528	0.504
12266	131299	0.16	0.088	0.176	0.248
12266	131299	0.152	0.04	0.12	0.112
12266	131299	0.096	0.384	0.536	0.48
12266	131299	0.104	0.608	0.704	0.712
12266	131299	0.136	0.048	0.152	0.184
12266	131299	0.125	0.003	0.139	0.128
12266	131299	0.096	0.52	0.645	0.616
12266	131299	0.112	0.056	0.152	0.168
12266	131299	0.152	0.032	0.144	0.184
12266	131299	0.144	0.024	0.176	0.168
12266	131299	0.128	0.048	0.096	0.08
12266	131299	0.128	0.288	0.416	0.416
12266	131299	0.097	0.063	0.191	0.16
12266	131299	0.081	0.087	0.184	0.168
12266	131299	0.12	0.064	0.145	0.184
12266	131299	0.168	0.232	0.352	0.4
12266	131299	0.184	0.04	0.208	0.224
12266	131299	0.151	0.048	0.136	0.103
12266	131299	0.16	0.08	0.231	0.24
12266	131299	0.127	0.473	0.633	0.6
12266	131299	0.128	0.056	0.183	0.184
12266	131299	0.136	0.008	0.12	0.128
12266	131299	0.136	0.104	0.24	0.24
12266	131299	0.136	0.072	0.208	0.208
12266	131299	0.127	0.169	0.305	0.296
12266	131299	0.0	0.0	0.0	0.0
12266	131299	0.0	0.0	0.0	0.0
12266	131299	0.0	0.0	0.0	0.0
12266	131299	0.0	0.0	0.0	0.0
12266	131299	0.0	0.0	0.0	0.0
12266	131299	0.0	0.0	0.0	0.0
12266	131299	0.0	0.0	0.0	0.0
12266	131299	0.0	0.0	0.0	0.0
12266	131299	0.0	0.0	0.0	0.0
12266	131299	0.0	0.0	0.0	0.0
12266	131299	0.0	0.0	0.0	0.0
12266	131299	0.0	0.0	0.0	0.0
12266	131299	0.0	0.0	0.0	0.0
12266	131299	0.0	0.0	0.0	0.0
12266	131299	0.0	0.0	0.0	0.0
12266	131299	0.0	0.0	0.0	0.0
12266	131299	0.0	0.0	0.0	0.0
12266	131299	0.0	0.0	0.0	0.0
12266	131299	0.0	0.0	0.0	0.0
12266	131299	0.0	0.0	0.0	0.0
12266	131299	0.0	0.0	0.0	0.0
12266	131299	0.0	0.0	0.0	0.0
12266	131299	0.0	0.0	0.0	0.0
12266	131299	0.0	0.0	0.0	0.0
12266	131299	0.0	0.0	0.0	0.0
12266	131299	0.0	0.0	0.0	0.0
12266	131299	0.0	0.0	0.0	0.0
12266	131299	0.0	0.0	0.0	0.0
12266	131326	0.2	0.0	0.0	0.0
12266	131326	0.144	0.072	0.128	0.072
12266	131326	0.144	0.008	0.152	0.152
12266	131326	0.128	0.048	0.192	0.176
12266	131326	0.157	0.005	0.123	0.152
12266	131326	0.152	0.04	0.197	0.192
12266	131326	0.12	0.008	0.144	0.112
12266	131326	0.143	0.001	0.121	0.144
12266	131326	0.176	0.344	0.487	0.52
12266	131326	0.16	0.0	0.176	0.16
12266	131326	0.192	0.024	0.136	0.168
12266	131326	0.096	0.04	0.152	0.056
12266	131326	0.2	0.216	0.312	0.416
12266	131326	0.152	0.08	0.28	0.232
12266	131326	0.12	0.008	0.144	0.112
12266	131326	0.152	0.048	0.168	0.2
12266	131326	0.224	0.152	0.304	0.376
12266	131326	0.184	0.12	0.104	0.064
12266	131326	0.152	0.152	0.336	0.304
12266	131326	0.184	0.72	0.872	0.904
12266	131326	0.176	0.032	0.152	0.144
12266	131326	0.128	0.08	0.096	0.048
12266	131326	0.12	0.048	0.08	0.072
12266	131326	0.12	0.088	0.208	0.208
12266	131326	0.112	0.84	0.96	0.952
12266	131326	0.072	0.048	0.16	0.12
12266	131326	0.096	0.344	0.416	0.44
12266	131326	0.184	0.08	0.176	0.264
12266	131326	0.192	0.064	0.12	0.128
12266	131326	0.096	0.048	0.144	0.048
12266	131326	0.104	0.04	0.136	0.144
12266	131326	0.176	0.096	0.2	0.272
12266	131326	0.104	0.04	0.136	0.064
12266	131326	0.176	0.168	0.272	0.344
12266	131326	0.152	0.152	0.328	0.304
12266	131326	0.152	0.2	0.352	0.352
12266	131326	0.0	0.0	0.0	0.0
12266	131326	0.0	0.0	0.0	0.0
12266	131326	0.0	0.0	0.0	0.0
12266	131326	0.0	0.0	0.0	0.0
12266	131326	0.0	0.0	0.0	0.0
12266	131326	0.0	0.0	0.0	0.0
12266	131326	0.0	0.0	0.0	0.0
12266	131326	0.0	0.0	0.0	0.0
12266	131326	0.0	0.0	0.0	0.0
12266	131326	0.0	0.0	0.0	0.0
12266	131326	0.0	0.0	0.0	0.0
12266	131326	0.0	0.0	0.0	0.0
12266	131326	0.0	0.0	0.0	0.0
12266	131326	0.0	0.0	0.0	0.0
12266	131326	0.0	0.0	0.0	0.0
12266	131326	0.0	0.0	0.0	0.0
12266	131326	0.0	0.0	0.0	0.0
12266	131326	0.0	0.0	0.0	0.0
12266	131326	0.0	0.0	0.0	0.0
12266	131326	0.0	0.0	0.0	0.0
12266	131326	0.0	0.0	0.0	0.0
12266	131326	0.0	0.0	0.0	0.0
12266	131326	0.0	0.0	0.0	0.0
12266	131326	0.0	0.0	0.0	0.0
12266	131326	0.0	0.0	0.0	0.0
12266	131326	0.0	0.0	0.0	0.0
12266	131326	0.0	0.0	0.0	0.0
12266	131326	0.0	0.0	0.0	0.0
12266	131326	0.0	0.0	0.0	0.0
12266	131326	0.0	0.0	0.0	0.0
12266	131326	0.0	0.0	0.0	0.0
12266	131326	0.0	0.0	0.0	0.0
12266	131326	0.0	0.0	0.0	0.0
12266	131326	0.0	0.0	0.0	0.0
12266	131353	0.128	0.0	0.0	0.0
12266	131353	0.08	0.544	0.672	0.624
12266	131353	0.16	0.048	0.128	0.208
12266	131353	0.12	0.032	0.128	0.088
12266	131353	0.144	0.344	0.464	0.488
12266	131353	0.176	0.08	0.224	0.256
12266	131353	0.144	0.024	0.152	0.12
12266	131353	0.112	0.008	0.136	0.104
12266	131353	0.104	0.064	0.048	0.04
12266	131353	0.144	0.168	0.272	0.312
12266	131353	0.144	0.376	0.52	0.52
12266	131353	0.16	0.088	0.232	0.248
12266	131353	0.136	0.032	0.128	0.104
12266	131353	0.208	0.008	0.128	0.2
12266	131353	0.144	0.04	0.168	0.104
12266	131353	0.178	0.064	0.208	0.242
12266	131353	0.064	0.198	0.376	0.262
12266	131353	0.088	0.072	0.136	0.16
12266	131353	0.113	0.007	0.095	0.12
12266	131353	0.185	0.007	0.12	0.192
12266	131353	0.136	0.048	0.137	0.088
12266	131353	0.153	0.055	0.191	0.208
12266	131353	0.161	0.007	0.16	0.168
12266	131353	0.16	0.247	0.408	0.407
12266	131353	0.167	0.015	0.145	0.152
12266	131353	0.096	0.416	0.583	0.512
12266	131353	0.152	0.008	0.088	0.144
12266	131353	0.242	0.024	0.176	0.266
12266	131353	0.103	0.017	0.225	0.086
12266	131353	0.128	0.176	0.279	0.304
12266	131353	0.128	0.32	0.448	0.448
12266	131353	0.16	0.032	0.16	0.192
12266	131353	0.112	0.024	0.136	0.088
12266	131353	0.128	0.216	0.328	0.344
12266	131353	0.12	0.088	0.216	0.208
12266	131353	0.12	0.04	0.08	0.08
12266	131353	0.08	0.328	0.448	0.408
12266	131353	0.072	0.08	0.16	0.152
12266	131353	0.088	0.072	0.144	0.16
12266	131353	0.08	0.912	1.0	0.992
12266	131353	0.096	0.72	0.8	0.816
12266	131353	0.144	0.136	0.232	0.28
12266	131353	0.088	0.312	0.456	0.4
12266	131353	0.168	0.144	0.232	0.312
12266	131353	0.032	0.048	0.216	0.08
12266	131353	0.24	0.344	0.376	0.584
12266	131353	0.16	0.12	0.12	0.04
12266	131353	0.432	0.216	0.376	0.648
12266	131353	0.072	0.232	0.2	0.16
12266	131353	0.0	0.0	0.0	0.0
12266	131353	0.0	0.0	0.0	0.0
12266	131353	0.0	0.0	0.0	0.0
12266	131353	0.0	0.0	0.0	0.0
12266	131353	0.0	0.0	0.0	0.0
12266	131353	0.0	0.0	0.0	0.0
12266	131353	0.0	0.0	0.0	0.0
12266	131353	0.0	0.0	0.0	0.0
12266	131353	0.0	0.0	0.0	0.0
12266	131353	0.0	0.0	0.0	0.0
12266	131353	0.0	0.0	0.0	0.0
12266	131353	0.0	0.0	0.0	0.0
12266	131353	0.0	0.0	0.0	0.0
12266	131353	0.0	0.0	0.0	0.0
12266	131353	0.0	0.0	0.0	0.0
12266	131353	0.0	0.0	0.0	0.0
12266	131353	0.0	0.0	0.0	0.0
12266	131353	0.0	0.0	0.0	0.0
12266	131353	0.0	0.0	0.0	0.0
12266	131353	0.0	0.0	0.0	0.0
12266	131353	0.0	0.0	0.0	0.0
