PARTICIPANT_ID	TEST_SECTION_ID	HOLD_LATENCY	INTERKEY_LATENCY	PRESS_LATENCY	RELEASE_LATENCY
1349	13719	0.581	0.0	0.0	0.0
1349	13719	0.143	0.143	0.438	0.0
1349	13719	0.072	0.0	0.143	0.072
1349	13719	0.075	0.124	0.196	0.199
1349	13719	0.089	0.078	0.153	0.167
1349	13719	0.218	0.015	0.104	0.233
1349	13719	0.142	0.121	0.097	0.021
1349	13719	0.031	0.121	0.263	0.152
1349	13719	0.082	0.178	0.209	0.26
1349	13719	0.079	0.688	0.77	0.767
1349	13719	0.079	0.171	0.25	0.25
1349	13719	0.097	0.031	0.11	0.128
1349	13719	0.075	0.08	0.177	0.155
1349	13719	0.072	0.11	0.185	0.182
1349	13719	0.076	0.109	0.181	0.185
1349	13719	0.089	0.109	0.185	0.198
1349	13719	0.089	0.031	0.12	0.12
1349	13719	0.161	0.031	0.12	0.192
1349	13719	0.073	0.016	0.177	0.089
1349	13719	0.114	0.047	0.12	0.161
1349	13719	0.092	0.063	0.177	0.155
1349	13719	0.077	0.125	0.217	0.202
1349	13719	0.078	0.171	0.248	0.249
1349	13719	0.09	0.126	0.204	0.216
1349	13719	0.227	0.016	0.074	0.211
1349	13719	0.218	0.112	0.115	0.106
1349	13719	0.107	0.091	0.127	0.016
1349	13719	0.121	0.047	0.154	0.168
1349	13719	0.106	0.126	0.247	0.232
1349	13719	0.097	0.453	0.559	0.55
1349	13719	0.098	0.032	0.129	0.13
1349	13719	0.105	0.031	0.129	0.136
1349	13719	0.083	0.015	0.09	0.068
1349	13719	0.074	0.111	0.194	0.185
1349	13719	0.066	0.13	0.204	0.196
1349	13719	0.339	0.063	0.129	0.402
1349	13719	0.124	0.077	0.262	0.047
1349	13719	0.072	0.033	0.157	0.105
1349	13719	0.083	0.062	0.134	0.145
1349	13719	0.171	0.032	0.115	0.203
1349	13719	0.161	0.083	0.088	0.078
1349	13719	0.077	0.313	0.474	0.39
1349	13719	0.05	0.218	0.295	0.268
1349	13719	0.0	0.0	0.0	0.0
1349	13719	0.0	0.0	0.0	0.0
1349	13719	0.0	0.0	0.0	0.0
1349	13719	0.0	0.0	0.0	0.0
1349	13719	0.0	0.0	0.0	0.0
1349	13719	0.0	0.0	0.0	0.0
1349	13719	0.0	0.0	0.0	0.0
1349	13719	0.0	0.0	0.0	0.0
1349	13719	0.0	0.0	0.0	0.0
1349	13719	0.0	0.0	0.0	0.0
1349	13719	0.0	0.0	0.0	0.0
1349	13719	0.0	0.0	0.0	0.0
1349	13719	0.0	0.0	0.0	0.0
1349	13719	0.0	0.0	0.0	0.0
1349	13719	0.0	0.0	0.0	0.0
1349	13719	0.0	0.0	0.0	0.0
1349	13719	0.0	0.0	0.0	0.0
1349	13719	0.0	0.0	0.0	0.0
1349	13719	0.0	0.0	0.0	0.0
1349	13719	0.0	0.0	0.0	0.0
1349	13719	0.0	0.0	0.0	0.0
1349	13719	0.0	0.0	0.0	0.0
1349	13719	0.0	0.0	0.0	0.0
1349	13719	0.0	0.0	0.0	0.0
1349	13719	0.0	0.0	0.0	0.0
1349	13719	0.0	0.0	0.0	0.0
1349	13719	0.0	0.0	0.0	0.0
1349	13728	0.046	0.0	0.0	0.0
1349	13728	0.325	0.094	0.14	0.419
1349	13728	0.072	0.088	0.237	0.016
1349	13728	0.075	0.141	0.213	0.216
1349	13728	0.128	0.016	0.091	0.144
1349	13728	0.068	0.063	0.191	0.131
1349	13728	0.245	0.25	0.318	0.495
1349	13728	0.223	0.08	0.165	0.143
1349	13728	0.201	0.095	0.128	0.106
1349	13728	0.09	0.059	0.142	0.031
1349	13728	0.057	0.125	0.215	0.182
1349	13728	0.172	0.015	0.072	0.187
1349	13728	0.355	0.057	0.115	0.298
1349	13728	0.174	0.095	0.26	0.079
1349	13728	0.079	0.094	0.268	0.173
1349	13728	0.076	0.125	0.204	0.201
1349	13728	0.113	0.062	0.138	0.175
1349	13728	0.082	0.158	0.271	0.24
1349	13728	0.074	0.11	0.192	0.184
1349	13728	0.08	0.202	0.276	0.282
1349	13728	0.062	0.156	0.236	0.218
1349	13728	0.076	0.422	0.484	0.498
1349	13728	0.161	0.031	0.107	0.192
1349	13728	0.092	0.016	0.177	0.108
1349	13728	0.145	0.032	0.124	0.177
1349	13728	0.127	0.11	0.255	0.237
1349	13728	0.067	0.0	0.127	0.067
1349	13728	0.153	0.047	0.114	0.2
1349	13728	0.081	0.065	0.088	0.016
1349	13728	0.088	0.032	0.113	0.12
1349	13728	0.07	0.015	0.103	0.085
1349	13728	0.149	0.127	0.197	0.276
1349	13728	0.088	0.0	0.149	0.088
1349	13728	0.076	0.125	0.213	0.201
1349	13728	0.092	0.157	0.233	0.249
1349	13728	0.113	0.015	0.107	0.128
1349	13728	0.079	0.016	0.129	0.095
1349	13728	0.068	0.125	0.204	0.193
1349	13728	0.294	0.159	0.227	0.453
1349	13728	0.125	0.046	0.248	0.079
1349	13728	0.081	0.14	0.265	0.221
1349	13728	0.067	0.062	0.143	0.129
1349	13728	0.039	0.203	0.27	0.242
1349	13728	0.0	0.0	0.0	0.0
1349	13728	0.0	0.0	0.0	0.0
1349	13728	0.0	0.0	0.0	0.0
1349	13728	0.0	0.0	0.0	0.0
1349	13728	0.0	0.0	0.0	0.0
1349	13728	0.0	0.0	0.0	0.0
1349	13728	0.0	0.0	0.0	0.0
1349	13728	0.0	0.0	0.0	0.0
1349	13728	0.0	0.0	0.0	0.0
1349	13728	0.0	0.0	0.0	0.0
1349	13728	0.0	0.0	0.0	0.0
1349	13728	0.0	0.0	0.0	0.0
1349	13728	0.0	0.0	0.0	0.0
1349	13728	0.0	0.0	0.0	0.0
1349	13728	0.0	0.0	0.0	0.0
1349	13728	0.0	0.0	0.0	0.0
1349	13728	0.0	0.0	0.0	0.0
1349	13728	0.0	0.0	0.0	0.0
1349	13728	0.0	0.0	0.0	0.0
1349	13728	0.0	0.0	0.0	0.0
1349	13728	0.0	0.0	0.0	0.0
1349	13728	0.0	0.0	0.0	0.0
1349	13728	0.0	0.0	0.0	0.0
1349	13728	0.0	0.0	0.0	0.0
1349	13728	0.0	0.0	0.0	0.0
1349	13728	0.0	0.0	0.0	0.0
1349	13728	0.0	0.0	0.0	0.0
1349	13737	0.298	0.0	0.0	0.0
1349	13737	0.123	0.061	0.237	0.062
1349	13737	0.089	0.063	0.186	0.152
1349	13737	0.114	0.031	0.12	0.145
1349	13737	0.089	0.047	0.161	0.136
1349	13737	0.167	0.281	0.37	0.448
1349	13737	0.08	0.141	0.308	0.221
1349	13737	0.115	0.047	0.127	0.162
1349	13737	0.076	0.047	0.162	0.123
1349	13737	0.143	0.031	0.107	0.174
1349	13737	0.093	0.064	0.207	0.157
1349	13737	0.102	0.015	0.108	0.117
1349	13737	0.107	0.142	0.244	0.249
1349	13737	0.074	0.063	0.17	0.137
1349	13737	0.089	0.125	0.199	0.214
1349	13737	0.078	0.156	0.245	0.234
1349	13737	0.075	0.142	0.22	0.217
1349	13737	0.079	0.455	0.53	0.534
1349	13737	0.103	0.095	0.174	0.198
1349	13737	0.13	0.031	0.134	0.161
1349	13737	0.077	0.032	0.162	0.109
1349	13737	0.317	0.562	0.639	0.879
1349	13737	0.082	0.067	0.25	0.015
1349	13737	0.102	0.453	0.535	0.555
1349	13737	0.129	0.0	0.102	0.129
1349	13737	0.077	0.109	0.238	0.186
1349	13737	0.113	0.015	0.092	0.128
1349	13737	0.167	0.205	0.318	0.372
1349	13737	0.08	0.45	0.617	0.53
1349	13737	0.149	0.0	0.08	0.149
1349	13737	0.075	0.047	0.196	0.122
1349	13737	0.106	0.109	0.184	0.215
1349	13737	0.41	0.22	0.326	0.63
1349	13737	0.128	0.144	0.266	0.016
1349	13737	0.089	0.265	0.393	0.354
1349	13737	0.104	0.127	0.216	0.231
1349	13737	0.065	0.534	0.638	0.599
1349	13737	0.062	0.125	0.19	0.187
1349	13737	0.167	0.047	0.109	0.214
1349	13737	0.151	0.046	0.213	0.197
1349	13737	0.077	0.079	0.23	0.156
1349	13737	0.093	0.14	0.217	0.233
1349	13737	0.22	0.298	0.391	0.518
1349	13737	0.094	0.062	0.158	0.032
1349	13737	0.158	0.202	0.296	0.36
1349	13737	0.073	0.016	0.142	0.057
1349	13737	0.111	0.016	0.089	0.127
1349	13737	0.087	0.568	0.679	0.655
1349	13737	0.093	0.407	0.494	0.5
1349	13737	0.073	0.328	0.421	0.401
1349	13737	0.143	0.282	0.355	0.425
1349	13737	0.077	0.015	0.158	0.092
1349	13737	0.095	0.171	0.248	0.266
1349	13737	0.131	0.016	0.079	0.115
1349	13737	0.083	0.031	0.162	0.114
1349	13737	0.084	0.251	0.334	0.335
1349	13737	0.077	0.109	0.193	0.186
1349	13737	0.22	0.031	0.108	0.251
1349	13737	0.139	0.06	0.16	0.079
1349	13737	0.071	0.032	0.171	0.103
1349	13737	0.0	0.0	0.0	0.0
1349	13737	0.0	0.0	0.0	0.0
1349	13737	0.0	0.0	0.0	0.0
1349	13737	0.0	0.0	0.0	0.0
1349	13737	0.0	0.0	0.0	0.0
1349	13737	0.0	0.0	0.0	0.0
1349	13737	0.0	0.0	0.0	0.0
1349	13737	0.0	0.0	0.0	0.0
1349	13737	0.0	0.0	0.0	0.0
1349	13737	0.0	0.0	0.0	0.0
1349	13752	0.402	0.0	0.0	0.0
1349	13752	0.059	0.059	0.343	0.0
1349	13752	0.083	0.062	0.121	0.145
1349	13752	0.064	0.14	0.223	0.204
1349	13752	0.076	0.125	0.189	0.201
1349	13752	0.092	0.093	0.169	0.185
1349	13752	0.147	0.034	0.058	0.113
1349	13752	0.081	0.034	0.113	0.047
1349	13752	0.108	0.11	0.191	0.218
1349	13752	0.083	0.016	0.124	0.099
1349	13752	0.093	0.344	0.427	0.437
1349	13752	0.119	0.078	0.171	0.197
1349	13752	0.088	0.064	0.183	0.152
1349	13752	0.13	0.234	0.322	0.364
1349	13752	0.089	0.031	0.161	0.12
1349	13752	0.064	0.187	0.276	0.251
1349	13752	0.093	0.424	0.488	0.517
1349	13752	0.083	0.015	0.108	0.098
1349	13752	0.067	0.064	0.147	0.131
1349	13752	0.078	0.141	0.208	0.219
1349	13752	0.082	0.469	0.547	0.551
1349	13752	0.14	0.094	0.176	0.234
1349	13752	0.098	0.066	0.074	0.032
1349	13752	0.096	0.109	0.207	0.205
1349	13752	0.065	0.094	0.19	0.159
1349	13752	0.148	0.015	0.08	0.163
1349	13752	0.067	0.045	0.103	0.022
1349	13752	0.073	0.111	0.178	0.184
1349	13752	0.075	0.125	0.198	0.2
1349	13752	0.09	0.094	0.169	0.184
1349	13752	0.074	0.094	0.184	0.168
1349	13752	0.096	0.015	0.089	0.111
1349	13752	0.094	0.093	0.189	0.187
1349	13752	0.0	0.0	0.0	0.0
1349	13752	0.0	0.0	0.0	0.0
1349	13752	0.0	0.0	0.0	0.0
1349	13752	0.0	0.0	0.0	0.0
1349	13752	0.0	0.0	0.0	0.0
1349	13752	0.0	0.0	0.0	0.0
1349	13752	0.0	0.0	0.0	0.0
1349	13752	0.0	0.0	0.0	0.0
1349	13752	0.0	0.0	0.0	0.0
1349	13752	0.0	0.0	0.0	0.0
1349	13752	0.0	0.0	0.0	0.0
1349	13752	0.0	0.0	0.0	0.0
1349	13752	0.0	0.0	0.0	0.0
1349	13752	0.0	0.0	0.0	0.0
1349	13752	0.0	0.0	0.0	0.0
1349	13752	0.0	0.0	0.0	0.0
1349	13752	0.0	0.0	0.0	0.0
1349	13752	0.0	0.0	0.0	0.0
1349	13752	0.0	0.0	0.0	0.0
1349	13752	0.0	0.0	0.0	0.0
1349	13752	0.0	0.0	0.0	0.0
1349	13752	0.0	0.0	0.0	0.0
1349	13752	0.0	0.0	0.0	0.0
1349	13752	0.0	0.0	0.0	0.0
1349	13752	0.0	0.0	0.0	0.0
1349	13752	0.0	0.0	0.0	0.0
1349	13752	0.0	0.0	0.0	0.0
1349	13752	0.0	0.0	0.0	0.0
1349	13752	0.0	0.0	0.0	0.0
1349	13752	0.0	0.0	0.0	0.0
1349	13752	0.0	0.0	0.0	0.0
1349	13752	0.0	0.0	0.0	0.0
1349	13752	0.0	0.0	0.0	0.0
1349	13752	0.0	0.0	0.0	0.0
1349	13752	0.0	0.0	0.0	0.0
1349	13752	0.0	0.0	0.0	0.0
1349	13752	0.0	0.0	0.0	0.0
1349	13758	0.292	0.0	0.0	0.0
1349	13758	0.073	0.058	0.234	0.015
1349	13758	0.058	0.644	0.717	0.702
1349	13758	0.076	0.422	0.48	0.498
1349	13758	0.076	0.125	0.201	0.201
1349	13758	0.247	0.078	0.154	0.325
1349	13758	0.217	0.128	0.119	0.089
1349	13758	0.045	0.041	0.176	0.004
1349	13758	0.143	0.047	0.092	0.19
1349	13758	0.066	0.475	0.618	0.541
1349	13758	0.085	0.047	0.113	0.132
1349	13758	0.072	0.031	0.116	0.103
1349	13758	0.084	0.063	0.135	0.147
1349	13758	0.08	0.251	0.335	0.331
1349	13758	0.079	0.174	0.254	0.253
1349	13758	0.119	0.492	0.571	0.611
1349	13758	0.072	0.031	0.15	0.103
1349	13758	0.06	0.11	0.182	0.17
1349	13758	0.058	0.109	0.169	0.167
1349	13758	0.16	0.031	0.089	0.191
1349	13758	0.06	0.0	0.16	0.06
1349	13758	0.082	0.047	0.107	0.129
1349	13758	0.075	0.195	0.277	0.27
1349	13758	0.114	0.063	0.138	0.177
1349	13758	0.058	0.015	0.129	0.073
1349	13758	0.089	0.063	0.121	0.152
1349	13758	0.152	0.142	0.231	0.294
1349	13758	0.136	0.248	0.4	0.384
1349	13758	0.061	0.094	0.23	0.155
1349	13758	0.074	0.207	0.268	0.281
1349	13758	0.094	0.14	0.214	0.234
1349	13758	0.099	0.046	0.14	0.145
1349	13758	0.045	0.048	0.147	0.093
1349	13758	0.057	0.766	0.811	0.823
1349	13758	0.081	0.571	0.628	0.652
1349	13758	0.081	0.14	0.221	0.221
1349	13758	0.0	0.0	0.0	0.0
1349	13758	0.0	0.0	0.0	0.0
1349	13758	0.0	0.0	0.0	0.0
1349	13758	0.0	0.0	0.0	0.0
1349	13758	0.0	0.0	0.0	0.0
1349	13758	0.0	0.0	0.0	0.0
1349	13758	0.0	0.0	0.0	0.0
1349	13758	0.0	0.0	0.0	0.0
1349	13758	0.0	0.0	0.0	0.0
1349	13758	0.0	0.0	0.0	0.0
1349	13758	0.0	0.0	0.0	0.0
1349	13758	0.0	0.0	0.0	0.0
1349	13758	0.0	0.0	0.0	0.0
1349	13758	0.0	0.0	0.0	0.0
1349	13758	0.0	0.0	0.0	0.0
1349	13758	0.0	0.0	0.0	0.0
1349	13758	0.0	0.0	0.0	0.0
1349	13758	0.0	0.0	0.0	0.0
1349	13758	0.0	0.0	0.0	0.0
1349	13758	0.0	0.0	0.0	0.0
1349	13758	0.0	0.0	0.0	0.0
1349	13758	0.0	0.0	0.0	0.0
1349	13758	0.0	0.0	0.0	0.0
1349	13758	0.0	0.0	0.0	0.0
1349	13758	0.0	0.0	0.0	0.0
1349	13758	0.0	0.0	0.0	0.0
1349	13758	0.0	0.0	0.0	0.0
1349	13758	0.0	0.0	0.0	0.0
1349	13758	0.0	0.0	0.0	0.0
1349	13758	0.0	0.0	0.0	0.0
1349	13758	0.0	0.0	0.0	0.0
1349	13758	0.0	0.0	0.0	0.0
1349	13758	0.0	0.0	0.0	0.0
1349	13758	0.0	0.0	0.0	0.0
1349	13766	0.43	0.0	0.0	0.0
1349	13766	0.083	0.054	0.376	0.029
1349	13766	0.089	0.063	0.146	0.152
1349	13766	0.089	0.062	0.151	0.151
1349	13766	0.095	0.172	0.261	0.267
1349	13766	0.145	0.0	0.095	0.145
1349	13766	0.084	0.031	0.114	0.053
1349	13766	0.095	0.218	0.302	0.313
1349	13766	0.083	0.519	0.614	0.602
1349	13766	0.109	0.094	0.177	0.203
1349	13766	0.103	0.047	0.156	0.15
1349	13766	0.08	0.0	0.103	0.08
1349	13766	0.065	0.157	0.237	0.222
1349	13766	0.057	0.093	0.158	0.15
1349	13766	0.089	0.109	0.166	0.198
1349	13766	0.058	0.094	0.183	0.152
1349	13766	0.096	0.031	0.089	0.127
1349	13766	0.072	0.032	0.128	0.104
1349	13766	0.169	0.109	0.181	0.278
1349	13766	0.087	0.015	0.154	0.072
1349	13766	0.127	0.016	0.103	0.143
1349	13766	0.074	0.585	0.712	0.659
1349	13766	0.042	0.126	0.2	0.168
1349	13766	0.114	0.031	0.073	0.145
1349	13766	0.082	0.016	0.098	0.066
1349	13766	0.067	0.383	0.465	0.45
1349	13766	0.0	0.0	0.0	0.0
1349	13766	0.0	0.0	0.0	0.0
1349	13766	0.0	0.0	0.0	0.0
1349	13766	0.0	0.0	0.0	0.0
1349	13766	0.0	0.0	0.0	0.0
1349	13766	0.0	0.0	0.0	0.0
1349	13766	0.0	0.0	0.0	0.0
1349	13766	0.0	0.0	0.0	0.0
1349	13766	0.0	0.0	0.0	0.0
1349	13766	0.0	0.0	0.0	0.0
1349	13766	0.0	0.0	0.0	0.0
1349	13766	0.0	0.0	0.0	0.0
1349	13766	0.0	0.0	0.0	0.0
1349	13766	0.0	0.0	0.0	0.0
1349	13766	0.0	0.0	0.0	0.0
1349	13766	0.0	0.0	0.0	0.0
1349	13766	0.0	0.0	0.0	0.0
1349	13766	0.0	0.0	0.0	0.0
1349	13766	0.0	0.0	0.0	0.0
1349	13766	0.0	0.0	0.0	0.0
1349	13766	0.0	0.0	0.0	0.0
1349	13766	0.0	0.0	0.0	0.0
1349	13766	0.0	0.0	0.0	0.0
1349	13766	0.0	0.0	0.0	0.0
1349	13766	0.0	0.0	0.0	0.0
1349	13766	0.0	0.0	0.0	0.0
1349	13766	0.0	0.0	0.0	0.0
1349	13766	0.0	0.0	0.0	0.0
1349	13766	0.0	0.0	0.0	0.0
1349	13766	0.0	0.0	0.0	0.0
1349	13766	0.0	0.0	0.0	0.0
1349	13766	0.0	0.0	0.0	0.0
1349	13766	0.0	0.0	0.0	0.0
1349	13766	0.0	0.0	0.0	0.0
1349	13766	0.0	0.0	0.0	0.0
1349	13766	0.0	0.0	0.0	0.0
1349	13766	0.0	0.0	0.0	0.0
1349	13766	0.0	0.0	0.0	0.0
1349	13766	0.0	0.0	0.0	0.0
1349	13766	0.0	0.0	0.0	0.0
1349	13766	0.0	0.0	0.0	0.0
1349	13766	0.0	0.0	0.0	0.0
1349	13766	0.0	0.0	0.0	0.0
1349	13766	0.0	0.0	0.0	0.0
1349	13774	0.349	0.0	0.0	0.0
1349	13774	0.111	0.064	0.285	0.047
1349	13774	0.079	0.127	0.238	0.206
1349	13774	0.114	0.063	0.142	0.177
1349	13774	0.077	0.016	0.098	0.061
1349	13774	0.046	0.156	0.233	0.202
1349	13774	0.116	0.06	0.106	0.176
1349	13774	0.073	0.062	0.178	0.135
1349	13774	0.121	0.125	0.198	0.246
1349	13774	0.131	0.187	0.308	0.318
1349	13774	0.199	0.062	0.193	0.261
1349	13774	0.153	0.281	0.48	0.434
1349	13774	0.078	0.078	0.231	0.156
1349	13774	0.107	0.109	0.187	0.216
1349	13774	0.169	0.096	0.203	0.265
1349	13774	0.169	0.065	0.104	0.104
1349	13774	0.088	0.041	0.128	0.047
1349	13774	0.057	0.313	0.401	0.37
1349	13774	0.0	0.0	0.0	0.0
1349	13774	0.0	0.0	0.0	0.0
1349	13774	0.0	0.0	0.0	0.0
1349	13774	0.0	0.0	0.0	0.0
1349	13774	0.0	0.0	0.0	0.0
1349	13774	0.0	0.0	0.0	0.0
1349	13774	0.0	0.0	0.0	0.0
1349	13774	0.0	0.0	0.0	0.0
1349	13774	0.0	0.0	0.0	0.0
1349	13774	0.0	0.0	0.0	0.0
1349	13774	0.0	0.0	0.0	0.0
1349	13774	0.0	0.0	0.0	0.0
1349	13774	0.0	0.0	0.0	0.0
1349	13774	0.0	0.0	0.0	0.0
1349	13774	0.0	0.0	0.0	0.0
1349	13774	0.0	0.0	0.0	0.0
1349	13774	0.0	0.0	0.0	0.0
1349	13774	0.0	0.0	0.0	0.0
1349	13774	0.0	0.0	0.0	0.0
1349	13774	0.0	0.0	0.0	0.0
1349	13774	0.0	0.0	0.0	0.0
1349	13774	0.0	0.0	0.0	0.0
1349	13774	0.0	0.0	0.0	0.0
1349	13774	0.0	0.0	0.0	0.0
1349	13774	0.0	0.0	0.0	0.0
1349	13774	0.0	0.0	0.0	0.0
1349	13774	0.0	0.0	0.0	0.0
1349	13774	0.0	0.0	0.0	0.0
1349	13774	0.0	0.0	0.0	0.0
1349	13774	0.0	0.0	0.0	0.0
1349	13774	0.0	0.0	0.0	0.0
1349	13774	0.0	0.0	0.0	0.0
1349	13774	0.0	0.0	0.0	0.0
1349	13774	0.0	0.0	0.0	0.0
1349	13774	0.0	0.0	0.0	0.0
1349	13774	0.0	0.0	0.0	0.0
1349	13774	0.0	0.0	0.0	0.0
1349	13774	0.0	0.0	0.0	0.0
1349	13774	0.0	0.0	0.0	0.0
1349	13774	0.0	0.0	0.0	0.0
1349	13774	0.0	0.0	0.0	0.0
1349	13774	0.0	0.0	0.0	0.0
1349	13774	0.0	0.0	0.0	0.0
1349	13774	0.0	0.0	0.0	0.0
1349	13774	0.0	0.0	0.0	0.0
1349	13774	0.0	0.0	0.0	0.0
1349	13774	0.0	0.0	0.0	0.0
1349	13774	0.0	0.0	0.0	0.0
1349	13774	0.0	0.0	0.0	0.0
1349	13774	0.0	0.0	0.0	0.0
1349	13774	0.0	0.0	0.0	0.0
1349	13774	0.0	0.0	0.0	0.0
1349	13778	0.269	0.0	0.0	0.0
1349	13778	0.082	0.066	0.203	0.016
1349	13778	0.065	0.234	0.316	0.299
1349	13778	0.182	0.078	0.143	0.26
1349	13778	0.146	0.047	0.135	0.099
1349	13778	0.092	0.047	0.193	0.139
1349	13778	0.092	0.158	0.25	0.25
1349	13778	0.066	0.754	0.846	0.82
1349	13778	0.112	0.047	0.113	0.159
1349	13778	0.093	0.062	0.174	0.155
1349	13778	0.089	0.094	0.187	0.183
1349	13778	0.105	0.112	0.201	0.217
1349	13778	0.094	0.156	0.261	0.25
1349	13778	0.114	0.047	0.141	0.161
1349	13778	0.161	0.174	0.288	0.335
1349	13778	0.089	0.031	0.192	0.12
1349	13778	0.171	0.158	0.247	0.329
1349	13778	0.064	0.093	0.264	0.157
1349	13778	0.088	0.109	0.173	0.197
1349	13778	0.096	0.0	0.088	0.096
1349	13778	0.092	0.063	0.159	0.155
1349	13778	0.198	0.282	0.374	0.48
1349	13778	0.189	0.08	0.118	0.109
1349	13778	0.078	0.016	0.173	0.062
1349	13778	0.135	0.078	0.156	0.213
1349	13778	0.072	0.032	0.167	0.104
1349	13778	0.161	0.079	0.151	0.24
1349	13778	0.129	0.062	0.223	0.191
1349	13778	0.072	0.046	0.175	0.118
1349	13778	0.067	0.535	0.607	0.602
1349	13778	0.081	0.517	0.584	0.598
1349	13778	0.088	0.095	0.176	0.183
1349	13778	0.096	0.016	0.104	0.112
1349	13778	0.084	0.094	0.19	0.178
1349	13778	0.199	0.203	0.287	0.402
1349	13778	0.198	0.016	0.183	0.182
1349	13778	0.262	0.046	0.152	0.216
1349	13778	0.126	0.064	0.198	0.062
1349	13778	0.087	0.094	0.22	0.181
1349	13778	0.119	0.062	0.149	0.181
1349	13778	0.077	0.344	0.463	0.421
1349	13778	0.0	0.0	0.0	0.0
1349	13778	0.0	0.0	0.0	0.0
1349	13778	0.0	0.0	0.0	0.0
1349	13778	0.0	0.0	0.0	0.0
1349	13778	0.0	0.0	0.0	0.0
1349	13778	0.0	0.0	0.0	0.0
1349	13778	0.0	0.0	0.0	0.0
1349	13778	0.0	0.0	0.0	0.0
1349	13778	0.0	0.0	0.0	0.0
1349	13778	0.0	0.0	0.0	0.0
1349	13778	0.0	0.0	0.0	0.0
1349	13778	0.0	0.0	0.0	0.0
1349	13778	0.0	0.0	0.0	0.0
1349	13778	0.0	0.0	0.0	0.0
1349	13778	0.0	0.0	0.0	0.0
1349	13778	0.0	0.0	0.0	0.0
1349	13778	0.0	0.0	0.0	0.0
1349	13778	0.0	0.0	0.0	0.0
1349	13778	0.0	0.0	0.0	0.0
1349	13778	0.0	0.0	0.0	0.0
1349	13778	0.0	0.0	0.0	0.0
1349	13778	0.0	0.0	0.0	0.0
1349	13778	0.0	0.0	0.0	0.0
1349	13778	0.0	0.0	0.0	0.0
1349	13778	0.0	0.0	0.0	0.0
1349	13778	0.0	0.0	0.0	0.0
1349	13778	0.0	0.0	0.0	0.0
1349	13778	0.0	0.0	0.0	0.0
1349	13778	0.0	0.0	0.0	0.0
1349	13786	0.608	0.0	0.0	0.0
1349	13786	0.075	0.137	0.471	0.062
1349	13786	0.093	0.14	0.215	0.233
1349	13786	0.075	0.124	0.217	0.199
1349	13786	0.059	0.281	0.356	0.34
1349	13786	0.103	0.039	0.098	0.142
1349	13786	0.076	0.127	0.23	0.203
1349	13786	0.079	0.202	0.278	0.281
1349	13786	0.119	0.047	0.126	0.166
1349	13786	0.179	0.158	0.277	0.337
1349	13786	0.119	0.056	0.123	0.063
1349	13786	0.074	0.11	0.229	0.184
1349	13786	0.113	0.236	0.31	0.349
1349	13786	0.073	0.062	0.175	0.135
1349	13786	0.081	0.032	0.105	0.113
1349	13786	0.076	0.141	0.222	0.217
1349	13786	0.182	0.615	0.691	0.797
1349	13786	0.072	0.032	0.15	0.04
1349	13786	0.076	0.125	0.197	0.201
1349	13786	0.075	0.12	0.196	0.195
1349	13786	0.079	0.158	0.233	0.237
1349	13786	0.104	0.112	0.191	0.216
1349	13786	0.177	0.062	0.166	0.239
1349	13786	0.144	0.057	0.12	0.087
1349	13786	0.065	0.49	0.634	0.555
1349	13786	0.076	0.094	0.159	0.17
1349	13786	0.088	0.078	0.154	0.166
1349	13786	0.073	0.062	0.15	0.135
1349	13786	0.071	0.078	0.151	0.149
1349	13786	0.069	0.079	0.15	0.148
1349	13786	0.088	0.093	0.162	0.181
1349	13786	0.076	0.078	0.166	0.154
1349	13786	0.11	0.204	0.28	0.314
1349	13786	0.075	0.094	0.204	0.169
1349	13786	0.149	0.376	0.451	0.525
1349	13786	0.082	0.044	0.105	0.038
1349	13786	0.078	0.109	0.191	0.187
1349	13786	0.074	0.094	0.172	0.168
1349	13786	0.076	0.156	0.23	0.232
1349	13786	0.106	0.109	0.185	0.215
1349	13786	0.152	0.031	0.137	0.183
1349	13786	0.174	0.065	0.087	0.109
1349	13786	0.09	0.047	0.127	0.043
1349	13786	0.078	0.188	0.278	0.266
1349	13786	0.093	0.157	0.235	0.25
1349	13786	0.112	0.016	0.109	0.128
1349	13786	0.116	0.078	0.19	0.194
1349	13786	0.082	0.037	0.079	0.045
1349	13786	0.103	0.125	0.207	0.228
1349	13786	0.112	0.016	0.119	0.128
1349	13786	0.091	0.061	0.051	0.03
1349	13786	0.098	0.683	0.774	0.781
1349	13786	0.0	0.0	0.0	0.0
1349	13786	0.0	0.0	0.0	0.0
1349	13786	0.0	0.0	0.0	0.0
1349	13786	0.0	0.0	0.0	0.0
1349	13786	0.0	0.0	0.0	0.0
1349	13786	0.0	0.0	0.0	0.0
1349	13786	0.0	0.0	0.0	0.0
1349	13786	0.0	0.0	0.0	0.0
1349	13786	0.0	0.0	0.0	0.0
1349	13786	0.0	0.0	0.0	0.0
1349	13786	0.0	0.0	0.0	0.0
1349	13786	0.0	0.0	0.0	0.0
1349	13786	0.0	0.0	0.0	0.0
1349	13786	0.0	0.0	0.0	0.0
1349	13786	0.0	0.0	0.0	0.0
1349	13786	0.0	0.0	0.0	0.0
1349	13786	0.0	0.0	0.0	0.0
1349	13786	0.0	0.0	0.0	0.0
1349	13794	0.357	0.0	0.0	0.0
1349	13794	0.059	0.043	0.314	0.016
1349	13794	0.095	0.171	0.23	0.266
1349	13794	0.126	0.0	0.095	0.126
1349	13794	0.14	0.063	0.189	0.203
1349	13794	0.097	0.031	0.109	0.066
1349	13794	0.077	0.143	0.24	0.22
1349	13794	0.112	0.0	0.077	0.112
1349	13794	0.093	0.078	0.19	0.171
1349	13794	0.078	0.172	0.265	0.25
1349	13794	0.091	0.109	0.187	0.2
1349	13794	0.088	0.094	0.185	0.182
1349	13794	0.096	0.156	0.244	0.252
1349	13794	0.184	0.031	0.127	0.215
1349	13794	0.171	0.067	0.117	0.104
1349	13794	0.089	0.042	0.129	0.047
1349	13794	0.097	0.47	0.559	0.567
1349	13794	0.349	0.016	0.113	0.365
1349	13794	0.067	0.13	0.219	0.063
1349	13794	0.078	0.204	0.271	0.282
1349	13794	0.076	0.14	0.218	0.216
1349	13794	0.114	0.032	0.108	0.146
1349	13794	0.081	0.156	0.27	0.237
1349	13794	0.076	0.108	0.189	0.184
1349	13794	0.088	0.062	0.138	0.15
1349	13794	0.076	0.674	0.762	0.75
1349	13794	0.09	0.11	0.186	0.2
1349	13794	0.163	0.016	0.106	0.179
1349	13794	0.067	0.173	0.336	0.24
1349	13794	0.092	0.078	0.145	0.17
1349	13794	0.088	1.139	1.231	1.227
1349	13794	0.063	0.14	0.228	0.203
1349	13794	0.095	0.032	0.095	0.127
1349	13794	0.047	0.109	0.204	0.156
1349	13794	0.074	0.125	0.172	0.199
1349	13794	0.056	0.078	0.152	0.134
1349	13794	0.076	0.156	0.212	0.232
1349	13794	0.077	0.141	0.217	0.218
1349	13794	0.091	0.156	0.233	0.247
1349	13794	0.104	0.078	0.169	0.182
1349	13794	0.071	0.032	0.136	0.103
1349	13794	0.083	0.063	0.134	0.146
1349	13794	0.141	0.015	0.098	0.156
1349	13794	0.067	0.052	0.089	0.015
1349	13794	0.073	0.11	0.177	0.183
1349	13794	0.127	0.484	0.557	0.611
1349	13794	0.111	0.044	0.083	0.067
1349	13794	0.207	0.0	0.111	0.207
1349	13794	0.215	0.04	0.167	0.175
1349	13794	0.104	0.016	0.199	0.088
1349	13794	0.061	0.109	0.213	0.17
1349	13794	0.0	0.0	0.0	0.0
1349	13794	0.0	0.0	0.0	0.0
1349	13794	0.0	0.0	0.0	0.0
1349	13794	0.0	0.0	0.0	0.0
1349	13794	0.0	0.0	0.0	0.0
1349	13794	0.0	0.0	0.0	0.0
1349	13794	0.0	0.0	0.0	0.0
1349	13794	0.0	0.0	0.0	0.0
1349	13794	0.0	0.0	0.0	0.0
1349	13794	0.0	0.0	0.0	0.0
1349	13794	0.0	0.0	0.0	0.0
1349	13794	0.0	0.0	0.0	0.0
1349	13794	0.0	0.0	0.0	0.0
1349	13794	0.0	0.0	0.0	0.0
1349	13794	0.0	0.0	0.0	0.0
1349	13794	0.0	0.0	0.0	0.0
1349	13794	0.0	0.0	0.0	0.0
1349	13794	0.0	0.0	0.0	0.0
1349	13794	0.0	0.0	0.0	0.0
1349	13797	0.286	0.0	0.0	0.0
1349	13797	0.157	0.083	0.203	0.074
1349	13797	0.159	0.631	0.788	0.79
1349	13797	0.098	0.252	0.411	0.35
1349	13797	0.112	0.188	0.286	0.3
1349	13797	0.073	0.062	0.174	0.135
1349	13797	0.103	0.016	0.057	0.087
1349	13797	0.089	0.094	0.197	0.183
1349	13797	0.074	0.489	0.578	0.563
1349	13797	0.185	0.049	0.123	0.234
1349	13797	0.112	0.096	0.089	0.016
1349	13797	0.09	0.015	0.127	0.105
1349	13797	0.082	0.079	0.169	0.161
1349	13797	0.199	0.016	0.098	0.215
1349	13797	0.099	0.063	0.136	0.036
1349	13797	0.113	0.14	0.239	0.253
1349	13797	0.083	0.064	0.177	0.147
1349	13797	0.078	0.942	1.025	1.02
1349	13797	0.16	0.203	0.281	0.363
1349	13797	0.075	0.078	0.238	0.153
1349	13797	0.174	0.187	0.262	0.361
1349	13797	0.079	0.095	0.269	0.174
1349	13797	0.148	0.047	0.126	0.195
1349	13797	0.182	0.05	0.098	0.132
1349	13797	0.083	0.048	0.134	0.035
1349	13797	0.08	0.187	0.27	0.267
1349	13797	0.077	0.093	0.173	0.17
1349	13797	0.097	0.048	0.125	0.145
1349	13797	0.072	0.818	0.915	0.89
1349	13797	0.058	0.109	0.181	0.167
1349	13797	0.08	0.548	0.606	0.628
1349	13797	0.103	0.016	0.096	0.119
1349	13797	0.067	0.049	0.152	0.116
1349	13797	0.107	0.489	0.556	0.596
1349	13797	0.093	0.063	0.17	0.156
1349	13797	0.09	0.109	0.202	0.199
1349	13797	0.233	0.251	0.341	0.484
1349	13797	0.06	0.075	0.158	0.015
1349	13797	0.073	0.11	0.17	0.183
1349	13797	0.082	0.28	0.353	0.362
1349	13797	0.098	0.505	0.587	0.603
1349	13797	0.079	0.156	0.254	0.235
1349	13797	0.083	0.031	0.11	0.114
1349	13797	0.074	0.344	0.427	0.418
1349	13797	0.222	0.015	0.059	0.207
1349	13797	0.464	0.342	0.564	0.806
1349	13797	0.152	0.121	0.343	0.031
1349	13797	0.099	0.219	0.371	0.318
1349	13797	0.217	0.204	0.303	0.421
1349	13797	0.121	0.087	0.13	0.034
1349	13797	0.127	0.187	0.308	0.314
1349	13797	0.123	0.126	0.253	0.249
1349	13797	0.098	0.188	0.311	0.286
1349	13797	0.09	0.344	0.442	0.434
1349	13797	0.073	0.328	0.418	0.401
1349	13797	0.083	0.049	0.122	0.132
1349	13797	0.094	0.172	0.255	0.266
1349	13797	0.0	0.0	0.0	0.0
1349	13797	0.0	0.0	0.0	0.0
1349	13797	0.0	0.0	0.0	0.0
1349	13797	0.0	0.0	0.0	0.0
1349	13797	0.0	0.0	0.0	0.0
1349	13797	0.0	0.0	0.0	0.0
1349	13797	0.0	0.0	0.0	0.0
1349	13797	0.0	0.0	0.0	0.0
1349	13797	0.0	0.0	0.0	0.0
1349	13797	0.0	0.0	0.0	0.0
1349	13797	0.0	0.0	0.0	0.0
1349	13797	0.0	0.0	0.0	0.0
1349	13797	0.0	0.0	0.0	0.0
1349	13805	0.5	0.0	0.0	0.0
1349	13805	0.073	0.046	0.454	0.027
1349	13805	0.103	0.111	0.184	0.214
1349	13805	0.096	0.25	0.353	0.346
1349	13805	0.094	0.094	0.19	0.188
1349	13805	0.075	0.109	0.203	0.184
1349	13805	0.097	0.032	0.043	0.065
1349	13805	0.072	0.046	0.143	0.118
1349	13805	0.111	0.096	0.168	0.207
1349	13805	0.114	0.039	0.072	0.075
1349	13805	0.098	0.265	0.379	0.363
1349	13805	0.075	0.063	0.161	0.138
1349	13805	0.072	0.095	0.17	0.167
1349	13805	0.094	0.172	0.244	0.266
1349	13805	0.094	0.015	0.079	0.079
1349	13805	0.099	0.078	0.172	0.177
1349	13805	0.091	0.203	0.302	0.294
1349	13805	0.162	0.032	0.123	0.194
1349	13805	0.073	0.049	0.113	0.024
1349	13805	0.145	0.047	0.12	0.192
1349	13805	0.076	0.265	0.41	0.341
1349	13805	0.145	0.031	0.107	0.176
1349	13805	0.059	0.015	0.16	0.074
1349	13805	0.099	0.016	0.075	0.115
1349	13805	0.114	0.016	0.115	0.13
1349	13805	0.087	0.234	0.348	0.321
1349	13805	0.093	0.14	0.227	0.233
1349	13805	0.082	0.219	0.312	0.301
1349	13805	0.075	0.109	0.191	0.184
1349	13805	0.105	0.093	0.168	0.198
1349	13805	0.176	0.078	0.183	0.254
1349	13805	0.115	0.056	0.12	0.059
1349	13805	0.081	0.125	0.24	0.206
1349	13805	0.173	0.218	0.299	0.391
1349	13805	0.063	0.063	0.236	0.126
1349	13805	0.158	0.063	0.126	0.221
1349	13805	0.197	0.061	0.097	0.136
1349	13805	0.083	0.061	0.136	0.022
1349	13805	0.067	0.421	0.504	0.488
1349	13805	0.088	0.078	0.145	0.166
1349	13805	0.112	0.031	0.119	0.143
1349	13805	0.12	0.016	0.128	0.136
1349	13805	0.067	0.033	0.153	0.1
1349	13805	0.073	0.631	0.698	0.704
1349	13805	0.076	0.14	0.213	0.216
1349	13805	0.0	0.0	0.0	0.0
1349	13805	0.0	0.0	0.0	0.0
1349	13805	0.0	0.0	0.0	0.0
1349	13805	0.0	0.0	0.0	0.0
1349	13805	0.0	0.0	0.0	0.0
1349	13805	0.0	0.0	0.0	0.0
1349	13805	0.0	0.0	0.0	0.0
1349	13805	0.0	0.0	0.0	0.0
1349	13805	0.0	0.0	0.0	0.0
1349	13805	0.0	0.0	0.0	0.0
1349	13805	0.0	0.0	0.0	0.0
1349	13805	0.0	0.0	0.0	0.0
1349	13805	0.0	0.0	0.0	0.0
1349	13805	0.0	0.0	0.0	0.0
1349	13805	0.0	0.0	0.0	0.0
1349	13805	0.0	0.0	0.0	0.0
1349	13805	0.0	0.0	0.0	0.0
1349	13805	0.0	0.0	0.0	0.0
1349	13805	0.0	0.0	0.0	0.0
1349	13805	0.0	0.0	0.0	0.0
1349	13805	0.0	0.0	0.0	0.0
1349	13805	0.0	0.0	0.0	0.0
1349	13805	0.0	0.0	0.0	0.0
1349	13805	0.0	0.0	0.0	0.0
1349	13805	0.0	0.0	0.0	0.0
1349	13809	0.296	0.0	0.0	0.0
1349	13809	0.075	0.059	0.237	0.016
1349	13809	0.064	0.421	0.496	0.485
1349	13809	0.047	0.187	0.251	0.234
1349	13809	0.074	0.141	0.188	0.215
1349	13809	0.159	0.183	0.257	0.342
1349	13809	0.062	0.031	0.19	0.093
1349	13809	0.148	0.314	0.376	0.462
1349	13809	0.075	0.094	0.242	0.169
1349	13809	0.091	0.171	0.246	0.262
1349	13809	0.095	0.047	0.138	0.142
1349	13809	0.129	0.051	0.044	0.078
1349	13809	0.089	0.063	0.192	0.152
1349	13809	0.079	0.439	0.528	0.518
1349	13809	0.073	0.125	0.204	0.198
1349	13809	0.091	0.126	0.199	0.217
1349	13809	0.076	0.141	0.232	0.217
1349	13809	0.17	0.031	0.107	0.201
1349	13809	0.083	0.068	0.102	0.015
1349	13809	0.129	0.015	0.068	0.114
1349	13809	0.105	0.047	0.176	0.152
1349	13809	0.059	0.643	0.748	0.702
1349	13809	0.062	0.172	0.231	0.234
1349	13809	0.087	0.111	0.173	0.198
1349	13809	0.148	0.016	0.103	0.164
1349	13809	0.103	0.052	0.096	0.051
1349	13809	0.067	0.016	0.119	0.083
1349	13809	0.075	0.241	0.308	0.316
1349	13809	0.078	0.125	0.2	0.203
1349	13809	0.128	0.016	0.094	0.144
1349	13809	0.09	0.016	0.144	0.106
1349	13809	0.104	0.111	0.201	0.215
1349	13809	0.107	1.41	1.514	1.517
1349	13809	0.07	1.19	1.297	1.26
1349	13809	0.082	0.156	0.226	0.238
1349	13809	0.192	0.015	0.097	0.207
1349	13809	0.12	0.042	0.15	0.078
1349	13809	0.11	0.374	0.494	0.484
1349	13809	0.128	0.0	0.11	0.128
1349	13809	0.093	0.062	0.19	0.155
1349	13809	0.057	0.475	0.568	0.532
1349	13809	0.0	0.0	0.0	0.0
1349	13809	0.0	0.0	0.0	0.0
1349	13809	0.0	0.0	0.0	0.0
1349	13809	0.0	0.0	0.0	0.0
1349	13809	0.0	0.0	0.0	0.0
1349	13809	0.0	0.0	0.0	0.0
1349	13809	0.0	0.0	0.0	0.0
1349	13809	0.0	0.0	0.0	0.0
1349	13809	0.0	0.0	0.0	0.0
1349	13809	0.0	0.0	0.0	0.0
1349	13809	0.0	0.0	0.0	0.0
1349	13809	0.0	0.0	0.0	0.0
1349	13809	0.0	0.0	0.0	0.0
1349	13809	0.0	0.0	0.0	0.0
1349	13809	0.0	0.0	0.0	0.0
1349	13809	0.0	0.0	0.0	0.0
1349	13809	0.0	0.0	0.0	0.0
1349	13809	0.0	0.0	0.0	0.0
1349	13809	0.0	0.0	0.0	0.0
1349	13809	0.0	0.0	0.0	0.0
1349	13809	0.0	0.0	0.0	0.0
1349	13809	0.0	0.0	0.0	0.0
1349	13809	0.0	0.0	0.0	0.0
1349	13809	0.0	0.0	0.0	0.0
1349	13809	0.0	0.0	0.0	0.0
1349	13809	0.0	0.0	0.0	0.0
1349	13809	0.0	0.0	0.0	0.0
1349	13809	0.0	0.0	0.0	0.0
1349	13809	0.0	0.0	0.0	0.0
1349	13813	0.426	0.0	0.0	0.0
1349	13813	0.15	0.119	0.307	0.031
1349	13813	0.112	0.141	0.291	0.253
1349	13813	0.068	1.252	1.364	1.32
1349	13813	0.061	0.156	0.224	0.217
1349	13813	0.067	0.078	0.139	0.145
1349	13813	0.102	0.128	0.195	0.23
1349	13813	0.094	0.912	1.014	1.006
1349	13813	0.097	0.031	0.125	0.128
1349	13813	0.092	0.047	0.144	0.139
1349	13813	0.093	0.156	0.248	0.249
1349	13813	0.042	0.124	0.217	0.166
1349	13813	0.092	0.507	0.549	0.599
1349	13813	0.077	0.188	0.28	0.265
1349	13813	0.155	0.063	0.14	0.218
1349	13813	0.081	0.065	0.09	0.016
1349	13813	0.096	0.124	0.205	0.22
1349	13813	0.115	0.063	0.159	0.178
1349	13813	0.087	0.015	0.1	0.072
1349	13813	0.088	0.062	0.149	0.15
1349	13813	0.082	0.015	0.103	0.097
1349	13813	0.092	0.109	0.191	0.201
1349	13813	0.08	0.157	0.249	0.237
1349	13813	0.103	0.078	0.158	0.181
1349	13813	0.091	0.093	0.196	0.184
1349	13813	0.088	0.095	0.186	0.183
1349	13813	0.105	0.078	0.166	0.183
1349	13813	0.099	0.016	0.089	0.083
1349	13813	0.097	0.0	0.099	0.097
1349	13813	0.092	0.078	0.175	0.17
1349	13813	0.114	0.031	0.123	0.145
1349	13813	0.109	0.078	0.192	0.187
1349	13813	0.104	0.263	0.372	0.367
1349	13813	0.098	0.032	0.136	0.13
1349	13813	0.088	0.016	0.114	0.104
1349	13813	0.113	0.015	0.073	0.098
1349	13813	0.134	0.032	0.145	0.166
1349	13813	0.09	0.297	0.431	0.387
1349	13813	0.134	0.031	0.121	0.165
1349	13813	0.088	0.062	0.196	0.15
1349	13813	0.166	0.187	0.275	0.353
1349	13813	0.146	0.068	0.098	0.078
1349	13813	0.089	0.046	0.192	0.135
1349	13813	0.225	0.376	0.465	0.601
1349	13813	0.178	0.064	0.161	0.114
1349	13813	0.191	0.08	0.098	0.111
1349	13813	0.092	0.033	0.158	0.059
1349	13813	0.089	0.094	0.186	0.183
1349	13813	0.105	0.078	0.167	0.183
1349	13813	0.093	0.141	0.246	0.234
1349	13813	0.165	0.078	0.171	0.243
1349	13813	0.143	0.06	0.105	0.083
1349	13813	0.096	0.078	0.221	0.174
1349	13813	0.156	0.206	0.302	0.362
1349	13813	0.097	0.286	0.442	0.383
1349	13813	0.107	0.047	0.144	0.154
1349	13813	0.122	0.109	0.216	0.231
1349	13813	0.103	0.0	0.122	0.103
1349	13813	0.069	0.347	0.45	0.416
1349	13813	0.082	0.033	0.102	0.115
1349	13813	0.09	0.062	0.144	0.152
1349	13813	0.076	0.109	0.199	0.185
1349	13813	0.097	0.064	0.14	0.161
1349	13813	0.107	0.064	0.161	0.171
1349	13813	0.067	0.549	0.656	0.616
1349	13813	0.0	0.0	0.0	0.0
1349	13813	0.0	0.0	0.0	0.0
1349	13813	0.0	0.0	0.0	0.0
1349	13813	0.0	0.0	0.0	0.0
1349	13813	0.0	0.0	0.0	0.0
1349	13821	0.269	0.0	0.0	0.0
1349	13821	0.075	0.033	0.236	0.042
1349	13821	0.12	0.015	0.09	0.135
1349	13821	0.088	0.064	0.184	0.152
1349	13821	0.097	0.14	0.228	0.237
1349	13821	0.144	0.035	0.062	0.109
1349	13821	0.072	0.016	0.16	0.088
1349	13821	0.082	0.047	0.119	0.129
1349	13821	0.074	0.047	0.129	0.121
1349	13821	0.075	0.14	0.214	0.215
1349	13821	0.091	0.659	0.734	0.75
1349	13821	0.146	0.031	0.122	0.177
1349	13821	0.077	0.031	0.177	0.108
1349	13821	0.073	0.109	0.186	0.182
1349	13821	0.058	0.361	0.434	0.419
1349	13821	0.105	0.142	0.2	0.247
1349	13821	0.091	0.11	0.215	0.201
1349	13821	0.153	0.109	0.2	0.262
1349	13821	0.073	0.016	0.169	0.089
1349	13821	0.09	0.125	0.198	0.215
1349	13821	0.089	0.078	0.168	0.167
1349	13821	0.088	0.112	0.201	0.2
1349	13821	0.366	0.031	0.119	0.397
1349	13821	0.179	0.07	0.296	0.109
1349	13821	0.145	0.125	0.304	0.27
1349	13821	0.066	0.11	0.255	0.176
1349	13821	0.091	0.14	0.206	0.231
1349	13821	0.229	0.064	0.155	0.293
1349	13821	0.064	0.042	0.187	0.022
1349	13821	0.061	0.142	0.206	0.203
1349	13821	0.115	0.063	0.124	0.178
1349	13821	0.082	0.219	0.334	0.301
1349	13821	0.124	0.093	0.175	0.217
1349	13821	0.088	0.063	0.187	0.151
1349	13821	0.073	0.047	0.135	0.12
1349	13821	0.069	0.514	0.587	0.583
1349	13821	0.089	0.327	0.396	0.416
1349	13821	0.083	0.033	0.122	0.116
1349	13821	0.083	0.031	0.114	0.114
1349	13821	0.094	0.188	0.271	0.282
1349	13821	0.0	0.0	0.0	0.0
1349	13821	0.0	0.0	0.0	0.0
1349	13821	0.0	0.0	0.0	0.0
1349	13821	0.0	0.0	0.0	0.0
1349	13821	0.0	0.0	0.0	0.0
1349	13821	0.0	0.0	0.0	0.0
1349	13821	0.0	0.0	0.0	0.0
1349	13821	0.0	0.0	0.0	0.0
1349	13821	0.0	0.0	0.0	0.0
1349	13821	0.0	0.0	0.0	0.0
1349	13821	0.0	0.0	0.0	0.0
1349	13821	0.0	0.0	0.0	0.0
1349	13821	0.0	0.0	0.0	0.0
1349	13821	0.0	0.0	0.0	0.0
1349	13821	0.0	0.0	0.0	0.0
1349	13821	0.0	0.0	0.0	0.0
1349	13821	0.0	0.0	0.0	0.0
1349	13821	0.0	0.0	0.0	0.0
1349	13821	0.0	0.0	0.0	0.0
1349	13821	0.0	0.0	0.0	0.0
1349	13821	0.0	0.0	0.0	0.0
1349	13821	0.0	0.0	0.0	0.0
1349	13821	0.0	0.0	0.0	0.0
1349	13821	0.0	0.0	0.0	0.0
1349	13821	0.0	0.0	0.0	0.0
1349	13821	0.0	0.0	0.0	0.0
1349	13821	0.0	0.0	0.0	0.0
1349	13821	0.0	0.0	0.0	0.0
1349	13821	0.0	0.0	0.0	0.0
1349	13821	0.0	0.0	0.0	0.0
