PARTICIPANT_ID	TEST_SECTION_ID	HOLD_LATENCY	INTERKEY_LATENCY	PRESS_LATENCY	RELEASE_LATENCY
1508	15342	0.284	0.0	0.0	0.0
1508	15342	0.066	0.081	0.203	0.015
1508	15342	0.058	0.109	0.175	0.167
1508	15342	0.049	0.156	0.214	0.205
1508	15342	0.165	0.093	0.142	0.258
1508	15342	0.097	0.097	0.068	0.0
1508	15342	0.055	0.131	0.228	0.186
1508	15342	0.137	0.047	0.102	0.184
1508	15342	0.067	0.036	0.101	0.031
1508	15342	0.052	0.567	0.634	0.619
1508	15342	0.048	0.25	0.302	0.298
1508	15342	0.039	0.346	0.394	0.385
1508	15342	0.071	0.094	0.133	0.165
1508	15342	0.056	0.063	0.134	0.119
1508	15342	0.073	0.125	0.181	0.198
1508	15342	0.062	0.156	0.229	0.218
1508	15342	0.081	0.032	0.094	0.113
1508	15342	0.064	0.424	0.505	0.488
1508	15342	0.055	0.11	0.174	0.165
1508	15342	0.076	0.141	0.196	0.217
1508	15342	0.063	0.171	0.247	0.234
1508	15342	0.07	0.095	0.158	0.165
1508	15342	0.057	0.11	0.18	0.167
1508	15342	0.05	0.234	0.291	0.284
1508	15342	0.055	0.063	0.113	0.118
1508	15342	0.085	0.047	0.102	0.132
1508	15342	0.05	0.598	0.683	0.648
1508	15342	0.059	0.361	0.411	0.42
1508	15342	0.064	0.406	0.465	0.47
1508	15342	0.069	0.109	0.173	0.178
1508	15342	0.064	0.14	0.209	0.204
1508	15342	0.088	0.125	0.189	0.213
1508	15342	0.055	0.047	0.135	0.102
1508	15342	0.064	0.735	0.79	0.799
1508	15342	0.0	0.0	0.0	0.0
1508	15342	0.0	0.0	0.0	0.0
1508	15342	0.0	0.0	0.0	0.0
1508	15342	0.0	0.0	0.0	0.0
1508	15342	0.0	0.0	0.0	0.0
1508	15342	0.0	0.0	0.0	0.0
1508	15342	0.0	0.0	0.0	0.0
1508	15342	0.0	0.0	0.0	0.0
1508	15342	0.0	0.0	0.0	0.0
1508	15342	0.0	0.0	0.0	0.0
1508	15342	0.0	0.0	0.0	0.0
1508	15342	0.0	0.0	0.0	0.0
1508	15342	0.0	0.0	0.0	0.0
1508	15342	0.0	0.0	0.0	0.0
1508	15342	0.0	0.0	0.0	0.0
1508	15342	0.0	0.0	0.0	0.0
1508	15342	0.0	0.0	0.0	0.0
1508	15342	0.0	0.0	0.0	0.0
1508	15342	0.0	0.0	0.0	0.0
1508	15342	0.0	0.0	0.0	0.0
1508	15342	0.0	0.0	0.0	0.0
1508	15342	0.0	0.0	0.0	0.0
1508	15342	0.0	0.0	0.0	0.0
1508	15342	0.0	0.0	0.0	0.0
1508	15342	0.0	0.0	0.0	0.0
1508	15342	0.0	0.0	0.0	0.0
1508	15342	0.0	0.0	0.0	0.0
1508	15342	0.0	0.0	0.0	0.0
1508	15342	0.0	0.0	0.0	0.0
1508	15342	0.0	0.0	0.0	0.0
1508	15342	0.0	0.0	0.0	0.0
1508	15342	0.0	0.0	0.0	0.0
1508	15342	0.0	0.0	0.0	0.0
1508	15342	0.0	0.0	0.0	0.0
1508	15342	0.0	0.0	0.0	0.0
1508	15342	0.0	0.0	0.0	0.0
1508	15355	0.254	0.0	0.0	0.0
1508	15355	0.051	0.098	0.156	0.047
1508	15355	0.08	0.125	0.176	0.205
1508	15355	0.126	0.031	0.111	0.157
1508	15355	0.1	0.015	0.111	0.085
1508	15355	0.061	0.042	0.142	0.103
1508	15355	0.113	0.033	0.094	0.146
1508	15355	0.068	0.0	0.113	0.068
1508	15355	0.075	0.109	0.177	0.184
1508	15355	0.048	0.047	0.122	0.095
1508	15355	0.068	0.038	0.086	0.106
1508	15355	0.1	0.015	0.083	0.115
1508	15355	0.106	0.109	0.209	0.215
1508	15355	0.056	0.031	0.137	0.087
1508	15355	0.086	0.078	0.134	0.164
1508	15355	0.078	0.141	0.227	0.219
1508	15355	0.064	0.345	0.423	0.409
1508	15355	0.05	0.125	0.189	0.175
1508	15355	0.071	0.062	0.112	0.133
1508	15355	0.082	0.0	0.071	0.082
1508	15355	0.056	0.078	0.16	0.134
1508	15355	0.062	0.206	0.262	0.268
1508	15355	0.116	0.046	0.108	0.162
1508	15355	0.051	0.503	0.619	0.554
1508	15355	0.059	0.141	0.192	0.2
1508	15355	0.05	0.736	0.795	0.786
1508	15355	0.0	0.0	0.0	0.0
1508	15355	0.0	0.0	0.0	0.0
1508	15355	0.0	0.0	0.0	0.0
1508	15355	0.0	0.0	0.0	0.0
1508	15355	0.0	0.0	0.0	0.0
1508	15355	0.0	0.0	0.0	0.0
1508	15355	0.0	0.0	0.0	0.0
1508	15355	0.0	0.0	0.0	0.0
1508	15355	0.0	0.0	0.0	0.0
1508	15355	0.0	0.0	0.0	0.0
1508	15355	0.0	0.0	0.0	0.0
1508	15355	0.0	0.0	0.0	0.0
1508	15355	0.0	0.0	0.0	0.0
1508	15355	0.0	0.0	0.0	0.0
1508	15355	0.0	0.0	0.0	0.0
1508	15355	0.0	0.0	0.0	0.0
1508	15355	0.0	0.0	0.0	0.0
1508	15355	0.0	0.0	0.0	0.0
1508	15355	0.0	0.0	0.0	0.0
1508	15355	0.0	0.0	0.0	0.0
1508	15355	0.0	0.0	0.0	0.0
1508	15355	0.0	0.0	0.0	0.0
1508	15355	0.0	0.0	0.0	0.0
1508	15355	0.0	0.0	0.0	0.0
1508	15355	0.0	0.0	0.0	0.0
1508	15355	0.0	0.0	0.0	0.0
1508	15355	0.0	0.0	0.0	0.0
1508	15355	0.0	0.0	0.0	0.0
1508	15355	0.0	0.0	0.0	0.0
1508	15355	0.0	0.0	0.0	0.0
1508	15355	0.0	0.0	0.0	0.0
1508	15355	0.0	0.0	0.0	0.0
1508	15355	0.0	0.0	0.0	0.0
1508	15355	0.0	0.0	0.0	0.0
1508	15355	0.0	0.0	0.0	0.0
1508	15355	0.0	0.0	0.0	0.0
1508	15355	0.0	0.0	0.0	0.0
1508	15355	0.0	0.0	0.0	0.0
1508	15355	0.0	0.0	0.0	0.0
1508	15355	0.0	0.0	0.0	0.0
1508	15355	0.0	0.0	0.0	0.0
1508	15355	0.0	0.0	0.0	0.0
1508	15355	0.0	0.0	0.0	0.0
1508	15355	0.0	0.0	0.0	0.0
1508	15367	0.316	0.0	0.0	0.0
1508	15367	0.049	0.08	0.236	0.031
1508	15367	0.046	0.172	0.221	0.218
1508	15367	0.042	0.14	0.186	0.182
1508	15367	0.072	0.127	0.169	0.199
1508	15367	0.063	0.421	0.493	0.484
1508	15367	0.057	0.094	0.157	0.151
1508	15367	0.064	0.203	0.26	0.267
1508	15367	0.05	0.065	0.129	0.115
1508	15367	0.172	0.125	0.175	0.297
1508	15367	0.09	0.594	0.766	0.684
1508	15367	0.057	0.047	0.137	0.104
1508	15367	0.072	1.377	1.434	1.449
1508	15367	0.101	0.048	0.12	0.149
1508	15367	0.097	0.234	0.335	0.331
1508	15367	0.056	0.047	0.144	0.103
1508	15367	0.086	0.047	0.103	0.133
1508	15367	0.082	0.016	0.07	0.066
1508	15367	0.045	0.424	0.506	0.469
1508	15367	0.072	0.093	0.138	0.165
1508	15367	0.065	0.234	0.306	0.299
1508	15367	0.045	0.375	0.44	0.42
1508	15367	0.139	0.11	0.155	0.249
1508	15367	0.145	0.067	0.072	0.078
1508	15367	0.056	0.249	0.394	0.305
1508	15367	0.1	0.048	0.104	0.148
1508	15367	0.162	0.517	0.617	0.679
1508	15367	0.133	0.032	0.13	0.101
1508	15367	0.049	0.124	0.257	0.173
1508	15367	0.115	0.062	0.111	0.177
1508	15367	0.093	0.111	0.226	0.204
1508	15367	0.052	0.533	0.626	0.585
1508	15367	0.102	0.078	0.13	0.18
1508	15367	0.111	0.063	0.165	0.174
1508	15367	0.094	0.0	0.111	0.094
1508	15367	0.078	0.189	0.283	0.267
1508	15367	0.064	0.171	0.249	0.235
1508	15367	0.048	0.66	0.724	0.708
1508	15367	0.0	0.0	0.0	0.0
1508	15367	0.0	0.0	0.0	0.0
1508	15367	0.0	0.0	0.0	0.0
1508	15367	0.0	0.0	0.0	0.0
1508	15367	0.0	0.0	0.0	0.0
1508	15367	0.0	0.0	0.0	0.0
1508	15367	0.0	0.0	0.0	0.0
1508	15367	0.0	0.0	0.0	0.0
1508	15367	0.0	0.0	0.0	0.0
1508	15367	0.0	0.0	0.0	0.0
1508	15367	0.0	0.0	0.0	0.0
1508	15367	0.0	0.0	0.0	0.0
1508	15367	0.0	0.0	0.0	0.0
1508	15367	0.0	0.0	0.0	0.0
1508	15367	0.0	0.0	0.0	0.0
1508	15367	0.0	0.0	0.0	0.0
1508	15367	0.0	0.0	0.0	0.0
1508	15367	0.0	0.0	0.0	0.0
1508	15367	0.0	0.0	0.0	0.0
1508	15367	0.0	0.0	0.0	0.0
1508	15367	0.0	0.0	0.0	0.0
1508	15367	0.0	0.0	0.0	0.0
1508	15367	0.0	0.0	0.0	0.0
1508	15367	0.0	0.0	0.0	0.0
1508	15367	0.0	0.0	0.0	0.0
1508	15367	0.0	0.0	0.0	0.0
1508	15367	0.0	0.0	0.0	0.0
1508	15367	0.0	0.0	0.0	0.0
1508	15367	0.0	0.0	0.0	0.0
1508	15367	0.0	0.0	0.0	0.0
1508	15367	0.0	0.0	0.0	0.0
1508	15367	0.0	0.0	0.0	0.0
1508	15379	0.222	0.0	0.0	0.0
1508	15379	0.049	0.034	0.188	0.015
1508	15379	0.11	0.141	0.19	0.251
1508	15379	0.13	0.052	0.058	0.078
1508	15379	0.072	0.031	0.161	0.103
1508	15379	0.067	0.234	0.306	0.301
1508	15379	0.05	0.188	0.255	0.238
1508	15379	0.107	0.219	0.269	0.326
1508	15379	0.053	0.265	0.372	0.318
1508	15379	0.041	0.111	0.164	0.152
1508	15379	0.07	0.095	0.136	0.165
1508	15379	0.241	0.39	0.46	0.631
1508	15379	0.067	0.113	0.128	0.046
1508	15379	0.063	0.171	0.238	0.234
1508	15379	0.135	0.109	0.172	0.244
1508	15379	0.062	1.144	1.279	1.206
1508	15379	0.058	0.658	0.72	0.716
1508	15379	0.102	0.078	0.136	0.18
1508	15379	0.053	0.0	0.102	0.053
1508	15379	0.09	0.125	0.178	0.215
1508	15379	0.061	0.691	0.781	0.752
1508	15379	0.132	0.08	0.141	0.212
1508	15379	0.149	0.016	0.116	0.133
1508	15379	0.07	0.0	0.149	0.07
1508	15379	0.071	0.596	0.666	0.667
1508	15379	0.06	0.109	0.18	0.169
1508	15379	0.115	0.096	0.156	0.211
1508	15379	0.086	0.0	0.115	0.086
1508	15379	0.059	0.493	0.579	0.552
1508	15379	0.069	0.031	0.09	0.1
1508	15379	0.073	0.109	0.178	0.182
1508	15379	0.034	0.172	0.245	0.206
1508	15379	0.057	0.171	0.205	0.228
1508	15379	0.122	0.062	0.119	0.184
1508	15379	0.114	0.051	0.071	0.063
1508	15379	0.056	0.047	0.161	0.103
1508	15379	0.081	0.501	0.557	0.582
1508	15379	0.072	1.162	1.243	1.234
1508	15379	0.087	0.031	0.103	0.118
1508	15379	0.056	0.062	0.149	0.118
1508	15379	0.308	0.39	0.446	0.698
1508	15379	0.085	0.118	0.19	0.033
1508	15379	0.0	0.0	0.0	0.0
1508	15379	0.0	0.0	0.0	0.0
1508	15379	0.0	0.0	0.0	0.0
1508	15379	0.0	0.0	0.0	0.0
1508	15379	0.0	0.0	0.0	0.0
1508	15379	0.0	0.0	0.0	0.0
1508	15379	0.0	0.0	0.0	0.0
1508	15379	0.0	0.0	0.0	0.0
1508	15379	0.0	0.0	0.0	0.0
1508	15379	0.0	0.0	0.0	0.0
1508	15379	0.0	0.0	0.0	0.0
1508	15379	0.0	0.0	0.0	0.0
1508	15379	0.0	0.0	0.0	0.0
1508	15379	0.0	0.0	0.0	0.0
1508	15379	0.0	0.0	0.0	0.0
1508	15379	0.0	0.0	0.0	0.0
1508	15379	0.0	0.0	0.0	0.0
1508	15379	0.0	0.0	0.0	0.0
1508	15379	0.0	0.0	0.0	0.0
1508	15379	0.0	0.0	0.0	0.0
1508	15379	0.0	0.0	0.0	0.0
1508	15379	0.0	0.0	0.0	0.0
1508	15379	0.0	0.0	0.0	0.0
1508	15379	0.0	0.0	0.0	0.0
1508	15379	0.0	0.0	0.0	0.0
1508	15379	0.0	0.0	0.0	0.0
1508	15379	0.0	0.0	0.0	0.0
1508	15379	0.0	0.0	0.0	0.0
1508	15394	0.229	0.0	0.0	0.0
1508	15394	0.07	0.086	0.143	0.016
1508	15394	0.086	0.047	0.117	0.133
1508	15394	0.076	0.141	0.227	0.217
1508	15394	0.157	0.109	0.185	0.266
1508	15394	0.146	0.081	0.076	0.065
1508	15394	0.072	0.031	0.177	0.103
1508	15394	0.097	0.736	0.808	0.833
1508	15394	0.061	0.124	0.221	0.185
1508	15394	0.057	0.343	0.404	0.4
1508	15394	0.067	0.281	0.338	0.348
1508	15394	0.076	0.391	0.458	0.467
1508	15394	0.07	0.048	0.124	0.118
1508	15394	0.06	0.673	0.743	0.733
1508	15394	0.073	0.343	0.403	0.416
1508	15394	0.068	0.218	0.291	0.286
1508	15394	0.086	0.062	0.13	0.148
1508	15394	0.048	0.454	0.54	0.502
1508	15394	0.051	0.109	0.157	0.16
1508	15394	0.07	0.334	0.385	0.404
1508	15394	0.057	0.312	0.382	0.369
1508	15394	0.059	0.124	0.181	0.183
1508	15394	0.072	0.109	0.168	0.181
1508	15394	0.081	1.036	1.108	1.117
1508	15394	0.053	0.031	0.112	0.084
1508	15394	0.118	0.078	0.131	0.196
1508	15394	0.07	0.015	0.103	0.055
1508	15394	0.089	0.062	0.132	0.151
1508	15394	0.055	0.144	0.233	0.199
1508	15394	0.056	0.093	0.148	0.149
1508	15394	0.049	0.469	0.525	0.518
1508	15394	0.085	0.078	0.127	0.163
1508	15394	0.23	0.172	0.257	0.402
1508	15394	0.099	0.183	0.047	0.084
1508	15394	0.085	0.015	0.114	0.1
1508	15394	0.066	0.767	0.852	0.833
1508	15394	0.038	0.048	0.114	0.086
1508	15394	0.068	0.047	0.085	0.115
1508	15394	0.072	0.596	0.664	0.668
1508	15394	0.0	0.0	0.0	0.0
1508	15394	0.0	0.0	0.0	0.0
1508	15394	0.0	0.0	0.0	0.0
1508	15394	0.0	0.0	0.0	0.0
1508	15394	0.0	0.0	0.0	0.0
1508	15394	0.0	0.0	0.0	0.0
1508	15394	0.0	0.0	0.0	0.0
1508	15394	0.0	0.0	0.0	0.0
1508	15394	0.0	0.0	0.0	0.0
1508	15394	0.0	0.0	0.0	0.0
1508	15394	0.0	0.0	0.0	0.0
1508	15394	0.0	0.0	0.0	0.0
1508	15394	0.0	0.0	0.0	0.0
1508	15394	0.0	0.0	0.0	0.0
1508	15394	0.0	0.0	0.0	0.0
1508	15394	0.0	0.0	0.0	0.0
1508	15394	0.0	0.0	0.0	0.0
1508	15394	0.0	0.0	0.0	0.0
1508	15394	0.0	0.0	0.0	0.0
1508	15394	0.0	0.0	0.0	0.0
1508	15394	0.0	0.0	0.0	0.0
1508	15394	0.0	0.0	0.0	0.0
1508	15394	0.0	0.0	0.0	0.0
1508	15394	0.0	0.0	0.0	0.0
1508	15394	0.0	0.0	0.0	0.0
1508	15394	0.0	0.0	0.0	0.0
1508	15394	0.0	0.0	0.0	0.0
1508	15394	0.0	0.0	0.0	0.0
1508	15394	0.0	0.0	0.0	0.0
1508	15394	0.0	0.0	0.0	0.0
1508	15394	0.0	0.0	0.0	0.0
1508	15413	0.243	0.0	0.0	0.0
1508	15413	0.149	0.086	0.157	0.063
1508	15413	0.074	0.015	0.164	0.089
1508	15413	0.033	0.172	0.246	0.205
1508	15413	0.054	0.374	0.407	0.428
1508	15413	0.048	0.613	0.667	0.661
1508	15413	0.073	0.131	0.179	0.204
1508	15413	0.059	0.376	0.449	0.435
1508	15413	0.047	0.187	0.246	0.234
1508	15413	0.065	0.234	0.281	0.299
1508	15413	0.08	0.093	0.158	0.173
1508	15413	0.07	0.156	0.236	0.226
1508	15413	0.118	0.535	0.605	0.653
1508	15413	0.132	0.037	0.081	0.095
1508	15413	0.054	0.0	0.132	0.054
1508	15413	0.165	0.11	0.164	0.275
1508	15413	0.158	0.0	0.165	0.158
1508	15413	0.121	0.042	0.116	0.079
1508	15413	0.086	0.016	0.137	0.102
1508	15413	0.096	0.422	0.508	0.518
1508	15413	0.106	0.109	0.205	0.215
1508	15413	0.057	0.062	0.168	0.119
1508	15413	0.081	0.25	0.307	0.331
1508	15413	0.068	0.033	0.114	0.101
1508	15413	0.055	0.112	0.18	0.167
1508	15413	0.077	0.172	0.227	0.249
1508	15413	0.117	0.016	0.093	0.133
1508	15413	0.058	0.878	0.995	0.936
1508	15413	0.091	0.141	0.199	0.232
1508	15413	0.039	0.063	0.154	0.102
1508	15413	0.101	0.078	0.117	0.179
1508	15413	0.055	0.0	0.101	0.055
1508	15413	0.057	0.109	0.164	0.166
1508	15413	0.065	0.516	0.573	0.581
1508	15413	0.13	0.063	0.128	0.193
1508	15413	0.052	0.043	0.087	0.009
1508	15413	0.043	0.14	0.192	0.183
1508	15413	0.058	0.408	0.451	0.466
1508	15413	0.05	0.236	0.294	0.286
1508	15413	0.068	0.078	0.128	0.146
1508	15413	0.118	0.047	0.115	0.165
1508	15413	0.071	0.281	0.399	0.352
1508	15413	0.105	0.127	0.198	0.232
1508	15413	0.139	0.032	0.073	0.107
1508	15413	0.066	0.68	0.819	0.746
1508	15413	0.075	0.124	0.19	0.199
1508	15413	0.244	0.203	0.278	0.447
1508	15413	0.104	0.12	0.124	0.016
1508	15413	0.136	0.581	0.685	0.717
1508	15413	0.07	0.034	0.102	0.036
1508	15413	0.068	0.265	0.335	0.333
1508	15413	0.056	0.078	0.146	0.134
1508	15413	0.102	0.078	0.134	0.18
1508	15413	0.298	0.472	0.574	0.77
1508	15413	0.049	0.08	0.218	0.031
1508	15413	0.06	0.172	0.221	0.232
1508	15413	0.071	0.111	0.171	0.182
1508	15413	0.084	0.015	0.086	0.099
1508	15413	0.065	0.735	0.819	0.8
1508	15413	0.0	0.0	0.0	0.0
1508	15413	0.0	0.0	0.0	0.0
1508	15413	0.0	0.0	0.0	0.0
1508	15413	0.0	0.0	0.0	0.0
1508	15413	0.0	0.0	0.0	0.0
1508	15413	0.0	0.0	0.0	0.0
1508	15413	0.0	0.0	0.0	0.0
1508	15413	0.0	0.0	0.0	0.0
1508	15413	0.0	0.0	0.0	0.0
1508	15413	0.0	0.0	0.0	0.0
1508	15413	0.0	0.0	0.0	0.0
1508	15434	0.015	0.0	0.0	0.0
1508	15434	0.23	1.868	1.883	2.098
1508	15434	0.059	0.074	0.156	0.015
1508	15434	0.084	0.062	0.121	0.146
1508	15434	0.083	0.234	0.318	0.317
1508	15434	0.063	0.156	0.239	0.219
1508	15434	0.058	0.109	0.172	0.167
1508	15434	0.064	0.143	0.201	0.207
1508	15434	0.096	0.078	0.142	0.174
1508	15434	0.084	0.015	0.081	0.069
1508	15434	0.05	0.234	0.318	0.284
1508	15434	0.111	0.484	0.534	0.595
1508	15434	0.065	0.721	0.832	0.786
1508	15434	0.055	0.047	0.112	0.102
1508	15434	0.092	0.172	0.227	0.264
1508	15434	0.077	0.157	0.249	0.234
1508	15434	0.07	0.063	0.14	0.133
1508	15434	0.134	0.329	0.399	0.463
1508	15434	0.058	0.015	0.149	0.073
1508	15434	0.074	0.375	0.433	0.449
1508	15434	0.082	0.5	0.574	0.582
1508	15434	0.054	0.031	0.113	0.085
1508	15434	0.08	0.236	0.29	0.316
1508	15434	0.168	0.109	0.189	0.277
1508	15434	0.117	0.031	0.137	0.086
1508	15434	0.078	0.109	0.226	0.187
1508	15434	0.072	0.078	0.156	0.15
1508	15434	0.148	0.079	0.151	0.227
1508	15434	0.043	0.582	0.73	0.625
1508	15434	1.594	0.109	0.152	1.703
1508	15434	0.044	1.407	0.187	1.363
1508	15434	0.096	0.432	0.476	0.528
1508	15434	0.151	0.156	0.252	0.307
1508	15434	0.046	0.445	0.596	0.491
1508	15434	0.075	0.24	0.286	0.315
1508	15434	0.0	0.0	0.0	0.0
1508	15434	0.0	0.0	0.0	0.0
1508	15434	0.0	0.0	0.0	0.0
1508	15434	0.0	0.0	0.0	0.0
1508	15434	0.0	0.0	0.0	0.0
1508	15434	0.0	0.0	0.0	0.0
1508	15434	0.0	0.0	0.0	0.0
1508	15434	0.0	0.0	0.0	0.0
1508	15434	0.0	0.0	0.0	0.0
1508	15434	0.0	0.0	0.0	0.0
1508	15434	0.0	0.0	0.0	0.0
1508	15434	0.0	0.0	0.0	0.0
1508	15434	0.0	0.0	0.0	0.0
1508	15434	0.0	0.0	0.0	0.0
1508	15434	0.0	0.0	0.0	0.0
1508	15434	0.0	0.0	0.0	0.0
1508	15434	0.0	0.0	0.0	0.0
1508	15434	0.0	0.0	0.0	0.0
1508	15434	0.0	0.0	0.0	0.0
1508	15434	0.0	0.0	0.0	0.0
1508	15434	0.0	0.0	0.0	0.0
1508	15434	0.0	0.0	0.0	0.0
1508	15434	0.0	0.0	0.0	0.0
1508	15434	0.0	0.0	0.0	0.0
1508	15434	0.0	0.0	0.0	0.0
1508	15434	0.0	0.0	0.0	0.0
1508	15434	0.0	0.0	0.0	0.0
1508	15434	0.0	0.0	0.0	0.0
1508	15434	0.0	0.0	0.0	0.0
1508	15434	0.0	0.0	0.0	0.0
1508	15434	0.0	0.0	0.0	0.0
1508	15434	0.0	0.0	0.0	0.0
1508	15434	0.0	0.0	0.0	0.0
1508	15434	0.0	0.0	0.0	0.0
1508	15434	0.0	0.0	0.0	0.0
1508	15446	0.201	0.0	0.0	0.0
1508	15446	0.047	0.045	0.156	0.002
1508	15446	0.044	1.223	1.27	1.267
1508	15446	0.089	0.093	0.137	0.182
1508	15446	0.064	0.203	0.292	0.267
1508	15446	0.033	0.602	0.666	0.635
1508	15446	0.056	0.125	0.158	0.181
1508	15446	0.06	0.141	0.197	0.201
1508	15446	0.055	0.094	0.154	0.149
1508	15446	0.15	0.094	0.149	0.244
1508	15446	0.056	0.015	0.135	0.041
1508	15446	0.12	0.062	0.118	0.182
1508	15446	0.081	0.065	0.055	0.016
1508	15446	0.062	0.673	0.754	0.735
1508	15446	0.07	0.062	0.124	0.132
1508	15446	0.067	0.016	0.086	0.083
1508	15446	0.085	0.048	0.115	0.133
1508	15446	0.05	0.452	0.537	0.502
1508	15446	0.095	0.219	0.269	0.314
1508	15446	0.046	0.39	0.485	0.436
1508	15446	0.097	0.156	0.202	0.253
1508	15446	0.093	0.031	0.128	0.124
1508	15446	0.068	0.553	0.646	0.621
1508	15446	0.106	0.125	0.193	0.231
1508	15446	0.101	0.0	0.106	0.101
1508	15446	0.121	0.047	0.148	0.168
1508	15446	0.069	0.034	0.087	0.035
1508	15446	0.074	0.14	0.209	0.214
1508	15446	0.117	0.063	0.137	0.18
1508	15446	0.055	0.016	0.133	0.071
1508	15446	0.087	0.062	0.117	0.149
1508	15446	0.059	0.109	0.196	0.168
1508	15446	0.07	0.046	0.105	0.116
1508	15446	0.056	0.328	0.398	0.384
1508	15446	0.065	0.172	0.228	0.237
1508	15446	0.145	0.078	0.143	0.223
1508	15446	0.118	0.031	0.114	0.087
1508	15446	0.058	0.078	0.196	0.136
1508	15446	0.06	0.706	0.764	0.766
1508	15446	0.0	0.0	0.0	0.0
1508	15446	0.0	0.0	0.0	0.0
1508	15446	0.0	0.0	0.0	0.0
1508	15446	0.0	0.0	0.0	0.0
1508	15446	0.0	0.0	0.0	0.0
1508	15446	0.0	0.0	0.0	0.0
1508	15446	0.0	0.0	0.0	0.0
1508	15446	0.0	0.0	0.0	0.0
1508	15446	0.0	0.0	0.0	0.0
1508	15446	0.0	0.0	0.0	0.0
1508	15446	0.0	0.0	0.0	0.0
1508	15446	0.0	0.0	0.0	0.0
1508	15446	0.0	0.0	0.0	0.0
1508	15446	0.0	0.0	0.0	0.0
1508	15446	0.0	0.0	0.0	0.0
1508	15446	0.0	0.0	0.0	0.0
1508	15446	0.0	0.0	0.0	0.0
1508	15446	0.0	0.0	0.0	0.0
1508	15446	0.0	0.0	0.0	0.0
1508	15446	0.0	0.0	0.0	0.0
1508	15446	0.0	0.0	0.0	0.0
1508	15446	0.0	0.0	0.0	0.0
1508	15446	0.0	0.0	0.0	0.0
1508	15446	0.0	0.0	0.0	0.0
1508	15446	0.0	0.0	0.0	0.0
1508	15446	0.0	0.0	0.0	0.0
1508	15446	0.0	0.0	0.0	0.0
1508	15446	0.0	0.0	0.0	0.0
1508	15446	0.0	0.0	0.0	0.0
1508	15446	0.0	0.0	0.0	0.0
1508	15446	0.0	0.0	0.0	0.0
1508	15458	0.366	0.0	0.0	0.0
1508	15458	0.07	0.101	0.265	0.031
1508	15458	0.059	0.109	0.179	0.168
1508	15458	0.072	0.109	0.168	0.181
1508	15458	0.058	0.109	0.181	0.167
1508	15458	0.051	0.484	0.542	0.535
1508	15458	0.238	0.096	0.147	0.334
1508	15458	0.106	0.121	0.117	0.015
1508	15458	0.099	0.037	0.069	0.062
1508	15458	0.09	0.109	0.208	0.199
1508	15458	0.106	0.094	0.184	0.2
1508	15458	0.074	0.11	0.216	0.184
1508	15458	0.058	0.078	0.152	0.136
1508	15458	0.069	0.845	0.903	0.914
1508	15458	0.076	0.125	0.194	0.201
1508	15458	0.088	0.094	0.17	0.182
1508	15458	0.103	0.079	0.167	0.182
1508	15458	0.049	0.172	0.275	0.221
1508	15458	0.084	0.062	0.111	0.146
1508	15458	0.07	0.816	0.9	0.886
1508	15458	0.056	0.078	0.148	0.134
1508	15458	0.054	0.313	0.369	0.367
1508	15458	0.059	0.374	0.428	0.433
1508	15458	0.054	0.112	0.171	0.166
1508	15458	0.054	0.297	0.351	0.351
1508	15458	0.04	0.094	0.148	0.134
1508	15458	0.084	0.08	0.12	0.164
1508	15458	0.078	0.156	0.24	0.234
1508	15458	0.072	0.062	0.14	0.134
1508	15458	0.033	0.437	0.509	0.47
1508	15458	0.054	0.109	0.142	0.163
1508	15458	0.104	0.093	0.147	0.197
1508	15458	0.072	0.581	0.685	0.653
1508	15458	0.136	0.109	0.181	0.245
1508	15458	0.061	0.328	0.464	0.389
1508	15458	0.068	0.032	0.093	0.1
1508	15458	0.081	0.0	0.068	0.081
1508	15458	0.123	0.375	0.456	0.498
1508	15458	0.065	0.109	0.232	0.174
1508	15458	0.067	0.094	0.159	0.161
1508	15458	0.069	0.016	0.083	0.085
1508	15458	0.058	0.109	0.178	0.167
1508	15458	0.075	0.141	0.199	0.216
1508	15458	0.064	0.156	0.231	0.22
1508	15458	0.082	0.047	0.111	0.129
1508	15458	0.072	0.096	0.178	0.168
1508	15458	0.015	0.063	0.135	0.078
1508	15458	0.049	0.04	0.055	0.089
1508	15458	0.071	0.078	0.127	0.149
1508	15458	0.067	0.452	0.523	0.519
1508	15458	0.068	0.064	0.131	0.132
1508	15458	0.267	0.234	0.302	0.501
1508	15458	0.065	0.096	0.171	0.031
1508	15458	0.0	0.0	0.0	0.0
1508	15458	0.0	0.0	0.0	0.0
1508	15458	0.0	0.0	0.0	0.0
1508	15458	0.0	0.0	0.0	0.0
1508	15458	0.0	0.0	0.0	0.0
1508	15458	0.0	0.0	0.0	0.0
1508	15458	0.0	0.0	0.0	0.0
1508	15458	0.0	0.0	0.0	0.0
1508	15458	0.0	0.0	0.0	0.0
1508	15458	0.0	0.0	0.0	0.0
1508	15458	0.0	0.0	0.0	0.0
1508	15458	0.0	0.0	0.0	0.0
1508	15458	0.0	0.0	0.0	0.0
1508	15458	0.0	0.0	0.0	0.0
1508	15458	0.0	0.0	0.0	0.0
1508	15458	0.0	0.0	0.0	0.0
1508	15458	0.0	0.0	0.0	0.0
1508	15480	0.28	0.0	0.0	0.0
1508	15480	0.06	0.075	0.205	0.015
1508	15480	0.06	0.14	0.2	0.2
1508	15480	0.072	0.078	0.138	0.15
1508	15480	0.073	0.109	0.181	0.182
1508	15480	0.092	0.158	0.231	0.25
1508	15480	0.06	0.141	0.233	0.201
1508	15480	0.035	0.14	0.2	0.175
1508	15480	0.06	0.715	0.75	0.775
1508	15480	0.104	0.093	0.153	0.197
1508	15480	0.083	0.468	0.572	0.551
1508	15480	0.064	0.187	0.27	0.251
1508	15480	0.088	0.095	0.159	0.183
1508	15480	0.315	0.454	0.542	0.769
1508	15480	0.064	0.064	0.251	0.0
1508	15480	0.055	0.062	0.126	0.117
1508	15480	0.07	0.078	0.133	0.148
1508	15480	0.156	0.093	0.163	0.249
1508	15480	0.097	0.082	0.074	0.015
1508	15480	0.105	0.079	0.176	0.184
1508	15480	0.084	0.0	0.105	0.084
1508	15480	0.062	0.407	0.491	0.469
1508	15480	0.075	0.124	0.186	0.199
1508	15480	0.059	0.125	0.2	0.184
1508	15480	0.07	0.112	0.171	0.182
1508	15480	0.061	0.14	0.21	0.201
1508	15480	0.069	0.047	0.108	0.116
1508	15480	0.045	0.69	0.759	0.735
1508	15480	0.051	0.343	0.388	0.394
1508	15480	0.037	0.2	0.251	0.237
1508	15480	0.0	0.0	0.0	0.0
1508	15480	0.0	0.0	0.0	0.0
1508	15480	0.0	0.0	0.0	0.0
1508	15480	0.0	0.0	0.0	0.0
1508	15480	0.0	0.0	0.0	0.0
1508	15480	0.0	0.0	0.0	0.0
1508	15480	0.0	0.0	0.0	0.0
1508	15480	0.0	0.0	0.0	0.0
1508	15480	0.0	0.0	0.0	0.0
1508	15480	0.0	0.0	0.0	0.0
1508	15480	0.0	0.0	0.0	0.0
1508	15480	0.0	0.0	0.0	0.0
1508	15480	0.0	0.0	0.0	0.0
1508	15480	0.0	0.0	0.0	0.0
1508	15480	0.0	0.0	0.0	0.0
1508	15480	0.0	0.0	0.0	0.0
1508	15480	0.0	0.0	0.0	0.0
1508	15480	0.0	0.0	0.0	0.0
1508	15480	0.0	0.0	0.0	0.0
1508	15480	0.0	0.0	0.0	0.0
1508	15480	0.0	0.0	0.0	0.0
1508	15480	0.0	0.0	0.0	0.0
1508	15480	0.0	0.0	0.0	0.0
1508	15480	0.0	0.0	0.0	0.0
1508	15480	0.0	0.0	0.0	0.0
1508	15480	0.0	0.0	0.0	0.0
1508	15480	0.0	0.0	0.0	0.0
1508	15480	0.0	0.0	0.0	0.0
1508	15480	0.0	0.0	0.0	0.0
1508	15480	0.0	0.0	0.0	0.0
1508	15480	0.0	0.0	0.0	0.0
1508	15480	0.0	0.0	0.0	0.0
1508	15480	0.0	0.0	0.0	0.0
1508	15480	0.0	0.0	0.0	0.0
1508	15480	0.0	0.0	0.0	0.0
1508	15480	0.0	0.0	0.0	0.0
1508	15480	0.0	0.0	0.0	0.0
1508	15480	0.0	0.0	0.0	0.0
1508	15480	0.0	0.0	0.0	0.0
1508	15480	0.0	0.0	0.0	0.0
1508	15494	0.158	0.0	0.0	0.0
1508	15494	0.061	0.031	0.127	0.03
1508	15494	0.058	0.134	0.195	0.192
1508	15494	0.097	0.535	0.593	0.632
1508	15494	0.078	0.156	0.253	0.234
1508	15494	0.072	0.078	0.156	0.15
1508	15494	0.07	0.063	0.135	0.133
1508	15494	0.065	0.062	0.132	0.127
1508	15494	0.077	0.062	0.127	0.139
1508	15494	0.059	0.422	0.499	0.481
1508	15494	0.037	0.301	0.36	0.338
1508	15494	0.074	0.141	0.178	0.215
1508	15494	0.069	0.597	0.671	0.666
1508	15494	0.091	0.078	0.147	0.169
1508	15494	0.096	0.016	0.075	0.08
1508	15494	0.076	0.109	0.205	0.185
1508	15494	0.117	0.031	0.107	0.148
1508	15494	0.084	0.016	0.101	0.068
1508	15494	0.085	0.582	0.666	0.667
1508	15494	0.097	0.518	0.603	0.615
1508	15494	0.058	0.063	0.16	0.121
1508	15494	0.069	0.062	0.12	0.131
1508	15494	0.077	0.156	0.225	0.233
1508	15494	0.049	0.469	0.546	0.518
1508	15494	0.048	0.078	0.127	0.126
1508	15494	0.123	0.117	0.165	0.24
1508	15494	0.069	0.035	0.088	0.034
1508	15494	0.063	0.454	0.523	0.517
1508	15494	0.07	0.08	0.143	0.15
1508	15494	0.101	0.046	0.116	0.147
1508	15494	0.074	0.094	0.195	0.168
1508	15494	0.069	0.032	0.106	0.101
1508	15494	0.14	0.171	0.24	0.311
1508	15494	0.059	0.064	0.204	0.123
1508	15494	0.086	0.078	0.137	0.164
1508	15494	0.061	0.125	0.211	0.186
1508	15494	0.066	0.093	0.154	0.159
1508	15494	0.083	0.156	0.222	0.239
1508	15494	0.063	0.422	0.505	0.485
1508	15494	0.121	0.125	0.188	0.246
1508	15494	0.07	0.0	0.121	0.07
1508	15494	0.117	0.062	0.132	0.179
1508	15494	0.085	0.015	0.102	0.07
1508	15494	0.073	0.394	0.479	0.467
1508	15494	0.06	0.109	0.182	0.169
1508	15494	0.099	0.063	0.123	0.162
1508	15494	0.065	0.172	0.271	0.237
1508	15494	0.083	0.831	0.896	0.914
1508	15494	0.073	0.095	0.178	0.168
1508	15494	0.058	0.644	0.717	0.702
1508	15494	0.117	0.078	0.136	0.195
1508	15494	0.08	0.047	0.164	0.127
1508	15494	0.094	0.031	0.111	0.125
1508	15494	0.077	0.175	0.269	0.252
1508	15494	0.0	0.0	0.0	0.0
1508	15494	0.0	0.0	0.0	0.0
1508	15494	0.0	0.0	0.0	0.0
1508	15494	0.0	0.0	0.0	0.0
1508	15494	0.0	0.0	0.0	0.0
1508	15494	0.0	0.0	0.0	0.0
1508	15494	0.0	0.0	0.0	0.0
1508	15494	0.0	0.0	0.0	0.0
1508	15494	0.0	0.0	0.0	0.0
1508	15494	0.0	0.0	0.0	0.0
1508	15494	0.0	0.0	0.0	0.0
1508	15494	0.0	0.0	0.0	0.0
1508	15494	0.0	0.0	0.0	0.0
1508	15494	0.0	0.0	0.0	0.0
1508	15494	0.0	0.0	0.0	0.0
1508	15494	0.0	0.0	0.0	0.0
1508	15515	0.199	0.0	0.0	0.0
1508	15515	0.059	0.075	0.124	0.016
1508	15515	0.043	0.925	0.984	0.968
1508	15515	0.087	0.109	0.152	0.196
1508	15515	0.069	0.583	0.67	0.652
1508	15515	0.064	0.47	0.539	0.534
1508	15515	0.054	0.172	0.236	0.226
1508	15515	0.054	0.07	0.124	0.124
1508	15515	0.063	0.204	0.258	0.267
1508	15515	0.084	0.047	0.11	0.131
1508	15515	0.05	0.236	0.32	0.286
1508	15515	0.087	0.094	0.144	0.181
1508	15515	0.055	0.031	0.118	0.086
1508	15515	0.104	0.109	0.164	0.213
1508	15515	0.068	0.218	0.322	0.286
1508	15515	0.067	0.8	0.868	0.867
1508	15515	0.077	0.14	0.207	0.217
1508	15515	0.054	0.579	0.656	0.633
1508	15515	0.077	0.172	0.226	0.249
1508	15515	0.07	0.047	0.124	0.117
1508	15515	0.055	0.062	0.132	0.117
1508	15515	0.071	0.062	0.117	0.133
1508	15515	0.089	0.111	0.182	0.2
1508	15515	0.085	0.031	0.12	0.116
1508	15515	0.114	0.469	0.554	0.583
1508	15515	0.081	0.0	0.114	0.081
1508	15515	0.082	0.036	0.117	0.118
1508	15515	0.099	0.0	0.082	0.099
1508	15515	0.063	0.441	0.54	0.504
1508	15515	0.139	0.078	0.141	0.217
1508	15515	0.13	0.036	0.103	0.094
1508	15515	0.072	0.016	0.146	0.088
1508	15515	0.089	0.11	0.182	0.199
1508	15515	0.079	0.157	0.246	0.236
1508	15515	0.085	0.08	0.159	0.165
1508	15515	0.106	0.093	0.178	0.199
1508	15515	0.081	0.453	0.559	0.534
1508	15515	0.133	0.047	0.128	0.18
1508	15515	0.193	0.095	0.228	0.288
1508	15515	0.114	0.066	0.127	0.048
1508	15515	0.058	0.627	0.741	0.685
1508	15515	0.0	0.0	0.0	0.0
1508	15515	0.0	0.0	0.0	0.0
1508	15515	0.0	0.0	0.0	0.0
1508	15515	0.0	0.0	0.0	0.0
1508	15515	0.0	0.0	0.0	0.0
1508	15515	0.0	0.0	0.0	0.0
1508	15515	0.0	0.0	0.0	0.0
1508	15515	0.0	0.0	0.0	0.0
1508	15515	0.0	0.0	0.0	0.0
1508	15515	0.0	0.0	0.0	0.0
1508	15515	0.0	0.0	0.0	0.0
1508	15515	0.0	0.0	0.0	0.0
1508	15515	0.0	0.0	0.0	0.0
1508	15515	0.0	0.0	0.0	0.0
1508	15515	0.0	0.0	0.0	0.0
1508	15515	0.0	0.0	0.0	0.0
1508	15515	0.0	0.0	0.0	0.0
1508	15515	0.0	0.0	0.0	0.0
1508	15515	0.0	0.0	0.0	0.0
1508	15515	0.0	0.0	0.0	0.0
1508	15515	0.0	0.0	0.0	0.0
1508	15515	0.0	0.0	0.0	0.0
1508	15515	0.0	0.0	0.0	0.0
1508	15515	0.0	0.0	0.0	0.0
1508	15515	0.0	0.0	0.0	0.0
1508	15515	0.0	0.0	0.0	0.0
1508	15515	0.0	0.0	0.0	0.0
1508	15515	0.0	0.0	0.0	0.0
1508	15515	0.0	0.0	0.0	0.0
1508	15530	0.267	0.0	0.0	0.0
1508	15530	0.065	0.096	0.171	0.031
1508	15530	0.046	0.187	0.252	0.233
1508	15530	0.081	0.25	0.296	0.331
1508	15530	0.07	0.047	0.128	0.117
1508	15530	0.049	0.452	0.522	0.501
1508	15530	0.099	0.064	0.113	0.163
1508	15530	0.053	1.05	1.149	1.103
1508	15530	0.071	0.078	0.131	0.149
1508	15530	0.214	0.312	0.383	0.526
1508	15530	0.068	0.058	0.156	0.01
1508	15530	0.131	0.015	0.083	0.146
1508	15530	0.165	0.031	0.162	0.196
1508	15530	0.079	0.04	0.125	0.039
1508	15530	0.069	0.047	0.126	0.116
1508	15530	0.057	0.111	0.18	0.168
1508	15530	0.102	0.063	0.12	0.165
1508	15530	0.087	0.046	0.148	0.133
1508	15530	0.102	0.297	0.384	0.399
1508	15530	0.056	0.047	0.149	0.103
1508	15530	0.065	0.157	0.213	0.222
1508	15530	0.068	0.093	0.158	0.161
1508	15530	0.061	0.173	0.241	0.234
1508	15530	0.07	0.063	0.124	0.133
1508	15530	0.056	0.11	0.18	0.166
1508	15530	0.071	0.112	0.168	0.183
1508	15530	0.087	0.062	0.133	0.149
1508	15530	0.057	0.063	0.15	0.12
1508	15530	0.064	0.454	0.511	0.518
1508	15530	0.069	0.08	0.144	0.149
1508	15530	0.065	0.265	0.334	0.33
1508	15530	0.067	0.283	0.348	0.35
1508	15530	0.065	0.437	0.504	0.502
1508	15530	0.064	0.219	0.284	0.283
1508	15530	0.0	0.0	0.0	0.0
1508	15530	0.0	0.0	0.0	0.0
1508	15530	0.0	0.0	0.0	0.0
1508	15530	0.0	0.0	0.0	0.0
1508	15530	0.0	0.0	0.0	0.0
1508	15530	0.0	0.0	0.0	0.0
1508	15530	0.0	0.0	0.0	0.0
1508	15530	0.0	0.0	0.0	0.0
1508	15530	0.0	0.0	0.0	0.0
1508	15530	0.0	0.0	0.0	0.0
1508	15530	0.0	0.0	0.0	0.0
1508	15530	0.0	0.0	0.0	0.0
1508	15530	0.0	0.0	0.0	0.0
1508	15530	0.0	0.0	0.0	0.0
1508	15530	0.0	0.0	0.0	0.0
1508	15530	0.0	0.0	0.0	0.0
1508	15530	0.0	0.0	0.0	0.0
1508	15530	0.0	0.0	0.0	0.0
1508	15530	0.0	0.0	0.0	0.0
1508	15530	0.0	0.0	0.0	0.0
1508	15530	0.0	0.0	0.0	0.0
1508	15530	0.0	0.0	0.0	0.0
1508	15530	0.0	0.0	0.0	0.0
1508	15530	0.0	0.0	0.0	0.0
1508	15530	0.0	0.0	0.0	0.0
1508	15530	0.0	0.0	0.0	0.0
1508	15530	0.0	0.0	0.0	0.0
1508	15530	0.0	0.0	0.0	0.0
1508	15530	0.0	0.0	0.0	0.0
1508	15530	0.0	0.0	0.0	0.0
1508	15530	0.0	0.0	0.0	0.0
1508	15530	0.0	0.0	0.0	0.0
1508	15530	0.0	0.0	0.0	0.0
1508	15530	0.0	0.0	0.0	0.0
1508	15530	0.0	0.0	0.0	0.0
1508	15530	0.0	0.0	0.0	0.0
1508	15545	0.423	0.0	0.0	0.0
1508	15545	0.048	0.031	0.392	0.017
1508	15545	0.069	0.327	0.375	0.396
1508	15545	0.058	0.078	0.147	0.136
1508	15545	0.069	0.078	0.136	0.147
1508	15545	1.162	0.815	0.884	1.977
1508	15545	0.052	0.677	0.485	0.625
1508	15545	0.135	0.127	0.179	0.262
1508	15545	0.051	0.203	0.338	0.254
1508	15545	0.072	0.343	0.394	0.415
1508	15545	0.244	0.375	0.447	0.619
1508	15545	0.069	0.053	0.191	0.016
1508	15545	0.065	0.171	0.24	0.236
1508	15545	0.041	0.157	0.222	0.198
1508	15545	0.094	1.536	1.577	1.63
1508	15545	0.049	0.047	0.141	0.096
1508	15545	0.064	0.195	0.244	0.259
1508	15545	0.059	0.156	0.22	0.215
1508	15545	0.106	0.141	0.2	0.247
1508	15545	0.068	0.016	0.122	0.084
1508	15545	0.047	0.705	0.773	0.752
1508	15545	0.058	0.125	0.172	0.183
1508	15545	0.132	0.062	0.12	0.194
1508	15545	0.072	0.033	0.165	0.105
1508	15545	0.1	0.047	0.119	0.147
1508	15545	0.117	0.801	0.901	0.918
1508	15545	0.098	0.032	0.085	0.066
1508	15545	0.067	0.203	0.301	0.27
1508	15545	0.099	0.049	0.116	0.148
1508	15545	0.102	0.031	0.13	0.133
1508	15545	0.055	0.597	0.699	0.652
1508	15545	0.085	0.047	0.102	0.132
1508	15545	0.137	0.109	0.194	0.246
1508	15545	0.076	0.079	0.216	0.155
1508	15545	0.071	0.078	0.154	0.149
1508	15545	0.093	0.19	0.261	0.283
1508	15545	0.072	0.046	0.139	0.118
1508	15545	0.106	0.892	0.964	0.998
1508	15545	0.053	0.033	0.139	0.086
1508	15545	0.05	0.234	0.287	0.284
1508	15545	0.052	0.281	0.331	0.333
1508	15545	0.061	0.156	0.208	0.217
1508	15545	0.056	0.328	0.389	0.384
1508	15545	0.041	0.142	0.198	0.183
1508	15545	0.076	0.063	0.104	0.139
1508	15545	0.087	0.12	0.196	0.207
1508	15545	0.071	0.047	0.134	0.118
1508	15545	0.068	1.018	1.089	1.086
1508	15545	0.054	0.079	0.147	0.133
1508	15545	0.057	0.109	0.163	0.166
1508	15545	0.016	1.145	1.202	1.161
1508	15545	0.065	0.508	0.524	0.573
1508	15545	0.068	0.063	0.128	0.131
1508	15545	0.063	1.762	1.83	1.825
1508	15545	0.07	0.122	0.185	0.192
1508	15545	0.055	0.113	0.183	0.168
1508	15545	0.088	0.093	0.148	0.181
1508	15545	0.086	0.815	0.903	0.901
1508	15545	0.07	0.047	0.133	0.117
1508	15545	0.104	0.36	0.43	0.464
1508	15545	0.078	1.224	1.328	1.302
1508	15545	0.058	0.062	0.14	0.12
1508	15545	0.049	0.171	0.229	0.22
1508	15545	0.096	0.296	0.345	0.392
1508	15545	0.06	0.66	0.756	0.72
1508	15545	0.054	0.047	0.107	0.101
1508	15545	0.09	0.156	0.21	0.246
1508	15545	0.044	0.643	0.733	0.687
1508	15545	0.0	0.0	0.0	0.0
1508	15545	0.0	0.0	0.0	0.0
1508	15577	0.196	0.0	0.0	0.0
1508	15577	0.056	0.056	0.14	0.0
1508	15577	0.062	0.109	0.165	0.171
1508	15577	0.049	0.138	0.2	0.187
1508	15577	0.051	0.124	0.173	0.175
1508	15577	0.085	0.047	0.098	0.132
1508	15577	0.087	0.079	0.164	0.166
1508	15577	0.071	0.063	0.15	0.134
1508	15577	0.061	0.39	0.461	0.451
1508	15577	0.065	0.109	0.17	0.174
1508	15577	0.053	0.14	0.205	0.193
1508	15577	0.057	0.111	0.164	0.168
1508	15577	0.057	0.125	0.182	0.182
1508	15577	0.102	0.047	0.104	0.149
1508	15577	0.058	0.093	0.195	0.151
1508	15577	0.071	0.596	0.654	0.667
1508	15577	0.064	0.172	0.243	0.236
1508	15577	0.095	0.065	0.129	0.16
1508	15577	0.054	0.0	0.095	0.054
1508	15577	0.1	0.047	0.101	0.147
1508	15577	0.051	0.015	0.085	0.036
1508	15577	0.058	0.409	0.46	0.467
1508	15577	0.069	0.063	0.121	0.132
1508	15577	0.071	0.062	0.131	0.133
1508	15577	0.104	0.078	0.149	0.182
1508	15577	0.127	0.11	0.214	0.237
1508	15577	0.051	0.032	0.159	0.083
1508	15577	0.06	0.174	0.225	0.234
1508	15577	0.086	0.078	0.138	0.164
1508	15577	0.082	0.218	0.304	0.3
1508	15577	0.083	0.283	0.365	0.366
1508	15577	0.07	0.265	0.348	0.335
1508	15577	0.058	0.094	0.164	0.152
1508	15577	0.059	0.14	0.198	0.199
1508	15577	0.055	0.078	0.137	0.133
1508	15577	0.105	0.109	0.164	0.214
1508	15577	0.306	0.343	0.448	0.649
1508	15577	0.146	0.13	0.176	0.016
1508	15577	0.043	0.079	0.225	0.122
1508	15577	0.072	0.125	0.168	0.197
1508	15577	0.127	0.219	0.291	0.346
1508	15577	0.116	0.015	0.112	0.101
1508	15577	0.015	0.094	0.21	0.109
1508	15577	0.556	1.113	1.128	1.669
1508	15577	0.065	0.4	0.156	0.335
1508	15577	0.085	0.109	0.174	0.194
1508	15577	0.093	0.406	0.491	0.499
1508	15577	0.07	0.297	0.39	0.367
1508	15577	0.087	0.112	0.182	0.199
1508	15577	0.08	0.125	0.212	0.205
1508	15577	0.099	0.548	0.628	0.647
1508	15577	0.107	0.124	0.223	0.231
1508	15577	0.071	0.548	0.655	0.619
1508	15577	0.076	0.141	0.212	0.217
1508	15577	0.137	0.626	0.702	0.763
1508	15577	0.121	0.797	0.934	0.918
1508	15577	0.0	0.0	0.0	0.0
1508	15577	0.0	0.0	0.0	0.0
1508	15577	0.0	0.0	0.0	0.0
1508	15577	0.0	0.0	0.0	0.0
1508	15577	0.0	0.0	0.0	0.0
1508	15577	0.0	0.0	0.0	0.0
1508	15577	0.0	0.0	0.0	0.0
1508	15577	0.0	0.0	0.0	0.0
1508	15577	0.0	0.0	0.0	0.0
1508	15577	0.0	0.0	0.0	0.0
1508	15577	0.0	0.0	0.0	0.0
1508	15577	0.0	0.0	0.0	0.0
1508	15577	0.0	0.0	0.0	0.0
1508	15577	0.0	0.0	0.0	0.0
