PARTICIPANT_ID	TEST_SECTION_ID	HOLD_LATENCY	INTERKEY_LATENCY	PRESS_LATENCY	RELEASE_LATENCY
1595	16251	0.239	0.0	0.0	0.0
1595	16251	0.061	0.064	0.175	0.003
1595	16251	0.082	0.172	0.233	0.254
1595	16251	0.061	0.113	0.195	0.174
1595	16251	0.071	0.081	0.142	0.152
1595	16251	0.058	0.207	0.278	0.265
1595	16251	0.101	0.101	0.159	0.202
1595	16251	0.064	0.06	0.161	0.124
1595	16251	0.081	0.003	0.061	0.078
1595	16251	0.064	0.03	0.111	0.094
1595	16251	0.083	0.081	0.145	0.164
1595	16251	0.074	0.003	0.08	0.071
1595	16251	0.071	0.003	0.071	0.068
1595	16251	0.061	0.071	0.142	0.132
1595	16251	0.072	0.113	0.174	0.185
1595	16251	0.061	0.06	0.132	0.121
1595	16251	0.039	0.003	0.064	0.042
1595	16251	0.098	0.11	0.149	0.208
1595	16251	0.092	0.004	0.094	0.088
1595	16251	0.081	0.131	0.223	0.212
1595	16251	0.061	0.02	0.101	0.081
1595	16251	0.074	0.04	0.101	0.114
1595	16251	0.077	0.004	0.078	0.081
1595	16251	0.101	0.03	0.107	0.131
1595	16251	0.047	0.004	0.105	0.051
1595	16251	0.073	0.092	0.139	0.165
1595	16251	0.051	0.003	0.07	0.048
1595	16251	0.08	0.115	0.166	0.195
1595	16251	0.036	0.02	0.1	0.056
1595	16251	0.074	0.238	0.274	0.312
1595	16251	0.071	0.091	0.165	0.162
1595	16251	0.061	0.05	0.121	0.111
1595	16251	0.071	0.04	0.101	0.111
1595	16251	0.061	0.114	0.185	0.175
1595	16251	0.0	0.0	0.0	0.0
1595	16251	0.0	0.0	0.0	0.0
1595	16251	0.0	0.0	0.0	0.0
1595	16251	0.0	0.0	0.0	0.0
1595	16251	0.0	0.0	0.0	0.0
1595	16251	0.0	0.0	0.0	0.0
1595	16251	0.0	0.0	0.0	0.0
1595	16251	0.0	0.0	0.0	0.0
1595	16251	0.0	0.0	0.0	0.0
1595	16251	0.0	0.0	0.0	0.0
1595	16251	0.0	0.0	0.0	0.0
1595	16251	0.0	0.0	0.0	0.0
1595	16251	0.0	0.0	0.0	0.0
1595	16251	0.0	0.0	0.0	0.0
1595	16251	0.0	0.0	0.0	0.0
1595	16251	0.0	0.0	0.0	0.0
1595	16251	0.0	0.0	0.0	0.0
1595	16251	0.0	0.0	0.0	0.0
1595	16251	0.0	0.0	0.0	0.0
1595	16251	0.0	0.0	0.0	0.0
1595	16251	0.0	0.0	0.0	0.0
1595	16251	0.0	0.0	0.0	0.0
1595	16251	0.0	0.0	0.0	0.0
1595	16251	0.0	0.0	0.0	0.0
1595	16251	0.0	0.0	0.0	0.0
1595	16251	0.0	0.0	0.0	0.0
1595	16251	0.0	0.0	0.0	0.0
1595	16251	0.0	0.0	0.0	0.0
1595	16251	0.0	0.0	0.0	0.0
1595	16251	0.0	0.0	0.0	0.0
1595	16251	0.0	0.0	0.0	0.0
1595	16251	0.0	0.0	0.0	0.0
1595	16251	0.0	0.0	0.0	0.0
1595	16251	0.0	0.0	0.0	0.0
1595	16251	0.0	0.0	0.0	0.0
1595	16251	0.0	0.0	0.0	0.0
1595	16258	0.215	0.0	0.0	0.0
1595	16258	0.032	0.004	0.211	0.028
1595	16258	0.049	0.021	0.053	0.07
1595	16258	0.074	0.091	0.14	0.165
1595	16258	0.061	0.071	0.145	0.132
1595	16258	0.061	0.161	0.222	0.222
1595	16258	0.134	0.02	0.081	0.154
1595	16258	0.067	0.033	0.101	0.034
1595	16258	0.072	0.004	0.063	0.068
1595	16258	0.061	0.06	0.132	0.121
1595	16258	0.068	0.003	0.064	0.071
1595	16258	0.06	0.081	0.149	0.141
1595	16258	0.061	0.084	0.144	0.145
1595	16258	0.055	0.229	0.29	0.284
1595	16258	0.051	0.07	0.125	0.121
1595	16258	0.061	0.084	0.135	0.145
1595	16258	0.072	0.07	0.131	0.142
1595	16258	0.081	0.05	0.122	0.131
1595	16258	0.043	0.091	0.172	0.134
1595	16258	0.031	0.111	0.154	0.142
1595	16258	0.051	0.08	0.111	0.131
1595	16258	0.082	0.121	0.172	0.203
1595	16258	0.041	0.053	0.135	0.094
1595	16258	0.061	0.1	0.141	0.161
1595	16258	0.063	0.222	0.283	0.285
1595	16258	0.061	0.131	0.194	0.192
1595	16258	0.041	0.03	0.091	0.071
1595	16258	0.091	0.103	0.144	0.194
1595	16258	0.051	0.033	0.124	0.084
1595	16258	0.061	0.202	0.253	0.263
1595	16258	0.071	0.02	0.081	0.091
1595	16258	0.172	0.144	0.215	0.316
1595	16258	0.082	0.112	0.06	0.03
1595	16258	0.0	0.0	0.0	0.0
1595	16258	0.0	0.0	0.0	0.0
1595	16258	0.0	0.0	0.0	0.0
1595	16258	0.0	0.0	0.0	0.0
1595	16258	0.0	0.0	0.0	0.0
1595	16258	0.0	0.0	0.0	0.0
1595	16258	0.0	0.0	0.0	0.0
1595	16258	0.0	0.0	0.0	0.0
1595	16258	0.0	0.0	0.0	0.0
1595	16258	0.0	0.0	0.0	0.0
1595	16258	0.0	0.0	0.0	0.0
1595	16258	0.0	0.0	0.0	0.0
1595	16258	0.0	0.0	0.0	0.0
1595	16258	0.0	0.0	0.0	0.0
1595	16258	0.0	0.0	0.0	0.0
1595	16258	0.0	0.0	0.0	0.0
1595	16258	0.0	0.0	0.0	0.0
1595	16258	0.0	0.0	0.0	0.0
1595	16258	0.0	0.0	0.0	0.0
1595	16258	0.0	0.0	0.0	0.0
1595	16258	0.0	0.0	0.0	0.0
1595	16258	0.0	0.0	0.0	0.0
1595	16258	0.0	0.0	0.0	0.0
1595	16258	0.0	0.0	0.0	0.0
1595	16258	0.0	0.0	0.0	0.0
1595	16258	0.0	0.0	0.0	0.0
1595	16258	0.0	0.0	0.0	0.0
1595	16258	0.0	0.0	0.0	0.0
1595	16258	0.0	0.0	0.0	0.0
1595	16258	0.0	0.0	0.0	0.0
1595	16258	0.0	0.0	0.0	0.0
1595	16258	0.0	0.0	0.0	0.0
1595	16258	0.0	0.0	0.0	0.0
1595	16258	0.0	0.0	0.0	0.0
1595	16258	0.0	0.0	0.0	0.0
1595	16258	0.0	0.0	0.0	0.0
1595	16258	0.0	0.0	0.0	0.0
1595	16264	0.127	0.0	0.0	0.0
1595	16264	0.051	0.003	0.124	0.048
1595	16264	0.071	0.161	0.212	0.232
1595	16264	0.043	0.071	0.142	0.114
1595	16264	0.051	0.223	0.266	0.274
1595	16264	0.071	0.06	0.111	0.131
1595	16264	0.064	0.07	0.141	0.134
1595	16264	0.074	0.11	0.174	0.184
1595	16264	0.084	0.004	0.07	0.08
1595	16264	0.051	0.05	0.134	0.101
1595	16264	0.093	0.071	0.122	0.164
1595	16264	0.038	0.003	0.096	0.041
1595	16264	0.07	0.1	0.138	0.17
1595	16264	0.062	0.051	0.121	0.113
1595	16264	0.061	0.04	0.102	0.101
1595	16264	0.063	0.285	0.346	0.348
1595	16264	0.061	0.019	0.082	0.08
1595	16264	0.084	0.081	0.142	0.165
1595	16264	0.061	0.03	0.114	0.091
1595	16264	0.071	0.02	0.081	0.091
1595	16264	0.071	0.03	0.101	0.101
1595	16264	0.101	0.02	0.091	0.121
1595	16264	0.063	0.02	0.121	0.083
1595	16264	0.071	0.091	0.154	0.162
1595	16264	0.031	0.06	0.131	0.091
1595	16264	0.075	0.161	0.192	0.236
1595	16264	0.061	0.05	0.125	0.111
1595	16264	0.091	0.121	0.182	0.212
1595	16264	0.051	0.453	0.544	0.504
1595	16264	0.051	0.07	0.121	0.121
1595	16264	0.041	0.082	0.133	0.123
1595	16264	0.041	0.101	0.142	0.142
1595	16264	0.072	0.1	0.141	0.172
1595	16264	0.05	0.04	0.112	0.09
1595	16264	0.041	0.368	0.418	0.409
1595	16264	0.064	0.081	0.122	0.145
1595	16264	0.051	0.09	0.154	0.141
1595	16264	0.061	0.081	0.132	0.142
1595	16264	0.061	0.09	0.151	0.151
1595	16264	0.061	0.073	0.134	0.134
1595	16264	0.101	0.946	1.007	1.047
1595	16264	0.052	0.08	0.181	0.132
1595	16264	0.04	0.051	0.103	0.091
1595	16264	0.064	0.081	0.121	0.145
1595	16264	0.072	0.09	0.154	0.162
1595	16264	0.101	0.02	0.092	0.121
1595	16264	0.061	0.03	0.131	0.091
1595	16264	0.057	0.07	0.131	0.127
1595	16264	0.084	0.006	0.051	0.078
1595	16264	0.051	0.04	0.124	0.091
1595	16264	0.071	0.02	0.071	0.091
1595	16264	0.082	0.02	0.091	0.102
1595	16264	0.091	0.02	0.062	0.071
1595	16264	0.058	0.003	0.094	0.061
1595	16264	0.073	0.498	0.556	0.571
1595	16264	0.061	0.05	0.123	0.111
1595	16264	0.073	0.091	0.152	0.164
1595	16264	0.061	0.003	0.07	0.058
1595	16264	0.064	0.111	0.172	0.175
1595	16264	0.072	0.04	0.104	0.112
1595	16264	0.062	0.497	0.569	0.559
1595	16264	0.052	0.06	0.122	0.112
1595	16264	0.061	0.09	0.142	0.151
1595	16264	0.062	0.072	0.133	0.134
1595	16264	0.061	0.548	0.61	0.609
1595	16264	0.0	0.0	0.0	0.0
1595	16264	0.0	0.0	0.0	0.0
1595	16264	0.0	0.0	0.0	0.0
1595	16264	0.0	0.0	0.0	0.0
1595	16264	0.0	0.0	0.0	0.0
1595	16279	0.132	0.0	0.0	0.0
1595	16279	0.05	0.02	0.152	0.07
1595	16279	0.083	0.041	0.091	0.124
1595	16279	0.085	0.003	0.08	0.082
1595	16279	0.072	0.059	0.144	0.131
1595	16279	0.061	0.131	0.203	0.192
1595	16279	0.064	0.132	0.193	0.196
1595	16279	0.08	0.02	0.084	0.1
1595	16279	0.061	0.112	0.192	0.173
1595	16279	0.061	0.02	0.081	0.081
1595	16279	0.042	1.192	1.253	1.234
1595	16279	0.068	0.003	0.045	0.071
1595	16279	0.081	0.03	0.098	0.111
1595	16279	0.051	0.031	0.112	0.082
1595	16279	0.073	0.08	0.131	0.153
1595	16279	0.062	0.161	0.234	0.223
1595	16279	0.061	0.131	0.193	0.192
1595	16279	0.064	0.05	0.111	0.114
1595	16279	0.072	0.222	0.286	0.294
1595	16279	0.041	0.579	0.651	0.62
1595	16279	0.082	0.021	0.062	0.103
1595	16279	0.071	0.03	0.112	0.101
1595	16279	0.034	0.05	0.121	0.084
1595	16279	0.091	0.118	0.152	0.209
1595	16279	0.061	0.104	0.195	0.165
1595	16279	0.061	0.04	0.101	0.101
1595	16279	0.041	0.05	0.111	0.091
1595	16279	0.082	0.06	0.101	0.142
1595	16279	0.047	0.003	0.085	0.05
1595	16279	0.071	0.124	0.171	0.195
1595	16279	0.062	0.08	0.151	0.142
1595	16279	0.06	0.05	0.112	0.11
1595	16279	0.084	0.589	0.649	0.673
1595	16279	0.044	0.405	0.489	0.449
1595	16279	0.061	0.04	0.084	0.101
1595	16279	0.061	0.091	0.152	0.152
1595	16279	0.102	0.09	0.151	0.192
1595	16279	0.049	0.003	0.105	0.052
1595	16279	0.091	0.101	0.15	0.192
1595	16279	0.081	0.091	0.182	0.172
1595	16279	0.095	0.03	0.111	0.125
1595	16279	0.047	0.003	0.098	0.05
1595	16279	0.051	0.111	0.158	0.162
1595	16279	0.061	0.101	0.152	0.162
1595	16279	0.074	0.121	0.182	0.195
1595	16279	0.05	0.101	0.175	0.151
1595	16279	0.051	0.071	0.121	0.122
1595	16279	0.062	0.02	0.071	0.082
1595	16279	0.063	0.06	0.122	0.123
1595	16279	0.081	0.04	0.103	0.121
1595	16279	0.058	0.003	0.084	0.061
1595	16279	0.054	0.08	0.138	0.134
1595	16279	0.071	0.003	0.051	0.068
1595	16279	0.062	0.194	0.265	0.256
1595	16279	0.062	0.07	0.132	0.132
1595	16279	0.051	0.101	0.163	0.152
1595	16279	0.051	0.103	0.154	0.154
1595	16279	0.102	0.03	0.081	0.132
1595	16279	0.068	0.003	0.105	0.071
1595	16279	0.071	0.06	0.128	0.131
1595	16279	0.061	0.264	0.335	0.325
1595	16279	0.051	0.071	0.132	0.122
1595	16279	0.091	0.124	0.175	0.215
1595	16279	0.048	0.003	0.094	0.051
1595	16279	0.062	0.11	0.158	0.172
1595	16279	0.074	0.1	0.162	0.174
1595	16279	0.064	0.003	0.071	0.061
1595	16279	0.082	0.06	0.124	0.142
1595	16279	0.052	0.09	0.172	0.142
1595	16279	0.0	0.0	0.0	0.0
1595	16296	0.178	0.0	0.0	0.0
1595	16296	0.041	0.003	0.175	0.038
1595	16296	0.051	0.02	0.061	0.071
1595	16296	0.071	0.043	0.094	0.114
1595	16296	0.078	0.003	0.074	0.081
1595	16296	0.071	0.08	0.158	0.151
1595	16296	0.051	0.101	0.172	0.152
1595	16296	0.061	0.093	0.144	0.154
1595	16296	0.081	0.121	0.182	0.202
1595	16296	0.071	0.051	0.03	0.02
1595	16296	0.052	0.174	0.245	0.226
1595	16296	0.047	0.003	0.055	0.05
1595	16296	0.061	0.091	0.138	0.152
1595	16296	0.061	0.09	0.151	0.151
1595	16296	0.041	0.53	0.591	0.571
1595	16296	0.061	0.072	0.113	0.133
1595	16296	0.072	0.08	0.141	0.152
1595	16296	0.041	0.346	0.418	0.387
1595	16296	0.051	0.203	0.244	0.254
1595	16296	0.051	0.029	0.08	0.08
1595	16296	0.062	0.043	0.094	0.105
1595	16296	0.061	0.09	0.152	0.151
1595	16296	0.072	0.09	0.151	0.162
1595	16296	0.071	0.03	0.102	0.101
1595	16296	0.081	0.043	0.114	0.124
1595	16296	0.051	0.323	0.404	0.374
1595	16296	0.071	0.125	0.176	0.196
1595	16296	0.057	0.003	0.074	0.06
1595	16296	0.061	0.307	0.364	0.368
1595	16296	0.03	0.274	0.335	0.304
1595	16296	0.071	0.144	0.174	0.215
1595	16296	0.085	0.11	0.181	0.195
1595	16296	0.072	0.004	0.081	0.068
1595	16296	0.061	0.051	0.123	0.112
1595	16296	0.083	0.031	0.092	0.114
1595	16296	0.068	0.003	0.086	0.071
1595	16296	0.051	0.1	0.168	0.151
1595	16296	0.048	0.004	0.055	0.052
1595	16296	0.081	0.04	0.088	0.121
1595	16296	0.081	0.053	0.134	0.134
1595	16296	0.072	0.04	0.121	0.112
1595	16296	0.084	0.11	0.182	0.194
1595	16296	0.061	0.003	0.081	0.058
1595	16296	0.071	0.022	0.083	0.093
1595	16296	0.061	0.071	0.142	0.132
1595	16296	0.041	0.12	0.181	0.161
1595	16296	0.061	0.215	0.256	0.276
1595	16296	0.051	0.101	0.162	0.152
1595	16296	0.074	0.101	0.152	0.175
1595	16296	0.085	0.004	0.07	0.081
1595	16296	0.061	0.131	0.216	0.192
1595	16296	0.133	0.07	0.131	0.203
1595	16296	0.091	0.003	0.136	0.094
1595	16296	0.031	0.313	0.404	0.344
1595	16296	0.051	0.07	0.101	0.121
1595	16296	0.051	0.053	0.104	0.104
1595	16296	0.111	0.111	0.162	0.222
1595	16296	0.062	0.03	0.141	0.092
1595	16296	0.044	0.1	0.162	0.144
1595	16296	0.052	0.09	0.134	0.142
1595	16296	0.043	0.121	0.173	0.164
1595	16296	0.081	0.003	0.04	0.078
1595	16296	0.073	0.061	0.142	0.134
1595	16296	0.071	0.07	0.143	0.141
1595	16296	0.082	0.06	0.131	0.142
1595	16296	0.071	0.03	0.112	0.101
1595	16296	0.142	0.144	0.215	0.286
1595	16296	0.061	0.031	0.111	0.03
1595	16296	0.062	0.09	0.151	0.152
1595	16296	0.087	0.08	0.142	0.167
1595	16314	0.124	0.0	0.0	0.0
1595	16314	0.051	0.121	0.245	0.172
1595	16314	0.081	0.121	0.172	0.202
1595	16314	0.073	0.336	0.417	0.409
1595	16314	0.051	0.285	0.358	0.336
1595	16314	0.166	0.08	0.131	0.246
1595	16314	0.051	0.004	0.162	0.047
1595	16314	0.051	0.073	0.124	0.124
1595	16314	0.092	0.11	0.161	0.202
1595	16314	0.05	0.04	0.132	0.09
1595	16314	0.061	0.081	0.131	0.142
1595	16314	0.043	0.084	0.145	0.127
1595	16314	0.064	0.003	0.04	0.061
1595	16314	0.081	0.027	0.091	0.108
1595	16314	0.072	0.121	0.202	0.193
1595	16314	0.062	0.133	0.205	0.195
1595	16314	0.071	0.182	0.244	0.253
1595	16314	0.04	0.104	0.175	0.144
1595	16314	0.061	0.111	0.151	0.172
1595	16314	0.081	0.091	0.152	0.172
1595	16314	0.067	0.004	0.085	0.071
1595	16314	0.084	0.02	0.087	0.104
1595	16314	0.058	0.003	0.087	0.061
1595	16314	0.071	0.06	0.118	0.131
1595	16314	0.05	0.122	0.193	0.172
1595	16314	0.101	0.085	0.135	0.186
1595	16314	0.047	0.003	0.104	0.05
1595	16314	0.071	0.061	0.108	0.132
1595	16314	0.061	0.05	0.121	0.111
1595	16314	0.061	0.114	0.175	0.175
1595	16314	0.081	0.02	0.081	0.101
1595	16314	0.061	0.131	0.212	0.192
1595	16314	0.068	0.003	0.064	0.071
1595	16314	0.074	0.03	0.098	0.104
1595	16314	0.091	0.02	0.094	0.111
1595	16314	0.051	1.068	1.159	1.119
1595	16314	0.094	0.162	0.213	0.256
1595	16314	0.071	0.111	0.205	0.182
1595	16314	0.0	0.0	0.0	0.0
1595	16314	0.0	0.0	0.0	0.0
1595	16314	0.0	0.0	0.0	0.0
1595	16314	0.0	0.0	0.0	0.0
1595	16314	0.0	0.0	0.0	0.0
1595	16314	0.0	0.0	0.0	0.0
1595	16314	0.0	0.0	0.0	0.0
1595	16314	0.0	0.0	0.0	0.0
1595	16314	0.0	0.0	0.0	0.0
1595	16314	0.0	0.0	0.0	0.0
1595	16314	0.0	0.0	0.0	0.0
1595	16314	0.0	0.0	0.0	0.0
1595	16314	0.0	0.0	0.0	0.0
1595	16314	0.0	0.0	0.0	0.0
1595	16314	0.0	0.0	0.0	0.0
1595	16314	0.0	0.0	0.0	0.0
1595	16314	0.0	0.0	0.0	0.0
1595	16314	0.0	0.0	0.0	0.0
1595	16314	0.0	0.0	0.0	0.0
1595	16314	0.0	0.0	0.0	0.0
1595	16314	0.0	0.0	0.0	0.0
1595	16314	0.0	0.0	0.0	0.0
1595	16314	0.0	0.0	0.0	0.0
1595	16314	0.0	0.0	0.0	0.0
1595	16314	0.0	0.0	0.0	0.0
1595	16314	0.0	0.0	0.0	0.0
1595	16314	0.0	0.0	0.0	0.0
1595	16314	0.0	0.0	0.0	0.0
1595	16314	0.0	0.0	0.0	0.0
1595	16314	0.0	0.0	0.0	0.0
1595	16314	0.0	0.0	0.0	0.0
1595	16314	0.0	0.0	0.0	0.0
1595	16326	0.195	0.0	0.0	0.0
1595	16326	0.041	0.003	0.192	0.038
1595	16326	0.073	0.05	0.091	0.123
1595	16326	0.064	0.003	0.07	0.061
1595	16326	0.071	0.101	0.165	0.172
1595	16326	0.054	0.264	0.335	0.318
1595	16326	0.051	0.121	0.175	0.172
1595	16326	0.072	0.1	0.151	0.172
1595	16326	0.044	0.11	0.182	0.154
1595	16326	0.061	0.02	0.064	0.081
1595	16326	0.061	0.06	0.121	0.121
1595	16326	0.07	0.348	0.409	0.418
1595	16326	0.071	0.081	0.151	0.152
1595	16326	0.088	0.05	0.121	0.138
1595	16326	0.075	0.023	0.111	0.098
1595	16326	0.051	0.212	0.287	0.263
1595	16326	0.065	0.191	0.242	0.256
1595	16326	0.061	0.201	0.266	0.262
1595	16326	0.051	0.101	0.162	0.152
1595	16326	0.064	0.04	0.091	0.104
1595	16326	0.072	0.14	0.204	0.212
1595	16326	0.041	0.072	0.144	0.113
1595	16326	0.092	0.029	0.07	0.121
1595	16326	0.051	0.154	0.246	0.205
1595	16326	0.071	0.121	0.172	0.192
1595	16326	0.054	0.091	0.162	0.145
1595	16326	0.072	0.029	0.083	0.101
1595	16326	0.072	0.039	0.111	0.111
1595	16326	0.071	0.102	0.174	0.173
1595	16326	0.061	0.04	0.111	0.101
1595	16326	0.061	0.265	0.326	0.326
1595	16326	0.071	0.185	0.246	0.256
1595	16326	0.092	0.07	0.141	0.162
1595	16326	0.051	0.09	0.182	0.141
1595	16326	0.071	0.347	0.398	0.418
1595	16326	0.061	0.06	0.131	0.121
1595	16326	0.085	0.05	0.111	0.135
1595	16326	0.062	0.049	0.134	0.111
1595	16326	0.073	0.09	0.152	0.163
1595	16326	0.0	0.0	0.0	0.0
1595	16326	0.0	0.0	0.0	0.0
1595	16326	0.0	0.0	0.0	0.0
1595	16326	0.0	0.0	0.0	0.0
1595	16326	0.0	0.0	0.0	0.0
1595	16326	0.0	0.0	0.0	0.0
1595	16326	0.0	0.0	0.0	0.0
1595	16326	0.0	0.0	0.0	0.0
1595	16326	0.0	0.0	0.0	0.0
1595	16326	0.0	0.0	0.0	0.0
1595	16326	0.0	0.0	0.0	0.0
1595	16326	0.0	0.0	0.0	0.0
1595	16326	0.0	0.0	0.0	0.0
1595	16326	0.0	0.0	0.0	0.0
1595	16326	0.0	0.0	0.0	0.0
1595	16326	0.0	0.0	0.0	0.0
1595	16326	0.0	0.0	0.0	0.0
1595	16326	0.0	0.0	0.0	0.0
1595	16326	0.0	0.0	0.0	0.0
1595	16326	0.0	0.0	0.0	0.0
1595	16326	0.0	0.0	0.0	0.0
1595	16326	0.0	0.0	0.0	0.0
1595	16326	0.0	0.0	0.0	0.0
1595	16326	0.0	0.0	0.0	0.0
1595	16326	0.0	0.0	0.0	0.0
1595	16326	0.0	0.0	0.0	0.0
1595	16326	0.0	0.0	0.0	0.0
1595	16326	0.0	0.0	0.0	0.0
1595	16326	0.0	0.0	0.0	0.0
1595	16326	0.0	0.0	0.0	0.0
1595	16326	0.0	0.0	0.0	0.0
1595	16335	0.104	0.0	0.0	0.0
1595	16335	0.07	0.003	0.101	0.067
1595	16335	0.084	0.031	0.101	0.115
1595	16335	0.051	0.05	0.134	0.101
1595	16335	0.071	0.081	0.132	0.152
1595	16335	0.071	0.08	0.151	0.151
1595	16335	0.071	0.175	0.246	0.246
1595	16335	0.051	0.517	0.588	0.568
1595	16335	0.052	0.181	0.232	0.233
1595	16335	0.055	0.039	0.091	0.094
1595	16335	0.072	0.019	0.074	0.091
1595	16335	0.075	0.12	0.192	0.195
1595	16335	0.068	0.003	0.072	0.065
1595	16335	0.072	0.43	0.498	0.502
1595	16335	0.061	0.173	0.245	0.234
1595	16335	0.061	0.121	0.182	0.182
1595	16335	0.082	0.08	0.141	0.162
1595	16335	0.055	0.029	0.111	0.084
1595	16335	0.051	0.1	0.155	0.151
1595	16335	0.084	0.081	0.132	0.165
1595	16335	0.02	0.003	0.081	0.017
1595	16335	0.087	0.06	0.08	0.147
1595	16335	0.082	0.003	0.084	0.079
1595	16335	0.071	0.11	0.192	0.181
1595	16335	0.101	0.082	0.153	0.183
1595	16335	0.069	0.04	0.141	0.109
1595	16335	0.091	0.08	0.149	0.171
1595	16335	0.062	0.04	0.131	0.102
1595	16335	0.064	0.305	0.367	0.369
1595	16335	0.061	0.003	0.061	0.058
1595	16335	0.071	0.081	0.142	0.152
1595	16335	0.084	0.08	0.151	0.164
1595	16335	0.051	0.051	0.135	0.102
1595	16335	0.152	0.1	0.151	0.252
1595	16335	0.061	0.437	0.589	0.498
1595	16335	0.061	0.114	0.175	0.175
1595	16335	0.051	0.061	0.122	0.112
1595	16335	0.061	0.11	0.161	0.171
1595	16335	0.064	0.131	0.192	0.195
1595	16335	0.06	0.091	0.155	0.151
1595	16335	0.062	0.051	0.111	0.113
1595	16335	0.051	0.131	0.193	0.182
1595	16335	0.051	0.052	0.103	0.103
1595	16335	0.084	0.101	0.152	0.185
1595	16335	0.101	0.003	0.081	0.098
1595	16335	0.067	0.06	0.161	0.127
1595	16335	0.041	0.003	0.064	0.038
1595	16335	0.081	0.131	0.172	0.212
1595	16335	0.041	0.082	0.163	0.123
1595	16335	0.0	0.0	0.0	0.0
1595	16335	0.0	0.0	0.0	0.0
1595	16335	0.0	0.0	0.0	0.0
1595	16335	0.0	0.0	0.0	0.0
1595	16335	0.0	0.0	0.0	0.0
1595	16335	0.0	0.0	0.0	0.0
1595	16335	0.0	0.0	0.0	0.0
1595	16335	0.0	0.0	0.0	0.0
1595	16335	0.0	0.0	0.0	0.0
1595	16335	0.0	0.0	0.0	0.0
1595	16335	0.0	0.0	0.0	0.0
1595	16335	0.0	0.0	0.0	0.0
1595	16335	0.0	0.0	0.0	0.0
1595	16335	0.0	0.0	0.0	0.0
1595	16335	0.0	0.0	0.0	0.0
1595	16335	0.0	0.0	0.0	0.0
1595	16335	0.0	0.0	0.0	0.0
1595	16335	0.0	0.0	0.0	0.0
1595	16335	0.0	0.0	0.0	0.0
1595	16335	0.0	0.0	0.0	0.0
1595	16335	0.0	0.0	0.0	0.0
1595	16347	0.152	0.0	0.0	0.0
1595	16347	0.082	0.021	0.131	0.061
1595	16347	0.061	0.134	0.216	0.195
1595	16347	0.072	0.08	0.141	0.152
1595	16347	0.083	0.039	0.111	0.122
1595	16347	0.063	0.111	0.194	0.174
1595	16347	0.102	0.1	0.163	0.202
1595	16347	0.061	0.07	0.172	0.131
1595	16347	0.051	0.06	0.121	0.111
1595	16347	0.041	0.074	0.125	0.115
1595	16347	0.072	0.12	0.161	0.192
1595	16347	0.071	0.122	0.194	0.193
1595	16347	0.041	0.265	0.336	0.306
1595	16347	0.062	0.07	0.111	0.132
1595	16347	0.047	0.097	0.159	0.144
1595	16347	0.072	0.071	0.118	0.143
1595	16347	0.061	0.222	0.294	0.283
1595	16347	0.071	0.083	0.144	0.154
1595	16347	0.051	0.02	0.091	0.071
1595	16347	0.061	0.04	0.091	0.101
1595	16347	0.081	0.04	0.101	0.121
1595	16347	0.085	0.04	0.121	0.125
1595	16347	0.082	0.08	0.165	0.162
1595	16347	0.061	0.397	0.479	0.458
1595	16347	0.072	0.599	0.66	0.671
1595	16347	0.091	0.091	0.163	0.182
1595	16347	0.071	0.064	0.155	0.135
1595	16347	0.051	0.06	0.131	0.111
1595	16347	0.061	0.07	0.121	0.131
1595	16347	0.072	0.03	0.091	0.102
1595	16347	0.071	0.062	0.134	0.133
1595	16347	0.082	0.09	0.161	0.172
1595	16347	0.05	0.06	0.142	0.11
1595	16347	0.061	0.061	0.111	0.122
1595	16347	0.031	0.154	0.215	0.185
1595	16347	0.086	0.107	0.138	0.193
1595	16347	0.071	0.019	0.105	0.09
1595	16347	0.133	0.265	0.336	0.398
1595	16347	0.104	0.053	0.08	0.051
1595	16347	0.051	4.505	4.609	4.556
1595	16347	0.041	0.244	0.295	0.285
1595	16347	0.03	0.336	0.377	0.366
1595	16347	0.061	0.111	0.141	0.172
1595	16347	0.091	0.091	0.152	0.182
1595	16347	0.051	0.04	0.131	0.091
1595	16347	0.071	0.094	0.145	0.165
1595	16347	0.073	0.09	0.161	0.163
1595	16347	0.041	0.06	0.133	0.101
1595	16347	0.073	0.04	0.081	0.113
1595	16347	0.072	0.08	0.153	0.152
1595	16347	0.05	0.02	0.092	0.07
1595	16347	0.031	0.111	0.161	0.142
1595	16347	0.072	0.235	0.266	0.307
1595	16347	0.078	0.002	0.074	0.08
1595	16347	0.0	0.0	0.0	0.0
1595	16347	0.0	0.0	0.0	0.0
1595	16347	0.0	0.0	0.0	0.0
1595	16347	0.0	0.0	0.0	0.0
1595	16347	0.0	0.0	0.0	0.0
1595	16347	0.0	0.0	0.0	0.0
1595	16347	0.0	0.0	0.0	0.0
1595	16347	0.0	0.0	0.0	0.0
1595	16347	0.0	0.0	0.0	0.0
1595	16347	0.0	0.0	0.0	0.0
1595	16347	0.0	0.0	0.0	0.0
1595	16347	0.0	0.0	0.0	0.0
1595	16347	0.0	0.0	0.0	0.0
1595	16347	0.0	0.0	0.0	0.0
1595	16347	0.0	0.0	0.0	0.0
1595	16347	0.0	0.0	0.0	0.0
1595	16369	0.146	0.0	0.0	0.0
1595	16369	0.061	0.023	0.123	0.038
1595	16369	0.061	0.487	0.548	0.548
1595	16369	0.05	0.124	0.185	0.174
1595	16369	0.072	0.071	0.121	0.143
1595	16369	0.051	0.629	0.701	0.68
1595	16369	0.061	0.133	0.184	0.194
1595	16369	0.051	0.367	0.428	0.418
1595	16369	0.041	0.131	0.182	0.172
1595	16369	0.061	0.151	0.192	0.212
1595	16369	0.05	0.114	0.175	0.164
1595	16369	0.092	0.02	0.07	0.112
1595	16369	0.051	0.161	0.253	0.212
1595	16369	0.05	0.073	0.124	0.123
1595	16369	0.071	0.081	0.131	0.152
1595	16369	0.072	0.927	0.998	0.999
1595	16369	0.051	0.11	0.182	0.161
1595	16369	0.064	0.1	0.151	0.164
1595	16369	0.051	0.05	0.114	0.101
1595	16369	0.081	0.121	0.172	0.202
1595	16369	0.061	0.215	0.296	0.276
1595	16369	0.051	0.141	0.202	0.192
1595	16369	0.055	0.191	0.242	0.246
1595	16369	0.04	0.151	0.206	0.191
1595	16369	0.04	0.093	0.133	0.133
1595	16369	0.081	0.03	0.07	0.111
1595	16369	0.041	0.194	0.275	0.235
1595	16369	0.041	0.346	0.387	0.387
1595	16369	0.061	0.05	0.091	0.111
1595	16369	0.063	0.06	0.121	0.123
1595	16369	0.071	0.09	0.153	0.161
1595	16369	0.044	0.02	0.091	0.064
1595	16369	0.041	0.07	0.114	0.111
1595	16369	0.061	0.05	0.091	0.111
1595	16369	0.072	0.131	0.192	0.203
1595	16369	0.053	0.04	0.112	0.093
1595	16369	0.051	0.07	0.123	0.121
1595	16369	0.081	0.232	0.283	0.313
1595	16369	0.022	0.134	0.215	0.156
1595	16369	0.071	0.13	0.152	0.201
1595	16369	0.062	0.07	0.141	0.132
1595	16369	0.04	0.043	0.105	0.083
1595	16369	0.081	0.091	0.131	0.172
1595	16369	0.0	0.0	0.0	0.0
1595	16369	0.0	0.0	0.0	0.0
1595	16369	0.0	0.0	0.0	0.0
1595	16369	0.0	0.0	0.0	0.0
1595	16369	0.0	0.0	0.0	0.0
1595	16369	0.0	0.0	0.0	0.0
1595	16369	0.0	0.0	0.0	0.0
1595	16369	0.0	0.0	0.0	0.0
1595	16369	0.0	0.0	0.0	0.0
1595	16369	0.0	0.0	0.0	0.0
1595	16369	0.0	0.0	0.0	0.0
1595	16369	0.0	0.0	0.0	0.0
1595	16369	0.0	0.0	0.0	0.0
1595	16369	0.0	0.0	0.0	0.0
1595	16369	0.0	0.0	0.0	0.0
1595	16369	0.0	0.0	0.0	0.0
1595	16369	0.0	0.0	0.0	0.0
1595	16369	0.0	0.0	0.0	0.0
1595	16369	0.0	0.0	0.0	0.0
1595	16369	0.0	0.0	0.0	0.0
1595	16369	0.0	0.0	0.0	0.0
1595	16369	0.0	0.0	0.0	0.0
1595	16369	0.0	0.0	0.0	0.0
1595	16369	0.0	0.0	0.0	0.0
1595	16369	0.0	0.0	0.0	0.0
1595	16369	0.0	0.0	0.0	0.0
1595	16369	0.0	0.0	0.0	0.0
1595	16384	0.122	0.0	0.0	0.0
1595	16384	0.052	0.031	0.091	0.021
1595	16384	0.071	0.073	0.125	0.144
1595	16384	0.061	0.06	0.131	0.121
1595	16384	0.057	0.004	0.065	0.061
1595	16384	0.095	0.03	0.087	0.125
1595	16384	0.031	0.004	0.091	0.027
1595	16384	0.072	0.052	0.083	0.124
1595	16384	0.07	0.02	0.092	0.09
1595	16384	0.061	0.051	0.121	0.112
1595	16384	0.051	0.03	0.091	0.081
1595	16384	0.051	0.366	0.417	0.417
1595	16384	0.122	0.042	0.093	0.164
1595	16384	0.081	0.02	0.102	0.061
1595	16384	0.072	0.032	0.113	0.104
1595	16384	0.105	0.079	0.151	0.184
1595	16384	0.051	0.003	0.102	0.048
1595	16384	0.078	0.089	0.14	0.167
1595	16384	0.061	0.118	0.196	0.179
1595	16384	0.061	0.03	0.091	0.091
1595	16384	0.041	0.173	0.234	0.214
1595	16384	0.041	0.032	0.073	0.073
1595	16384	0.071	0.071	0.112	0.142
1595	16384	0.072	0.12	0.191	0.192
1595	16384	0.047	0.003	0.075	0.05
1595	16384	0.061	0.083	0.13	0.144
1595	16384	0.06	0.192	0.253	0.252
1595	16384	0.082	0.081	0.141	0.163
1595	16384	0.05	0.073	0.155	0.123
1595	16384	0.071	0.031	0.081	0.102
1595	16384	0.061	0.121	0.192	0.182
1595	16384	0.065	0.08	0.141	0.145
1595	16384	0.061	0.08	0.145	0.141
1595	16384	0.072	0.091	0.152	0.163
1595	16384	0.041	0.1	0.172	0.141
1595	16384	0.073	0.487	0.528	0.56
1595	16384	0.081	0.072	0.145	0.153
1595	16384	0.083	0.07	0.151	0.153
1595	16384	0.04	0.121	0.204	0.161
1595	16384	0.071	0.064	0.104	0.135
1595	16384	0.0	0.0	0.0	0.0
1595	16384	0.0	0.0	0.0	0.0
1595	16384	0.0	0.0	0.0	0.0
1595	16384	0.0	0.0	0.0	0.0
1595	16384	0.0	0.0	0.0	0.0
1595	16384	0.0	0.0	0.0	0.0
1595	16384	0.0	0.0	0.0	0.0
1595	16384	0.0	0.0	0.0	0.0
1595	16384	0.0	0.0	0.0	0.0
1595	16384	0.0	0.0	0.0	0.0
1595	16384	0.0	0.0	0.0	0.0
1595	16384	0.0	0.0	0.0	0.0
1595	16384	0.0	0.0	0.0	0.0
1595	16384	0.0	0.0	0.0	0.0
1595	16384	0.0	0.0	0.0	0.0
1595	16384	0.0	0.0	0.0	0.0
1595	16384	0.0	0.0	0.0	0.0
1595	16384	0.0	0.0	0.0	0.0
1595	16384	0.0	0.0	0.0	0.0
1595	16384	0.0	0.0	0.0	0.0
1595	16384	0.0	0.0	0.0	0.0
1595	16384	0.0	0.0	0.0	0.0
1595	16384	0.0	0.0	0.0	0.0
1595	16384	0.0	0.0	0.0	0.0
1595	16384	0.0	0.0	0.0	0.0
1595	16384	0.0	0.0	0.0	0.0
1595	16384	0.0	0.0	0.0	0.0
1595	16384	0.0	0.0	0.0	0.0
1595	16384	0.0	0.0	0.0	0.0
1595	16384	0.0	0.0	0.0	0.0
1595	16398	0.133	0.0	0.0	0.0
1595	16398	0.081	0.021	0.112	0.06
1595	16398	0.064	0.04	0.121	0.104
1595	16398	0.103	0.003	0.061	0.1
1595	16398	0.074	0.071	0.174	0.145
1595	16398	0.082	0.004	0.07	0.078
1595	16398	0.052	0.039	0.121	0.091
1595	16398	0.074	0.04	0.092	0.114
1595	16398	0.081	0.04	0.114	0.121
1595	16398	0.073	0.151	0.232	0.224
1595	16398	0.065	0.13	0.203	0.195
1595	16398	0.043	0.434	0.499	0.477
1595	16398	0.072	0.09	0.133	0.162
1595	16398	0.061	0.05	0.122	0.111
1595	16398	0.051	0.05	0.111	0.101
1595	16398	0.069	0.106	0.157	0.175
1595	16398	0.071	0.05	0.119	0.121
1595	16398	0.081	0.041	0.03	0.04
1595	16398	0.052	0.05	0.131	0.102
1595	16398	0.061	0.04	0.092	0.101
1595	16398	0.057	0.003	0.064	0.06
1595	16398	0.092	0.043	0.1	0.135
1595	16398	0.051	0.202	0.294	0.253
1595	16398	0.061	0.02	0.071	0.081
1595	16398	0.053	0.051	0.112	0.104
1595	16398	0.068	0.003	0.056	0.071
1595	16398	0.071	0.051	0.119	0.122
1595	16398	0.071	0.1	0.171	0.171
1595	16398	0.041	0.04	0.111	0.081
1595	16398	0.081	0.094	0.135	0.175
1595	16398	0.051	0.031	0.05	0.02
1595	16398	0.071	0.101	0.152	0.172
1595	16398	0.051	0.397	0.468	0.448
1595	16398	0.048	0.003	0.054	0.051
1595	16398	0.053	0.131	0.179	0.184
1595	16398	0.062	0.029	0.082	0.091
1595	16398	0.051	0.121	0.183	0.172
1595	16398	0.172	0.255	0.306	0.427
1595	16398	0.071	0.102	0.07	0.031
1595	16398	0.0	0.0	0.0	0.0
1595	16398	0.0	0.0	0.0	0.0
1595	16398	0.0	0.0	0.0	0.0
1595	16398	0.0	0.0	0.0	0.0
1595	16398	0.0	0.0	0.0	0.0
1595	16398	0.0	0.0	0.0	0.0
1595	16398	0.0	0.0	0.0	0.0
1595	16398	0.0	0.0	0.0	0.0
1595	16398	0.0	0.0	0.0	0.0
1595	16398	0.0	0.0	0.0	0.0
1595	16398	0.0	0.0	0.0	0.0
1595	16398	0.0	0.0	0.0	0.0
1595	16398	0.0	0.0	0.0	0.0
1595	16398	0.0	0.0	0.0	0.0
1595	16398	0.0	0.0	0.0	0.0
1595	16398	0.0	0.0	0.0	0.0
1595	16398	0.0	0.0	0.0	0.0
1595	16398	0.0	0.0	0.0	0.0
1595	16398	0.0	0.0	0.0	0.0
1595	16398	0.0	0.0	0.0	0.0
1595	16398	0.0	0.0	0.0	0.0
1595	16398	0.0	0.0	0.0	0.0
1595	16398	0.0	0.0	0.0	0.0
1595	16398	0.0	0.0	0.0	0.0
1595	16398	0.0	0.0	0.0	0.0
1595	16398	0.0	0.0	0.0	0.0
1595	16398	0.0	0.0	0.0	0.0
1595	16398	0.0	0.0	0.0	0.0
1595	16398	0.0	0.0	0.0	0.0
1595	16398	0.0	0.0	0.0	0.0
1595	16398	0.0	0.0	0.0	0.0
1595	16404	0.133	0.0	0.0	0.0
1595	16404	0.061	0.031	0.102	0.03
1595	16404	0.074	0.081	0.142	0.155
1595	16404	0.051	0.07	0.144	0.121
1595	16404	0.041	0.131	0.182	0.172
1595	16404	0.081	0.214	0.255	0.295
1595	16404	0.071	0.152	0.233	0.223
1595	16404	0.06	0.458	0.529	0.518
1595	16404	0.074	0.101	0.161	0.175
1595	16404	0.073	0.043	0.031	0.03
1595	16404	0.193	0.081	0.154	0.274
1595	16404	0.133	0.112	0.081	0.021
1595	16404	0.078	0.018	0.115	0.06
1595	16404	0.061	0.305	0.383	0.366
1595	16404	0.101	0.101	0.162	0.202
1595	16404	0.051	0.104	0.205	0.155
1595	16404	0.051	0.09	0.141	0.141
1595	16404	0.082	0.132	0.183	0.214
1595	16404	0.061	0.174	0.256	0.235
1595	16404	0.05	0.305	0.366	0.355
1595	16404	0.051	0.253	0.303	0.304
1595	16404	0.061	0.06	0.111	0.121
1595	16404	0.102	0.084	0.145	0.186
1595	16404	0.072	0.042	0.06	0.03
1595	16404	0.051	0.04	0.112	0.091
1595	16404	0.071	0.04	0.091	0.111
1595	16404	0.075	0.07	0.141	0.145
1595	16404	0.041	0.09	0.165	0.131
1595	16404	0.063	0.08	0.121	0.143
1595	16404	0.061	0.426	0.489	0.487
1595	16404	0.071	0.05	0.111	0.121
1595	16404	0.041	0.04	0.111	0.081
1595	16404	0.061	0.043	0.084	0.104
1595	16404	0.07	0.03	0.091	0.1
1595	16404	0.107	0.071	0.141	0.178
1595	16404	0.051	0.005	0.102	0.046
1595	16404	0.075	0.02	0.071	0.095
1595	16404	0.05	0.151	0.226	0.201
1595	16404	0.064	0.232	0.282	0.296
1595	16404	0.041	0.151	0.215	0.192
1595	16404	0.05	0.131	0.172	0.181
1595	16404	0.044	0.112	0.162	0.156
1595	16404	0.061	0.099	0.143	0.16
1595	16404	0.082	0.232	0.293	0.314
1595	16404	0.06	0.185	0.267	0.245
1595	16404	0.0	0.0	0.0	0.0
1595	16404	0.0	0.0	0.0	0.0
1595	16404	0.0	0.0	0.0	0.0
1595	16404	0.0	0.0	0.0	0.0
1595	16404	0.0	0.0	0.0	0.0
1595	16404	0.0	0.0	0.0	0.0
1595	16404	0.0	0.0	0.0	0.0
1595	16404	0.0	0.0	0.0	0.0
1595	16404	0.0	0.0	0.0	0.0
1595	16404	0.0	0.0	0.0	0.0
1595	16404	0.0	0.0	0.0	0.0
1595	16404	0.0	0.0	0.0	0.0
1595	16404	0.0	0.0	0.0	0.0
1595	16404	0.0	0.0	0.0	0.0
1595	16404	0.0	0.0	0.0	0.0
1595	16404	0.0	0.0	0.0	0.0
1595	16404	0.0	0.0	0.0	0.0
1595	16404	0.0	0.0	0.0	0.0
1595	16404	0.0	0.0	0.0	0.0
1595	16404	0.0	0.0	0.0	0.0
1595	16404	0.0	0.0	0.0	0.0
1595	16404	0.0	0.0	0.0	0.0
1595	16404	0.0	0.0	0.0	0.0
1595	16404	0.0	0.0	0.0	0.0
1595	16404	0.0	0.0	0.0	0.0
1595	16415	0.179	0.0	0.0	0.0
1595	16415	0.04	0.045	0.134	0.005
1595	16415	0.134	0.061	0.101	0.195
1595	16415	0.082	0.023	0.111	0.059
1595	16415	0.072	0.436	0.518	0.508
1595	16415	0.041	0.11	0.182	0.151
1595	16415	0.051	0.043	0.084	0.094
1595	16415	0.041	0.223	0.274	0.264
1595	16415	0.061	0.081	0.122	0.142
1595	16415	0.051	0.193	0.254	0.244
1595	16415	0.078	0.02	0.071	0.098
1595	16415	0.051	0.033	0.111	0.084
1595	16415	0.084	0.071	0.122	0.155
1595	16415	0.051	0.04	0.124	0.091
1595	16415	0.085	0.101	0.152	0.186
1595	16415	0.062	0.004	0.081	0.058
1595	16415	0.055	0.079	0.141	0.134
1595	16415	0.072	0.292	0.347	0.364
1595	16415	0.044	0.101	0.173	0.145
1595	16415	0.101	0.07	0.114	0.171
1595	16415	0.046	0.004	0.105	0.05
1595	16415	0.061	0.051	0.097	0.112
1595	16415	0.061	0.02	0.081	0.081
1595	16415	0.052	0.103	0.164	0.155
1595	16415	0.031	0.11	0.162	0.141
1595	16415	0.071	0.111	0.142	0.182
1595	16415	0.071	0.199	0.27	0.27
1595	16415	0.073	0.07	0.141	0.143
1595	16415	0.061	0.03	0.103	0.091
1595	16415	0.074	0.05	0.111	0.124
1595	16415	0.061	0.06	0.134	0.121
1595	16415	0.063	0.081	0.142	0.144
1595	16415	0.072	0.003	0.06	0.069
1595	16415	0.057	0.003	0.075	0.06
1595	16415	0.064	0.05	0.107	0.114
1595	16415	0.058	0.003	0.067	0.061
1595	16415	0.051	0.111	0.169	0.162
1595	16415	0.071	0.061	0.112	0.132
1595	16415	0.081	0.02	0.091	0.101
1595	16415	0.061	0.104	0.185	0.165
1595	16415	0.0	0.0	0.0	0.0
1595	16415	0.0	0.0	0.0	0.0
1595	16415	0.0	0.0	0.0	0.0
1595	16415	0.0	0.0	0.0	0.0
1595	16415	0.0	0.0	0.0	0.0
1595	16415	0.0	0.0	0.0	0.0
1595	16415	0.0	0.0	0.0	0.0
1595	16415	0.0	0.0	0.0	0.0
1595	16415	0.0	0.0	0.0	0.0
1595	16415	0.0	0.0	0.0	0.0
1595	16415	0.0	0.0	0.0	0.0
1595	16415	0.0	0.0	0.0	0.0
1595	16415	0.0	0.0	0.0	0.0
1595	16415	0.0	0.0	0.0	0.0
1595	16415	0.0	0.0	0.0	0.0
1595	16415	0.0	0.0	0.0	0.0
1595	16415	0.0	0.0	0.0	0.0
1595	16415	0.0	0.0	0.0	0.0
1595	16415	0.0	0.0	0.0	0.0
1595	16415	0.0	0.0	0.0	0.0
1595	16415	0.0	0.0	0.0	0.0
1595	16415	0.0	0.0	0.0	0.0
1595	16415	0.0	0.0	0.0	0.0
1595	16415	0.0	0.0	0.0	0.0
1595	16415	0.0	0.0	0.0	0.0
1595	16415	0.0	0.0	0.0	0.0
1595	16415	0.0	0.0	0.0	0.0
1595	16415	0.0	0.0	0.0	0.0
1595	16415	0.0	0.0	0.0	0.0
1595	16415	0.0	0.0	0.0	0.0
1595	16425	0.051	0.0	0.0	0.0
1595	16425	0.061	0.081	0.132	0.142
1595	16425	0.051	0.336	0.397	0.387
1595	16425	0.072	0.08	0.131	0.152
1595	16425	0.163	0.093	0.165	0.256
1595	16425	0.051	0.021	0.142	0.03
1595	16425	0.051	0.101	0.152	0.152
1595	16425	0.072	0.05	0.101	0.122
1595	16425	0.094	0.041	0.031	0.053
1595	16425	0.062	0.019	0.113	0.081
1595	16425	0.111	0.101	0.163	0.212
1595	16425	0.071	0.04	0.071	0.031
1595	16425	0.07	0.03	0.101	0.1
1595	16425	0.072	0.093	0.163	0.165
1595	16425	0.068	0.08	0.152	0.148
1595	16425	0.084	0.094	0.162	0.178
1595	16425	0.085	0.004	0.08	0.081
1595	16425	0.058	0.003	0.088	0.061
1595	16425	0.061	0.04	0.098	0.101
1595	16425	0.041	0.019	0.08	0.06
1595	16425	0.072	0.05	0.091	0.122
1595	16425	0.085	0.09	0.162	0.175
1595	16425	0.051	0.1	0.185	0.151
1595	16425	0.082	0.07	0.121	0.152
1595	16425	0.068	0.003	0.085	0.071
1595	16425	0.062	0.152	0.22	0.214
1595	16425	0.041	0.457	0.519	0.498
1595	16425	0.082	0.04	0.081	0.122
1595	16425	0.072	0.05	0.132	0.122
1595	16425	0.087	0.091	0.163	0.178
1595	16425	0.072	0.003	0.084	0.069
1595	16425	0.057	0.003	0.075	0.06
1595	16425	0.073	0.081	0.138	0.154
1595	16425	0.072	0.003	0.07	0.069
1595	16425	0.081	0.03	0.102	0.111
1595	16425	0.051	0.022	0.103	0.073
1595	16425	0.074	0.03	0.081	0.104
1595	16425	0.082	0.004	0.07	0.078
1595	16425	0.057	0.003	0.085	0.06
1595	16425	0.071	0.121	0.178	0.192
1595	16425	0.051	0.084	0.155	0.135
1595	16425	0.054	0.363	0.414	0.417
1595	16425	0.051	0.152	0.206	0.203
1595	16425	0.061	0.111	0.162	0.172
1595	16425	0.051	0.03	0.091	0.081
1595	16425	0.081	0.103	0.154	0.184
1595	16425	0.051	0.02	0.101	0.071
1595	16425	0.071	0.131	0.182	0.202
1595	16425	0.08	0.05	0.121	0.13
1595	16425	0.101	0.161	0.241	0.262
1595	16425	0.051	0.091	0.192	0.142
1595	16425	0.073	0.04	0.091	0.113
1595	16425	0.092	0.182	0.255	0.274
1595	16425	0.071	0.03	0.122	0.101
1595	16425	0.043	0.05	0.121	0.093
1595	16425	0.071	0.05	0.093	0.121
1595	16425	0.041	0.69	0.761	0.731
1595	16425	0.105	0.05	0.091	0.155
1595	16425	0.051	0.05	0.155	0.101
1595	16425	0.061	0.04	0.091	0.101
1595	16425	0.082	0.04	0.101	0.122
1595	16425	0.071	0.081	0.163	0.152
1595	16425	0.0	0.0	0.0	0.0
1595	16425	0.0	0.0	0.0	0.0
1595	16425	0.0	0.0	0.0	0.0
1595	16425	0.0	0.0	0.0	0.0
1595	16425	0.0	0.0	0.0	0.0
1595	16425	0.0	0.0	0.0	0.0
1595	16425	0.0	0.0	0.0	0.0
1595	16425	0.0	0.0	0.0	0.0
