PARTICIPANT_ID	TEST_SECTION_ID	HOLD_LATENCY	INTERKEY_LATENCY	PRESS_LATENCY	RELEASE_LATENCY
1736	17683	0.061	0.0	0.0	0.0
1736	17683	0.138	0.262	0.323	0.4
1736	17683	0.114	0.402	0.54	0.516
1736	17683	0.11	0.084	0.198	0.194
1736	17683	0.246	0.396	0.506	0.642
1736	17683	0.068	0.088	0.158	0.02
1736	17683	0.085	0.389	0.457	0.474
1736	17683	0.098	0.492	0.577	0.59
1736	17683	0.06	0.088	0.186	0.148
1736	17683	0.109	0.223	0.283	0.332
1736	17683	0.114	0.228	0.337	0.342
1736	17683	0.116	0.02	0.134	0.136
1736	17683	0.116	0.034	0.15	0.15
1736	17683	0.14	0.087	0.203	0.227
1736	17683	0.144	0.021	0.119	0.123
1736	17683	0.088	0.094	0.238	0.182
1736	17683	0.106	0.424	0.512	0.53
1736	17683	0.116	0.164	0.27	0.28
1736	17683	0.146	0.028	0.144	0.174
1736	17683	0.116	0.02	0.126	0.096
1736	17683	0.114	0.18	0.296	0.294
1736	17683	0.104	0.02	0.134	0.124
1736	17683	0.11	0.036	0.14	0.146
1736	17683	0.116	0.076	0.186	0.192
1736	17683	0.184	0.058	0.174	0.242
1736	17683	0.102	0.032	0.152	0.07
1736	17683	0.142	0.018	0.12	0.16
1736	17683	0.118	0.182	0.324	0.3
1736	17683	0.108	0.024	0.142	0.132
1736	17683	0.118	0.088	0.196	0.206
1736	17683	0.13	0.088	0.206	0.218
1736	17683	0.101	0.064	0.194	0.165
1736	17683	0.116	0.081	0.182	0.197
1736	17683	0.128	0.306	0.422	0.434
1736	17683	0.109	0.252	0.38	0.361
1736	17683	0.058	0.085	0.024	0.027
1736	17683	0.125	0.466	0.524	0.591
1736	17683	0.094	0.075	0.2	0.169
1736	17683	0.122	0.084	0.178	0.206
1736	17683	0.088	0.126	0.248	0.214
1736	17683	0.0	0.0	0.0	0.0
1736	17683	0.0	0.0	0.0	0.0
1736	17683	0.0	0.0	0.0	0.0
1736	17683	0.0	0.0	0.0	0.0
1736	17683	0.0	0.0	0.0	0.0
1736	17683	0.0	0.0	0.0	0.0
1736	17683	0.0	0.0	0.0	0.0
1736	17683	0.0	0.0	0.0	0.0
1736	17683	0.0	0.0	0.0	0.0
1736	17683	0.0	0.0	0.0	0.0
1736	17683	0.0	0.0	0.0	0.0
1736	17683	0.0	0.0	0.0	0.0
1736	17683	0.0	0.0	0.0	0.0
1736	17683	0.0	0.0	0.0	0.0
1736	17683	0.0	0.0	0.0	0.0
1736	17683	0.0	0.0	0.0	0.0
1736	17683	0.0	0.0	0.0	0.0
1736	17683	0.0	0.0	0.0	0.0
1736	17683	0.0	0.0	0.0	0.0
1736	17683	0.0	0.0	0.0	0.0
1736	17683	0.0	0.0	0.0	0.0
1736	17683	0.0	0.0	0.0	0.0
1736	17683	0.0	0.0	0.0	0.0
1736	17683	0.0	0.0	0.0	0.0
1736	17683	0.0	0.0	0.0	0.0
1736	17683	0.0	0.0	0.0	0.0
1736	17683	0.0	0.0	0.0	0.0
1736	17683	0.0	0.0	0.0	0.0
1736	17683	0.0	0.0	0.0	0.0
1736	17683	0.0	0.0	0.0	0.0
1736	17690	0.216	0.0	0.0	0.0
1736	17690	0.27	0.126	0.09	0.144
1736	17690	0.182	0.072	0.198	0.11
1736	17690	0.128	0.092	0.274	0.22
1736	17690	0.086	0.144	0.272	0.23
1736	17690	0.106	0.114	0.2	0.22
1736	17690	0.209	0.06	0.046	0.149
1736	17690	0.154	0.021	0.188	0.133
1736	17690	0.151	0.019	0.135	0.132
1736	17690	0.096	0.082	0.233	0.178
1736	17690	0.134	0.1	0.196	0.234
1736	17690	0.126	0.02	0.154	0.146
1736	17690	0.123	0.251	0.377	0.374
1736	17690	0.132	0.022	0.145	0.154
1736	17690	0.099	0.069	0.201	0.168
1736	17690	0.128	0.194	0.293	0.322
1736	17690	0.107	0.023	0.151	0.13
1736	17690	0.118	0.052	0.159	0.17
1736	17690	0.104	0.512	0.63	0.616
1736	17690	0.14	0.086	0.19	0.226
1736	17690	0.138	0.048	0.188	0.186
1736	17690	0.135	0.163	0.301	0.298
1736	17690	0.102	0.02	0.155	0.122
1736	17690	0.132	0.22	0.322	0.352
1736	17690	0.158	0.048	0.18	0.206
1736	17690	0.0	0.0	0.0	0.0
1736	17690	0.0	0.0	0.0	0.0
1736	17690	0.0	0.0	0.0	0.0
1736	17690	0.0	0.0	0.0	0.0
1736	17690	0.0	0.0	0.0	0.0
1736	17690	0.0	0.0	0.0	0.0
1736	17690	0.0	0.0	0.0	0.0
1736	17690	0.0	0.0	0.0	0.0
1736	17690	0.0	0.0	0.0	0.0
1736	17690	0.0	0.0	0.0	0.0
1736	17690	0.0	0.0	0.0	0.0
1736	17690	0.0	0.0	0.0	0.0
1736	17690	0.0	0.0	0.0	0.0
1736	17690	0.0	0.0	0.0	0.0
1736	17690	0.0	0.0	0.0	0.0
1736	17690	0.0	0.0	0.0	0.0
1736	17690	0.0	0.0	0.0	0.0
1736	17690	0.0	0.0	0.0	0.0
1736	17690	0.0	0.0	0.0	0.0
1736	17690	0.0	0.0	0.0	0.0
1736	17690	0.0	0.0	0.0	0.0
1736	17690	0.0	0.0	0.0	0.0
1736	17690	0.0	0.0	0.0	0.0
1736	17690	0.0	0.0	0.0	0.0
1736	17690	0.0	0.0	0.0	0.0
1736	17690	0.0	0.0	0.0	0.0
1736	17690	0.0	0.0	0.0	0.0
1736	17690	0.0	0.0	0.0	0.0
1736	17690	0.0	0.0	0.0	0.0
1736	17690	0.0	0.0	0.0	0.0
1736	17690	0.0	0.0	0.0	0.0
1736	17690	0.0	0.0	0.0	0.0
1736	17690	0.0	0.0	0.0	0.0
1736	17690	0.0	0.0	0.0	0.0
1736	17690	0.0	0.0	0.0	0.0
1736	17690	0.0	0.0	0.0	0.0
1736	17690	0.0	0.0	0.0	0.0
1736	17690	0.0	0.0	0.0	0.0
1736	17690	0.0	0.0	0.0	0.0
1736	17690	0.0	0.0	0.0	0.0
1736	17690	0.0	0.0	0.0	0.0
1736	17690	0.0	0.0	0.0	0.0
1736	17690	0.0	0.0	0.0	0.0
1736	17690	0.0	0.0	0.0	0.0
1736	17690	0.0	0.0	0.0	0.0
1736	17697	0.2	0.0	0.0	0.0
1736	17697	0.139	0.051	0.149	0.088
1736	17697	0.124	0.062	0.201	0.186
1736	17697	0.11	0.044	0.168	0.154
1736	17697	0.104	0.028	0.138	0.132
1736	17697	0.144	0.174	0.278	0.318
1736	17697	0.088	0.03	0.174	0.118
1736	17697	0.176	0.024	0.112	0.2
1736	17697	0.102	0.02	0.156	0.082
1736	17697	0.128	0.064	0.166	0.192
1736	17697	0.141	0.041	0.169	0.182
1736	17697	0.11	0.372	0.513	0.482
1736	17697	0.222	0.064	0.174	0.286
1736	17697	0.114	0.038	0.184	0.076
1736	17697	0.182	0.02	0.134	0.202
1736	17697	0.134	0.06	0.242	0.194
1736	17697	0.168	0.02	0.114	0.148
1736	17697	0.134	0.02	0.148	0.114
1736	17697	0.152	0.024	0.11	0.128
1736	17697	0.162	0.068	0.22	0.23
1736	17697	0.116	0.02	0.142	0.096
1736	17697	0.136	0.038	0.154	0.174
1736	17697	0.16	0.052	0.084	0.108
1736	17697	0.172	0.058	0.218	0.23
1736	17697	0.101	0.019	0.153	0.082
1736	17697	0.148	0.068	0.169	0.216
1736	17697	0.228	0.022	0.17	0.25
1736	17697	0.164	0.112	0.116	0.052
1736	17697	0.138	0.156	0.32	0.294
1736	17697	0.0	0.0	0.0	0.0
1736	17697	0.0	0.0	0.0	0.0
1736	17697	0.0	0.0	0.0	0.0
1736	17697	0.0	0.0	0.0	0.0
1736	17697	0.0	0.0	0.0	0.0
1736	17697	0.0	0.0	0.0	0.0
1736	17697	0.0	0.0	0.0	0.0
1736	17697	0.0	0.0	0.0	0.0
1736	17697	0.0	0.0	0.0	0.0
1736	17697	0.0	0.0	0.0	0.0
1736	17697	0.0	0.0	0.0	0.0
1736	17697	0.0	0.0	0.0	0.0
1736	17697	0.0	0.0	0.0	0.0
1736	17697	0.0	0.0	0.0	0.0
1736	17697	0.0	0.0	0.0	0.0
1736	17697	0.0	0.0	0.0	0.0
1736	17697	0.0	0.0	0.0	0.0
1736	17697	0.0	0.0	0.0	0.0
1736	17697	0.0	0.0	0.0	0.0
1736	17697	0.0	0.0	0.0	0.0
1736	17697	0.0	0.0	0.0	0.0
1736	17697	0.0	0.0	0.0	0.0
1736	17697	0.0	0.0	0.0	0.0
1736	17697	0.0	0.0	0.0	0.0
1736	17697	0.0	0.0	0.0	0.0
1736	17697	0.0	0.0	0.0	0.0
1736	17697	0.0	0.0	0.0	0.0
1736	17697	0.0	0.0	0.0	0.0
1736	17697	0.0	0.0	0.0	0.0
1736	17697	0.0	0.0	0.0	0.0
1736	17697	0.0	0.0	0.0	0.0
1736	17697	0.0	0.0	0.0	0.0
1736	17697	0.0	0.0	0.0	0.0
1736	17697	0.0	0.0	0.0	0.0
1736	17697	0.0	0.0	0.0	0.0
1736	17697	0.0	0.0	0.0	0.0
1736	17697	0.0	0.0	0.0	0.0
1736	17697	0.0	0.0	0.0	0.0
1736	17697	0.0	0.0	0.0	0.0
1736	17697	0.0	0.0	0.0	0.0
1736	17697	0.0	0.0	0.0	0.0
1736	17703	0.204	0.0	0.0	0.0
1736	17703	0.116	0.096	0.108	0.02
1736	17703	0.138	0.148	0.264	0.286
1736	17703	0.111	0.041	0.179	0.152
1736	17703	0.114	0.048	0.159	0.162
1736	17703	0.113	0.284	0.398	0.397
1736	17703	0.096	0.021	0.092	0.075
1736	17703	0.128	0.066	0.162	0.194
1736	17703	0.134	0.02	0.148	0.154
1736	17703	0.167	0.112	0.246	0.279
1736	17703	0.134	0.033	0.134	0.101
1736	17703	0.14	0.144	0.278	0.284
1736	17703	0.122	0.088	0.228	0.21
1736	17703	0.092	0.056	0.178	0.148
1736	17703	0.128	0.078	0.17	0.206
1736	17703	0.134	0.036	0.164	0.17
1736	17703	0.178	0.02	0.154	0.198
1736	17703	0.08	0.028	0.206	0.108
1736	17703	0.118	0.084	0.164	0.202
1736	17703	0.172	0.048	0.166	0.22
1736	17703	0.126	0.052	0.12	0.074
1736	17703	0.1	0.048	0.174	0.148
1736	17703	0.128	0.114	0.214	0.242
1736	17703	0.132	0.022	0.15	0.154
1736	17703	0.114	0.056	0.188	0.17
1736	17703	0.112	0.43	0.544	0.542
1736	17703	0.142	0.072	0.184	0.214
1736	17703	0.11	0.122	0.264	0.232
1736	17703	0.138	0.138	0.248	0.276
1736	17703	0.071	0.088	0.226	0.159
1736	17703	0.157	0.066	0.137	0.223
1736	17703	0.118	0.04	0.197	0.158
1736	17703	0.19	0.028	0.146	0.218
1736	17703	0.124	0.02	0.17	0.104
1736	17703	0.139	0.1	0.224	0.239
1736	17703	0.112	0.029	0.11	0.083
1736	17703	0.138	0.118	0.23	0.256
1736	17703	0.123	0.029	0.167	0.152
1736	17703	0.112	0.022	0.145	0.134
1736	17703	0.104	0.02	0.132	0.124
1736	17703	0.15	0.02	0.084	0.13
1736	17703	0.108	0.036	0.186	0.144
1736	17703	0.156	0.098	0.206	0.254
1736	17703	0.13	0.036	0.12	0.094
1736	17703	0.144	0.044	0.174	0.188
1736	17703	0.098	0.15	0.294	0.248
1736	17703	0.136	0.048	0.146	0.184
1736	17703	0.086	0.094	0.23	0.18
1736	17703	0.13	0.38	0.466	0.51
1736	17703	0.096	0.134	0.264	0.23
1736	17703	0.12	0.07	0.166	0.19
1736	17703	0.118	0.148	0.268	0.266
1736	17703	0.31	0.052	0.17	0.362
1736	17703	0.128	0.104	0.206	0.024
1736	17703	0.098	0.172	0.3	0.27
1736	17703	0.142	0.068	0.166	0.21
1736	17703	0.198	0.1	0.242	0.298
1736	17703	0.165	0.033	0.231	0.198
1736	17703	0.0	0.0	0.0	0.0
1736	17703	0.0	0.0	0.0	0.0
1736	17703	0.0	0.0	0.0	0.0
1736	17703	0.0	0.0	0.0	0.0
1736	17703	0.0	0.0	0.0	0.0
1736	17703	0.0	0.0	0.0	0.0
1736	17703	0.0	0.0	0.0	0.0
1736	17703	0.0	0.0	0.0	0.0
1736	17703	0.0	0.0	0.0	0.0
1736	17703	0.0	0.0	0.0	0.0
1736	17703	0.0	0.0	0.0	0.0
1736	17703	0.0	0.0	0.0	0.0
1736	17720	0.248	0.0	0.0	0.0
1736	17720	0.136	0.088	0.16	0.048
1736	17720	0.129	0.096	0.232	0.225
1736	17720	0.113	0.02	0.149	0.133
1736	17720	0.14	0.022	0.135	0.162
1736	17720	0.112	0.144	0.284	0.256
1736	17720	0.144	0.282	0.394	0.426
1736	17720	0.142	0.194	0.338	0.336
1736	17720	0.128	0.328	0.47	0.456
1736	17720	0.126	0.02	0.108	0.106
1736	17720	0.12	0.178	0.304	0.298
1736	17720	0.14	0.204	0.324	0.344
1736	17720	0.128	0.066	0.206	0.194
1736	17720	0.086	0.048	0.176	0.134
1736	17720	0.14	0.076	0.162	0.216
1736	17720	0.213	0.197	0.337	0.41
1736	17720	0.214	0.09	0.123	0.124
1736	17720	0.119	0.02	0.194	0.099
1736	17720	0.152	0.078	0.197	0.23
1736	17720	0.102	0.021	0.173	0.123
1736	17720	0.123	0.184	0.286	0.307
1736	17720	0.097	0.02	0.143	0.117
1736	17720	0.132	0.182	0.279	0.314
1736	17720	0.094	0.024	0.156	0.118
1736	17720	0.114	0.152	0.246	0.266
1736	17720	0.164	0.04	0.074	0.124
1736	17720	0.158	0.126	0.29	0.284
1736	17720	0.112	0.024	0.134	0.088
1736	17720	0.102	0.036	0.148	0.138
1736	17720	0.132	0.162	0.264	0.294
1736	17720	0.208	0.022	0.11	0.186
1736	17720	0.13	0.072	0.136	0.058
1736	17720	0.186	0.072	0.202	0.258
1736	17720	0.117	0.021	0.165	0.096
1736	17720	0.124	0.04	0.157	0.164
1736	17720	0.076	0.094	0.218	0.17
1736	17720	0.136	0.144	0.22	0.28
1736	17720	0.144	0.082	0.218	0.226
1736	17720	0.126	0.076	0.22	0.202
1736	17720	0.125	0.029	0.155	0.154
1736	17720	0.119	0.033	0.158	0.152
1736	17720	0.148	0.23	0.349	0.378
1736	17720	0.125	0.019	0.129	0.106
1736	17720	0.206	0.134	0.259	0.34
1736	17720	0.25	0.04	0.166	0.21
1736	17720	0.15	0.11	0.14	0.04
1736	17720	0.106	0.192	0.342	0.298
1736	17720	0.162	0.064	0.17	0.226
1736	17720	0.222	0.042	0.12	0.18
1736	17720	0.202	0.044	0.178	0.158
1736	17720	0.136	0.02	0.182	0.116
1736	17720	0.146	0.036	0.172	0.182
1736	17720	0.133	0.02	0.126	0.113
1736	17720	0.13	0.021	0.112	0.109
1736	17720	0.112	0.032	0.162	0.144
1736	17720	0.152	0.094	0.206	0.246
1736	17720	0.136	0.032	0.12	0.104
1736	17720	0.164	0.214	0.35	0.378
1736	17720	0.158	0.028	0.136	0.13
1736	17720	0.088	0.02	0.178	0.108
1736	17720	0.136	0.086	0.174	0.222
1736	17720	0.118	0.099	0.235	0.217
1736	17720	0.153	0.402	0.52	0.555
1736	17720	0.164	0.032	0.121	0.132
1736	17720	0.15	0.056	0.22	0.206
1736	17720	0.142	0.068	0.218	0.21
1736	17720	0.136	0.063	0.205	0.199
1736	17720	0.133	0.086	0.222	0.219
1736	17720	0.092	0.074	0.207	0.166
1736	17720	0.138	0.49	0.582	0.628
1736	17731	0.174	0.0	0.0	0.0
1736	17731	0.116	0.096	0.078	0.02
1736	17731	0.14	0.172	0.288	0.312
1736	17731	0.122	0.546	0.686	0.668
1736	17731	0.052	0.524	0.646	0.576
1736	17731	0.098	0.354	0.406	0.452
1736	17731	0.088	0.184	0.282	0.272
1736	17731	0.088	0.778	0.866	0.866
1736	17731	0.082	0.084	0.172	0.166
1736	17731	0.148	0.084	0.166	0.232
1736	17731	0.137	0.209	0.357	0.346
1736	17731	0.166	0.02	0.157	0.186
1736	17731	0.118	0.058	0.108	0.06
1736	17731	0.116	0.052	0.17	0.168
1736	17731	0.144	0.062	0.178	0.206
1736	17731	0.114	0.116	0.26	0.23
1736	17731	0.192	0.072	0.186	0.264
1736	17731	0.177	0.1	0.092	0.077
1736	17731	0.129	0.02	0.157	0.109
1736	17731	0.13	0.056	0.185	0.186
1736	17731	0.134	0.06	0.19	0.194
1736	17731	0.132	0.032	0.166	0.164
1736	17731	0.138	0.02	0.152	0.158
1736	17731	0.088	0.02	0.118	0.068
1736	17731	0.128	0.274	0.362	0.402
1736	17731	0.116	0.042	0.17	0.158
1736	17731	0.108	0.106	0.222	0.214
1736	17731	0.162	0.04	0.148	0.202
1736	17731	0.116	0.246	0.408	0.362
1736	17731	0.108	0.122	0.238	0.23
1736	17731	0.098	0.076	0.184	0.174
1736	17731	0.141	0.06	0.158	0.201
1736	17731	0.124	0.033	0.174	0.157
1736	17731	0.146	0.076	0.2	0.222
1736	17731	0.0	0.0	0.0	0.0
1736	17731	0.0	0.0	0.0	0.0
1736	17731	0.0	0.0	0.0	0.0
1736	17731	0.0	0.0	0.0	0.0
1736	17731	0.0	0.0	0.0	0.0
1736	17731	0.0	0.0	0.0	0.0
1736	17731	0.0	0.0	0.0	0.0
1736	17731	0.0	0.0	0.0	0.0
1736	17731	0.0	0.0	0.0	0.0
1736	17731	0.0	0.0	0.0	0.0
1736	17731	0.0	0.0	0.0	0.0
1736	17731	0.0	0.0	0.0	0.0
1736	17731	0.0	0.0	0.0	0.0
1736	17731	0.0	0.0	0.0	0.0
1736	17731	0.0	0.0	0.0	0.0
1736	17731	0.0	0.0	0.0	0.0
1736	17731	0.0	0.0	0.0	0.0
1736	17731	0.0	0.0	0.0	0.0
1736	17731	0.0	0.0	0.0	0.0
1736	17731	0.0	0.0	0.0	0.0
1736	17731	0.0	0.0	0.0	0.0
1736	17731	0.0	0.0	0.0	0.0
1736	17731	0.0	0.0	0.0	0.0
1736	17731	0.0	0.0	0.0	0.0
1736	17731	0.0	0.0	0.0	0.0
1736	17731	0.0	0.0	0.0	0.0
1736	17731	0.0	0.0	0.0	0.0
1736	17731	0.0	0.0	0.0	0.0
1736	17731	0.0	0.0	0.0	0.0
1736	17731	0.0	0.0	0.0	0.0
1736	17731	0.0	0.0	0.0	0.0
1736	17731	0.0	0.0	0.0	0.0
1736	17731	0.0	0.0	0.0	0.0
1736	17731	0.0	0.0	0.0	0.0
1736	17731	0.0	0.0	0.0	0.0
1736	17731	0.0	0.0	0.0	0.0
1736	17745	0.158	0.0	0.0	0.0
1736	17745	0.104	0.06	0.098	0.044
1736	17745	0.138	0.028	0.132	0.166
1736	17745	0.104	0.02	0.158	0.124
1736	17745	0.148	0.07	0.174	0.218
1736	17745	0.15	0.08	0.228	0.23
1736	17745	0.202	0.02	0.13	0.182
1736	17745	0.132	0.02	0.182	0.112
1736	17745	0.202	0.088	0.22	0.29
1736	17745	0.162	0.064	0.138	0.098
1736	17745	0.112	0.056	0.218	0.168
1736	17745	0.184	0.106	0.218	0.29
1736	17745	0.108	0.064	0.12	0.044
1736	17745	0.1	0.122	0.23	0.222
1736	17745	0.096	0.086	0.186	0.182
1736	17745	0.116	0.568	0.664	0.684
1736	17745	0.142	0.084	0.2	0.226
1736	17745	0.122	0.152	0.294	0.274
1736	17745	0.1	0.104	0.226	0.204
1736	17745	0.116	0.102	0.202	0.218
1736	17745	1.092	0.212	0.328	1.304
1736	17745	0.118	0.138	0.954	0.02
1736	17745	0.15	0.12	0.238	0.27
1736	17745	0.104	0.212	0.362	0.316
1736	17745	0.106	0.156	0.26	0.262
1736	17745	0.12	0.048	0.154	0.168
1736	17745	0.196	0.106	0.226	0.302
1736	17745	0.116	0.084	0.112	0.032
1736	17745	0.142	0.13	0.246	0.272
1736	17745	0.142	0.664	0.806	0.806
1736	17745	0.087	0.282	0.424	0.369
1736	17745	0.162	0.155	0.242	0.317
1736	17745	0.084	0.02	0.182	0.104
1736	17745	0.128	0.422	0.506	0.55
1736	17745	0.0	0.0	0.0	0.0
1736	17745	0.0	0.0	0.0	0.0
1736	17745	0.0	0.0	0.0	0.0
1736	17745	0.0	0.0	0.0	0.0
1736	17745	0.0	0.0	0.0	0.0
1736	17745	0.0	0.0	0.0	0.0
1736	17745	0.0	0.0	0.0	0.0
1736	17745	0.0	0.0	0.0	0.0
1736	17745	0.0	0.0	0.0	0.0
1736	17745	0.0	0.0	0.0	0.0
1736	17745	0.0	0.0	0.0	0.0
1736	17745	0.0	0.0	0.0	0.0
1736	17745	0.0	0.0	0.0	0.0
1736	17745	0.0	0.0	0.0	0.0
1736	17745	0.0	0.0	0.0	0.0
1736	17745	0.0	0.0	0.0	0.0
1736	17745	0.0	0.0	0.0	0.0
1736	17745	0.0	0.0	0.0	0.0
1736	17745	0.0	0.0	0.0	0.0
1736	17745	0.0	0.0	0.0	0.0
1736	17745	0.0	0.0	0.0	0.0
1736	17745	0.0	0.0	0.0	0.0
1736	17745	0.0	0.0	0.0	0.0
1736	17745	0.0	0.0	0.0	0.0
1736	17745	0.0	0.0	0.0	0.0
1736	17745	0.0	0.0	0.0	0.0
1736	17745	0.0	0.0	0.0	0.0
1736	17745	0.0	0.0	0.0	0.0
1736	17745	0.0	0.0	0.0	0.0
1736	17745	0.0	0.0	0.0	0.0
1736	17745	0.0	0.0	0.0	0.0
1736	17745	0.0	0.0	0.0	0.0
1736	17745	0.0	0.0	0.0	0.0
1736	17745	0.0	0.0	0.0	0.0
1736	17745	0.0	0.0	0.0	0.0
1736	17745	0.0	0.0	0.0	0.0
1736	17751	0.352	0.0	0.0	0.0
1736	17751	0.126	0.154	0.198	0.028
1736	17751	0.237	0.318	0.444	0.555
1736	17751	0.149	0.081	0.156	0.068
1736	17751	0.179	0.08	0.229	0.259
1736	17751	0.104	0.02	0.199	0.124
1736	17751	0.094	0.032	0.136	0.126
1736	17751	0.109	0.111	0.205	0.22
1736	17751	0.188	0.06	0.169	0.248
1736	17751	0.162	0.08	0.108	0.082
1736	17751	0.12	0.02	0.182	0.14
1736	17751	0.181	0.029	0.149	0.21
1736	17751	0.072	0.052	0.129	0.02
1736	17751	0.122	0.068	0.14	0.19
1736	17751	0.144	0.064	0.186	0.208
1736	17751	0.14	0.07	0.214	0.21
1736	17751	0.108	0.03	0.17	0.138
1736	17751	0.265	0.019	0.089	0.246
1736	17751	0.205	0.085	0.18	0.12
1736	17751	0.24	0.04	0.165	0.2
1736	17751	0.156	0.074	0.166	0.082
1736	17751	0.128	0.078	0.234	0.206
1736	17751	0.124	0.04	0.088	0.084
1736	17751	0.134	0.048	0.172	0.182
1736	17751	0.182	0.036	0.098	0.146
1736	17751	0.134	0.022	0.16	0.112
1736	17751	0.128	0.142	0.276	0.27
1736	17751	0.14	0.146	0.274	0.286
1736	17751	0.214	0.036	0.104	0.178
1736	17751	0.15	0.076	0.29	0.226
1736	17751	0.104	0.242	0.392	0.346
1736	17751	0.206	0.06	0.164	0.266
1736	17751	0.258	0.024	0.23	0.282
1736	17751	0.102	0.12	0.378	0.222
1736	17751	0.102	0.312	0.414	0.414
1736	17751	0.08	0.06	0.162	0.14
1736	17751	0.338	0.22	0.3	0.558
1736	17751	0.136	0.088	0.25	0.048
1736	17751	0.0	0.0	0.0	0.0
1736	17751	0.0	0.0	0.0	0.0
1736	17751	0.0	0.0	0.0	0.0
1736	17751	0.0	0.0	0.0	0.0
1736	17751	0.0	0.0	0.0	0.0
1736	17751	0.0	0.0	0.0	0.0
1736	17751	0.0	0.0	0.0	0.0
1736	17751	0.0	0.0	0.0	0.0
1736	17751	0.0	0.0	0.0	0.0
1736	17751	0.0	0.0	0.0	0.0
1736	17751	0.0	0.0	0.0	0.0
1736	17751	0.0	0.0	0.0	0.0
1736	17751	0.0	0.0	0.0	0.0
1736	17751	0.0	0.0	0.0	0.0
1736	17751	0.0	0.0	0.0	0.0
1736	17751	0.0	0.0	0.0	0.0
1736	17751	0.0	0.0	0.0	0.0
1736	17751	0.0	0.0	0.0	0.0
1736	17751	0.0	0.0	0.0	0.0
1736	17751	0.0	0.0	0.0	0.0
1736	17751	0.0	0.0	0.0	0.0
1736	17751	0.0	0.0	0.0	0.0
1736	17751	0.0	0.0	0.0	0.0
1736	17751	0.0	0.0	0.0	0.0
1736	17751	0.0	0.0	0.0	0.0
1736	17751	0.0	0.0	0.0	0.0
1736	17751	0.0	0.0	0.0	0.0
1736	17751	0.0	0.0	0.0	0.0
1736	17751	0.0	0.0	0.0	0.0
1736	17751	0.0	0.0	0.0	0.0
1736	17751	0.0	0.0	0.0	0.0
1736	17751	0.0	0.0	0.0	0.0
1736	17763	0.206	0.0	0.0	0.0
1736	17763	0.123	0.079	0.127	0.044
1736	17763	0.238	0.15	0.273	0.388
1736	17763	0.174	0.06	0.178	0.114
1736	17763	0.172	0.02	0.154	0.152
1736	17763	0.168	0.098	0.27	0.266
1736	17763	0.13	0.364	0.532	0.494
1736	17763	0.136	0.088	0.218	0.224
1736	17763	0.132	0.114	0.25	0.246
1736	17763	0.146	0.02	0.152	0.166
1736	17763	0.107	0.024	0.122	0.083
1736	17763	0.115	0.1	0.207	0.215
1736	17763	0.116	0.098	0.213	0.214
1736	17763	0.154	0.096	0.212	0.25
1736	17763	0.142	0.048	0.106	0.094
1736	17763	0.11	0.018	0.16	0.128
1736	17763	0.129	0.083	0.193	0.212
1736	17763	0.157	0.102	0.231	0.259
1736	17763	0.126	0.021	0.136	0.105
1736	17763	0.126	0.234	0.36	0.36
1736	17763	0.178	0.068	0.194	0.246
1736	17763	0.144	0.088	0.09	0.056
1736	17763	0.136	0.02	0.164	0.156
1736	17763	0.136	0.042	0.178	0.178
1736	17763	0.138	0.02	0.116	0.118
1736	17763	0.084	0.036	0.174	0.12
1736	17763	0.134	0.084	0.168	0.218
1736	17763	0.128	0.032	0.102	0.096
1736	17763	0.159	0.095	0.223	0.254
1736	17763	0.114	0.02	0.139	0.094
1736	17763	0.108	0.122	0.236	0.23
1736	17763	0.157	0.044	0.152	0.201
1736	17763	0.137	0.13	0.287	0.267
1736	17763	0.154	0.42	0.557	0.574
1736	17763	0.136	0.02	0.134	0.116
1736	17763	0.142	0.048	0.184	0.19
1736	17763	0.282	0.052	0.09	0.23
1736	17763	0.116	0.318	0.6	0.434
1736	17763	0.11	0.024	0.14	0.134
1736	17763	0.136	0.208	0.318	0.344
1736	17763	0.136	0.086	0.222	0.222
1736	17763	0.162	0.02	0.116	0.142
1736	17763	0.134	0.039	0.123	0.095
1736	17763	0.122	0.057	0.191	0.179
1736	17763	0.112	0.02	0.142	0.132
1736	17763	0.155	0.052	0.164	0.207
1736	17763	0.0	0.0	0.0	0.0
1736	17763	0.0	0.0	0.0	0.0
1736	17763	0.0	0.0	0.0	0.0
1736	17763	0.0	0.0	0.0	0.0
1736	17763	0.0	0.0	0.0	0.0
1736	17763	0.0	0.0	0.0	0.0
1736	17763	0.0	0.0	0.0	0.0
1736	17763	0.0	0.0	0.0	0.0
1736	17763	0.0	0.0	0.0	0.0
1736	17763	0.0	0.0	0.0	0.0
1736	17763	0.0	0.0	0.0	0.0
1736	17763	0.0	0.0	0.0	0.0
1736	17763	0.0	0.0	0.0	0.0
1736	17763	0.0	0.0	0.0	0.0
1736	17763	0.0	0.0	0.0	0.0
1736	17763	0.0	0.0	0.0	0.0
1736	17763	0.0	0.0	0.0	0.0
1736	17763	0.0	0.0	0.0	0.0
1736	17763	0.0	0.0	0.0	0.0
1736	17763	0.0	0.0	0.0	0.0
1736	17763	0.0	0.0	0.0	0.0
1736	17763	0.0	0.0	0.0	0.0
1736	17763	0.0	0.0	0.0	0.0
1736	17763	0.0	0.0	0.0	0.0
1736	17771	0.226	0.0	0.0	0.0
1736	17771	0.12	0.028	0.198	0.092
1736	17771	0.1	0.132	0.252	0.232
1736	17771	0.1	0.13	0.23	0.23
1736	17771	0.12	0.058	0.158	0.178
1736	17771	0.138	0.047	0.167	0.185
1736	17771	0.1	0.02	0.158	0.12
1736	17771	0.122	0.136	0.236	0.258
1736	17771	0.15	0.02	0.142	0.17
1736	17771	0.144	0.06	0.21	0.204
1736	17771	0.11	0.02	0.164	0.13
1736	17771	0.132	0.166	0.276	0.298
1736	17771	0.131	0.02	0.152	0.151
1736	17771	0.144	0.027	0.158	0.171
1736	17771	0.082	0.036	0.108	0.046
1736	17771	0.14	0.076	0.158	0.216
1736	17771	0.131	0.166	0.306	0.297
1736	17771	0.14	0.02	0.151	0.16
1736	17771	0.13	0.021	0.119	0.109
1736	17771	0.088	0.02	0.15	0.108
1736	17771	0.206	0.1	0.188	0.306
1736	17771	0.194	0.056	0.15	0.138
1736	17771	0.146	0.074	0.12	0.072
1736	17771	0.139	0.114	0.26	0.253
1736	17771	0.15	0.029	0.11	0.121
1736	17771	0.071	0.049	0.199	0.12
1736	17771	0.142	0.084	0.155	0.226
1736	17771	0.136	0.024	0.166	0.16
1736	17771	0.134	0.02	0.156	0.154
1736	17771	0.134	0.028	0.162	0.162
1736	17771	0.144	0.092	0.226	0.236
1736	17771	0.156	0.046	0.19	0.202
1736	17771	0.122	0.02	0.176	0.142
1736	17771	0.14	0.112	0.234	0.252
1736	17771	0.124	0.02	0.12	0.104
1736	17771	0.144	0.022	0.146	0.166
1736	17771	0.106	0.02	0.164	0.126
1736	17771	0.194	0.168	0.274	0.362
1736	17771	0.126	0.062	0.132	0.064
1736	17771	0.118	0.076	0.202	0.194
1736	17771	0.184	0.08	0.198	0.264
1736	17771	0.162	0.02	0.164	0.142
1736	17771	0.102	0.02	0.182	0.122
1736	17771	0.132	0.092	0.194	0.224
1736	17771	0.112	0.09	0.222	0.202
1736	17771	0.122	0.076	0.188	0.198
1736	17771	0.138	0.024	0.146	0.162
1736	17771	0.109	0.019	0.157	0.128
1736	17771	0.15	0.092	0.201	0.242
1736	17771	0.139	0.02	0.17	0.159
1736	17771	0.0	0.0	0.0	0.0
1736	17771	0.0	0.0	0.0	0.0
1736	17771	0.0	0.0	0.0	0.0
1736	17771	0.0	0.0	0.0	0.0
1736	17771	0.0	0.0	0.0	0.0
1736	17771	0.0	0.0	0.0	0.0
1736	17771	0.0	0.0	0.0	0.0
1736	17771	0.0	0.0	0.0	0.0
1736	17771	0.0	0.0	0.0	0.0
1736	17771	0.0	0.0	0.0	0.0
1736	17771	0.0	0.0	0.0	0.0
1736	17771	0.0	0.0	0.0	0.0
1736	17771	0.0	0.0	0.0	0.0
1736	17771	0.0	0.0	0.0	0.0
1736	17771	0.0	0.0	0.0	0.0
1736	17771	0.0	0.0	0.0	0.0
1736	17771	0.0	0.0	0.0	0.0
1736	17771	0.0	0.0	0.0	0.0
1736	17771	0.0	0.0	0.0	0.0
1736	17771	0.0	0.0	0.0	0.0
1736	17781	0.294	0.0	0.0	0.0
1736	17781	0.12	0.14	0.154	0.02
1736	17781	0.08	0.138	0.258	0.218
1736	17781	0.068	0.136	0.216	0.204
1736	17781	0.144	0.186	0.254	0.33
1736	17781	0.162	0.24	0.384	0.402
1736	17781	0.12	0.14	0.302	0.26
1736	17781	0.302	0.176	0.296	0.478
1736	17781	0.122	0.154	0.148	0.032
1736	17781	0.17	0.148	0.27	0.318
1736	17781	0.214	0.028	0.142	0.186
1736	17781	0.136	0.032	0.246	0.168
1736	17781	0.138	0.084	0.22	0.222
1736	17781	0.23	0.116	0.254	0.346
1736	17781	0.084	0.148	0.082	0.064
1736	17781	0.144	0.17	0.254	0.314
1736	17781	0.146	0.032	0.112	0.114
1736	17781	0.12	0.218	0.364	0.338
1736	17781	0.138	0.072	0.192	0.21
1736	17781	0.144	0.162	0.3	0.306
1736	17781	0.142	0.02	0.124	0.122
1736	17781	0.131	0.084	0.226	0.215
1736	17781	0.085	0.049	0.18	0.134
1736	17781	0.158	0.072	0.157	0.23
1736	17781	0.145	0.02	0.178	0.165
1736	17781	0.128	0.056	0.089	0.072
1736	17781	0.112	0.062	0.19	0.174
1736	17781	0.154	0.024	0.136	0.178
1736	17781	0.105	0.035	0.189	0.14
1736	17781	0.142	0.02	0.125	0.162
1736	17781	0.111	0.036	0.178	0.147
1736	17781	0.12	0.071	0.182	0.191
1736	17781	0.146	0.02	0.1	0.126
1736	17781	0.12	0.02	0.166	0.14
1736	17781	0.098	0.148	0.268	0.246
1736	17781	0.166	0.088	0.186	0.254
1736	17781	0.11	0.378	0.544	0.488
1736	17781	0.096	0.068	0.178	0.164
1736	17781	0.108	0.128	0.224	0.236
1736	17781	0.15	0.23	0.338	0.38
1736	17781	0.091	0.056	0.206	0.147
1736	17781	0.144	0.199	0.29	0.343
1736	17781	0.138	0.04	0.184	0.178
1736	17781	0.104	0.142	0.28	0.246
1736	17781	0.142	0.296	0.4	0.438
1736	17781	0.176	0.06	0.202	0.236
1736	17781	0.14	0.046	0.222	0.186
1736	17781	0.104	0.186	0.326	0.29
1736	17781	0.064	0.044	0.148	0.108
1736	17781	0.214	0.112	0.176	0.326
1736	17781	0.112	0.056	0.158	0.056
1736	17781	0.128	0.046	0.158	0.174
1736	17781	0.126	0.076	0.204	0.202
1736	17781	0.148	0.124	0.25	0.272
1736	17781	0.114	0.02	0.128	0.094
1736	17781	0.14	0.064	0.178	0.204
1736	17781	0.132	0.046	0.186	0.178
1736	17781	0.106	0.068	0.2	0.174
1736	17781	0.122	0.116	0.222	0.238
1736	17781	0.144	0.02	0.142	0.164
1736	17781	0.166	0.032	0.176	0.198
1736	17781	0.154	0.024	0.19	0.178
1736	17781	0.103	0.02	0.174	0.123
1736	17781	0.162	0.024	0.127	0.186
1736	17781	0.113	0.02	0.142	0.093
1736	17781	0.108	0.122	0.235	0.23
1736	17781	0.117	0.085	0.193	0.202
1736	17781	0.14	0.19	0.307	0.33
1736	17781	0.174	0.048	0.188	0.222
1736	17781	0.0	0.0	0.0	0.0
1736	17810	0.366	0.0	0.0	0.0
1736	17810	0.132	0.152	0.214	0.02
1736	17810	0.143	0.302	0.434	0.445
1736	17810	0.107	0.032	0.175	0.139
1736	17810	0.104	0.076	0.183	0.18
1736	17810	0.152	0.07	0.174	0.222
1736	17810	0.121	0.02	0.132	0.101
1736	17810	0.112	0.021	0.142	0.133
1736	17810	0.178	0.04	0.152	0.218
1736	17810	0.137	0.052	0.23	0.189
1736	17810	0.18	0.029	0.166	0.209
1736	17810	0.084	0.186	0.366	0.27
1736	17810	0.098	0.14	0.224	0.238
1736	17810	0.114	0.11	0.208	0.224
1736	17810	0.124	0.166	0.28	0.29
1736	17810	0.106	0.02	0.144	0.126
1736	17810	0.132	0.02	0.086	0.112
1736	17810	0.122	0.02	0.152	0.142
1736	17810	0.186	0.104	0.226	0.29
1736	17810	0.133	0.093	0.093	0.04
1736	17810	0.161	0.084	0.217	0.245
1736	17810	0.108	0.02	0.141	0.088
1736	17810	0.154	0.061	0.169	0.215
1736	17810	0.108	0.068	0.086	0.04
1736	17810	0.142	0.068	0.176	0.21
1736	17810	0.092	0.076	0.218	0.168
1736	17810	0.141	0.048	0.14	0.189
1736	17810	0.139	0.024	0.165	0.163
1736	17810	0.158	0.066	0.073	0.092
1736	17810	0.166	0.052	0.21	0.218
1736	17810	0.0	0.0	0.0	0.0
1736	17810	0.0	0.0	0.0	0.0
1736	17810	0.0	0.0	0.0	0.0
1736	17810	0.0	0.0	0.0	0.0
1736	17810	0.0	0.0	0.0	0.0
1736	17810	0.0	0.0	0.0	0.0
1736	17810	0.0	0.0	0.0	0.0
1736	17810	0.0	0.0	0.0	0.0
1736	17810	0.0	0.0	0.0	0.0
1736	17810	0.0	0.0	0.0	0.0
1736	17810	0.0	0.0	0.0	0.0
1736	17810	0.0	0.0	0.0	0.0
1736	17810	0.0	0.0	0.0	0.0
1736	17810	0.0	0.0	0.0	0.0
1736	17810	0.0	0.0	0.0	0.0
1736	17810	0.0	0.0	0.0	0.0
1736	17810	0.0	0.0	0.0	0.0
1736	17810	0.0	0.0	0.0	0.0
1736	17810	0.0	0.0	0.0	0.0
1736	17810	0.0	0.0	0.0	0.0
1736	17810	0.0	0.0	0.0	0.0
1736	17810	0.0	0.0	0.0	0.0
1736	17810	0.0	0.0	0.0	0.0
1736	17810	0.0	0.0	0.0	0.0
1736	17810	0.0	0.0	0.0	0.0
1736	17810	0.0	0.0	0.0	0.0
1736	17810	0.0	0.0	0.0	0.0
1736	17810	0.0	0.0	0.0	0.0
1736	17810	0.0	0.0	0.0	0.0
1736	17810	0.0	0.0	0.0	0.0
1736	17810	0.0	0.0	0.0	0.0
1736	17810	0.0	0.0	0.0	0.0
1736	17810	0.0	0.0	0.0	0.0
1736	17810	0.0	0.0	0.0	0.0
1736	17810	0.0	0.0	0.0	0.0
1736	17810	0.0	0.0	0.0	0.0
1736	17810	0.0	0.0	0.0	0.0
1736	17810	0.0	0.0	0.0	0.0
1736	17810	0.0	0.0	0.0	0.0
1736	17810	0.0	0.0	0.0	0.0
1736	17816	0.254	0.0	0.0	0.0
1736	17816	0.098	0.064	0.19	0.034
1736	17816	0.189	0.11	0.208	0.299
1736	17816	0.152	0.083	0.106	0.069
1736	17816	0.11	0.02	0.172	0.13
1736	17816	0.118	0.238	0.348	0.356
1736	17816	0.113	0.026	0.144	0.139
1736	17816	0.154	0.033	0.146	0.187
1736	17816	0.144	0.02	0.174	0.164
1736	17816	0.124	0.162	0.306	0.286
1736	17816	0.118	0.02	0.144	0.138
1736	17816	0.157	0.037	0.081	0.12
1736	17816	0.094	0.052	0.209	0.146
1736	17816	0.127	0.068	0.162	0.195
1736	17816	0.11	0.017	0.144	0.127
1736	17816	0.206	0.12	0.23	0.326
1736	17816	0.154	0.032	0.174	0.122
1736	17816	0.116	0.02	0.174	0.136
1736	17816	0.11	0.136	0.252	0.246
1736	17816	0.162	0.052	0.162	0.214
1736	17816	0.14	0.02	0.142	0.12
1736	17816	0.158	0.024	0.164	0.182
1736	17816	0.125	0.031	0.189	0.156
1736	17816	0.246	0.07	0.195	0.316
1736	17816	0.157	0.034	0.212	0.123
1736	17816	0.128	0.019	0.138	0.109
1736	17816	0.182	0.048	0.176	0.23
1736	17816	0.11	0.124	0.306	0.234
1736	17816	0.088	0.02	0.13	0.108
1736	17816	0.098	0.1	0.188	0.198
1736	17816	0.108	0.06	0.158	0.168
1736	17816	0.156	0.078	0.186	0.234
1736	17816	0.114	0.434	0.59	0.548
1736	17816	0.496	0.046	0.068	0.45
1736	17816	0.092	0.148	0.644	0.24
1736	17816	0.52	0.182	0.274	0.702
1736	17816	0.268	0.1	0.42	0.168
1736	17816	0.0	0.0	0.0	0.0
1736	17816	0.0	0.0	0.0	0.0
1736	17816	0.0	0.0	0.0	0.0
1736	17816	0.0	0.0	0.0	0.0
1736	17816	0.0	0.0	0.0	0.0
1736	17816	0.0	0.0	0.0	0.0
1736	17816	0.0	0.0	0.0	0.0
1736	17816	0.0	0.0	0.0	0.0
1736	17816	0.0	0.0	0.0	0.0
1736	17816	0.0	0.0	0.0	0.0
1736	17816	0.0	0.0	0.0	0.0
1736	17816	0.0	0.0	0.0	0.0
1736	17816	0.0	0.0	0.0	0.0
1736	17816	0.0	0.0	0.0	0.0
1736	17816	0.0	0.0	0.0	0.0
1736	17816	0.0	0.0	0.0	0.0
1736	17816	0.0	0.0	0.0	0.0
1736	17816	0.0	0.0	0.0	0.0
1736	17816	0.0	0.0	0.0	0.0
1736	17816	0.0	0.0	0.0	0.0
1736	17816	0.0	0.0	0.0	0.0
1736	17816	0.0	0.0	0.0	0.0
1736	17816	0.0	0.0	0.0	0.0
1736	17816	0.0	0.0	0.0	0.0
1736	17816	0.0	0.0	0.0	0.0
1736	17816	0.0	0.0	0.0	0.0
1736	17816	0.0	0.0	0.0	0.0
1736	17816	0.0	0.0	0.0	0.0
1736	17816	0.0	0.0	0.0	0.0
1736	17816	0.0	0.0	0.0	0.0
1736	17816	0.0	0.0	0.0	0.0
1736	17816	0.0	0.0	0.0	0.0
1736	17816	0.0	0.0	0.0	0.0
1736	17830	0.334	0.0	0.0	0.0
1736	17830	0.104	0.084	0.25	0.02
1736	17830	0.144	0.126	0.23	0.27
1736	17830	0.118	0.02	0.124	0.098
1736	17830	0.14	0.04	0.158	0.18
1736	17830	0.187	0.18	0.32	0.367
1736	17830	0.119	0.069	0.118	0.05
1736	17830	0.148	0.119	0.238	0.267
1736	17830	0.112	0.058	0.206	0.17
1736	17830	0.102	0.236	0.348	0.338
1736	17830	0.11	0.096	0.198	0.206
1736	17830	0.104	0.032	0.142	0.136
1736	17830	0.136	0.116	0.22	0.252
1736	17830	0.147	0.09	0.226	0.237
1736	17830	0.112	0.165	0.312	0.277
1736	17830	0.118	0.096	0.208	0.214
1736	17830	0.145	0.045	0.073	0.1
1736	17830	0.135	0.091	0.236	0.226
1736	17830	0.105	0.02	0.115	0.085
1736	17830	0.084	0.341	0.446	0.425
1736	17830	0.148	0.14	0.224	0.288
1736	17830	0.116	0.038	0.186	0.154
1736	17830	0.131	0.217	0.333	0.348
1736	17830	0.108	0.468	0.599	0.576
1736	17830	0.088	0.106	0.214	0.194
1736	17830	0.15	0.068	0.156	0.218
1736	17830	0.138	0.064	0.214	0.202
1736	17830	0.104	0.064	0.202	0.168
1736	17830	0.14	0.098	0.202	0.238
1736	17830	0.102	0.072	0.212	0.174
1736	17830	0.163	0.048	0.15	0.211
1736	17830	0.164	0.133	0.296	0.297
1736	17830	0.166	0.044	0.12	0.122
1736	17830	0.151	0.121	0.287	0.272
1736	17830	0.1	0.02	0.171	0.12
1736	17830	0.112	0.128	0.228	0.24
1736	17830	0.123	0.022	0.134	0.145
1736	17830	0.122	0.081	0.204	0.203
1736	17830	0.138	0.034	0.156	0.172
1736	17830	0.207	0.062	0.2	0.269
1736	17830	0.114	0.035	0.172	0.079
1736	17830	0.158	0.122	0.236	0.28
1736	17830	0.176	0.052	0.21	0.228
1736	17830	0.146	0.024	0.152	0.122
1736	17830	0.066	0.121	0.267	0.187
1736	17830	0.108	0.065	0.131	0.173
1736	17830	0.134	0.072	0.18	0.206
1736	17830	0.137	0.104	0.238	0.241
1736	17830	0.1	0.044	0.181	0.144
1736	17830	0.15	0.139	0.239	0.289
1736	17830	0.116	0.02	0.17	0.136
1736	17830	0.063	0.266	0.382	0.329
1736	17830	0.134	0.089	0.152	0.223
1736	17830	0.112	0.072	0.206	0.184
1736	17830	0.218	0.126	0.238	0.344
1736	17830	0.139	0.02	0.198	0.119
1736	17830	0.0	0.0	0.0	0.0
1736	17830	0.0	0.0	0.0	0.0
1736	17830	0.0	0.0	0.0	0.0
1736	17830	0.0	0.0	0.0	0.0
1736	17830	0.0	0.0	0.0	0.0
1736	17830	0.0	0.0	0.0	0.0
1736	17830	0.0	0.0	0.0	0.0
1736	17830	0.0	0.0	0.0	0.0
1736	17830	0.0	0.0	0.0	0.0
1736	17830	0.0	0.0	0.0	0.0
1736	17830	0.0	0.0	0.0	0.0
1736	17830	0.0	0.0	0.0	0.0
1736	17830	0.0	0.0	0.0	0.0
1736	17830	0.0	0.0	0.0	0.0
1736	17846	0.488	0.0	0.0	0.0
1736	17846	0.114	0.154	0.334	0.04
1736	17846	0.173	0.315	0.429	0.488
1736	17846	0.127	0.024	0.197	0.151
1736	17846	0.164	0.07	0.197	0.234
1736	17846	0.14	0.359	0.523	0.499
1736	17846	0.126	0.028	0.168	0.154
1736	17846	0.174	0.04	0.166	0.214
1736	17846	0.092	0.02	0.154	0.072
1736	17846	0.134	0.044	0.136	0.178
1736	17846	0.214	0.104	0.238	0.318
1736	17846	0.188	0.056	0.158	0.132
1736	17846	0.154	0.02	0.168	0.134
1736	17846	0.128	0.154	0.308	0.282
1736	17846	0.158	0.06	0.188	0.218
1736	17846	0.11	0.048	0.206	0.158
1736	17846	0.112	0.036	0.146	0.148
1736	17846	1.176	0.15	0.262	1.326
1736	17846	0.148	0.676	0.5	0.528
1736	17846	0.132	0.416	0.564	0.548
1736	17846	0.122	0.247	0.379	0.369
1736	17846	0.133	0.153	0.275	0.286
1736	17846	0.134	0.033	0.166	0.167
1736	17846	0.156	0.084	0.218	0.24
1736	17846	0.0	0.0	0.0	0.0
1736	17846	0.0	0.0	0.0	0.0
1736	17846	0.0	0.0	0.0	0.0
1736	17846	0.0	0.0	0.0	0.0
1736	17846	0.0	0.0	0.0	0.0
1736	17846	0.0	0.0	0.0	0.0
1736	17846	0.0	0.0	0.0	0.0
1736	17846	0.0	0.0	0.0	0.0
1736	17846	0.0	0.0	0.0	0.0
1736	17846	0.0	0.0	0.0	0.0
1736	17846	0.0	0.0	0.0	0.0
1736	17846	0.0	0.0	0.0	0.0
1736	17846	0.0	0.0	0.0	0.0
1736	17846	0.0	0.0	0.0	0.0
1736	17846	0.0	0.0	0.0	0.0
1736	17846	0.0	0.0	0.0	0.0
1736	17846	0.0	0.0	0.0	0.0
1736	17846	0.0	0.0	0.0	0.0
1736	17846	0.0	0.0	0.0	0.0
1736	17846	0.0	0.0	0.0	0.0
1736	17846	0.0	0.0	0.0	0.0
1736	17846	0.0	0.0	0.0	0.0
1736	17846	0.0	0.0	0.0	0.0
1736	17846	0.0	0.0	0.0	0.0
1736	17846	0.0	0.0	0.0	0.0
1736	17846	0.0	0.0	0.0	0.0
1736	17846	0.0	0.0	0.0	0.0
1736	17846	0.0	0.0	0.0	0.0
1736	17846	0.0	0.0	0.0	0.0
1736	17846	0.0	0.0	0.0	0.0
1736	17846	0.0	0.0	0.0	0.0
1736	17846	0.0	0.0	0.0	0.0
1736	17846	0.0	0.0	0.0	0.0
1736	17846	0.0	0.0	0.0	0.0
1736	17846	0.0	0.0	0.0	0.0
1736	17846	0.0	0.0	0.0	0.0
1736	17846	0.0	0.0	0.0	0.0
1736	17846	0.0	0.0	0.0	0.0
1736	17846	0.0	0.0	0.0	0.0
1736	17846	0.0	0.0	0.0	0.0
1736	17846	0.0	0.0	0.0	0.0
1736	17846	0.0	0.0	0.0	0.0
1736	17846	0.0	0.0	0.0	0.0
1736	17846	0.0	0.0	0.0	0.0
1736	17846	0.0	0.0	0.0	0.0
1736	17846	0.0	0.0	0.0	0.0
