PARTICIPANT_ID	TEST_SECTION_ID	HOLD_LATENCY	INTERKEY_LATENCY	PRESS_LATENCY	RELEASE_LATENCY
1742	17762	0.179	0.0	0.0	0.0
1742	17762	0.092	0.061	0.118	0.031
1742	17762	0.064	0.016	0.076	0.048
1742	17762	0.093	0.097	0.161	0.19
1742	17762	0.111	0.045	0.048	0.066
1742	17762	0.112	0.032	0.143	0.144
1742	17762	0.096	0.016	0.128	0.112
1742	17762	0.112	0.032	0.128	0.144
1742	17762	0.096	0.016	0.128	0.112
1742	17762	0.081	0.08	0.176	0.161
1742	17762	0.079	0.016	0.097	0.095
1742	17762	0.047	0.017	0.096	0.064
1742	17762	0.081	0.048	0.095	0.129
1742	17762	0.047	0.0	0.081	0.047
1742	17762	0.096	0.192	0.239	0.288
1742	17762	0.145	0.032	0.064	0.113
1742	17762	0.08	0.079	0.224	0.159
1742	17762	0.096	0.049	0.129	0.145
1742	17762	0.063	0.032	0.128	0.095
1742	17762	0.128	0.032	0.095	0.16
1742	17762	0.079	0.047	0.081	0.032
1742	17762	0.065	0.032	0.111	0.097
1742	17762	0.084	0.017	0.048	0.067
1742	17762	0.079	0.018	0.066	0.061
1742	17762	0.078	0.001	0.08	0.079
1742	17762	0.064	0.016	0.094	0.08
1742	17762	0.044	0.261	0.325	0.305
1742	17762	0.064	0.096	0.14	0.16
1742	17762	0.095	0.0	0.064	0.095
1742	17762	0.096	0.032	0.063	0.064
1742	17762	0.016	0.288	0.384	0.304
1742	17762	0.08	0.096	0.112	0.176
1742	17762	0.111	0.015	0.065	0.096
1742	17762	0.08	0.048	0.063	0.032
1742	17762	0.047	0.031	0.049	0.016
1742	17762	0.048	0.128	0.175	0.176
1742	17762	0.096	0.0	0.048	0.096
1742	17762	0.08	0.032	0.128	0.112
1742	17762	0.097	0.128	0.208	0.225
1742	17762	0.144	0.096	0.193	0.24
1742	17762	0.047	0.112	0.032	0.065
1742	17762	0.079	0.434	0.481	0.513
1742	17762	0.046	0.082	0.161	0.128
1742	17762	0.078	0.13	0.176	0.208
1742	17762	0.048	0.096	0.174	0.144
1742	17762	0.079	0.065	0.113	0.144
1742	17762	0.064	0.015	0.094	0.079
1742	17762	0.102	0.033	0.097	0.135
1742	17762	0.079	0.02	0.082	0.059
1742	17762	0.062	0.001	0.08	0.063
1742	17762	0.064	0.031	0.093	0.095
1742	17762	0.079	0.031	0.033	0.048
1742	17762	0.063	0.049	0.128	0.112
1742	17762	0.077	0.099	0.162	0.176
1742	17762	0.079	0.033	0.11	0.112
1742	17762	0.16	0.016	0.063	0.144
1742	17762	0.033	0.321	0.481	0.354
1742	17762	0.063	0.111	0.144	0.174
1742	17762	0.064	0.097	0.16	0.161
1742	17762	0.048	0.096	0.16	0.144
1742	17762	0.063	0.081	0.129	0.144
1742	17762	0.062	0.017	0.08	0.079
1742	17762	0.047	0.065	0.127	0.112
1742	17762	0.098	0.033	0.08	0.131
1742	17762	0.108	0.002	0.1	0.11
1742	17762	0.08	0.032	0.14	0.112
1742	17762	0.077	0.002	0.082	0.079
1742	17762	0.177	0.033	0.11	0.21
1742	17762	0.048	0.239	0.416	0.287
1742	17762	0.063	0.112	0.16	0.175
1742	17777	0.366	0.0	0.0	0.0
1742	17777	0.062	0.093	0.273	0.031
1742	17777	0.112	0.016	0.078	0.128
1742	17777	0.128	0.24	0.352	0.368
1742	17777	0.113	0.016	0.112	0.097
1742	17777	0.065	0.033	0.08	0.032
1742	17777	0.065	0.079	0.144	0.144
1742	17777	0.063	0.0	0.065	0.063
1742	17777	0.047	0.097	0.16	0.144
1742	17777	0.095	0.001	0.048	0.096
1742	17777	0.066	0.016	0.111	0.082
1742	17777	0.071	0.009	0.075	0.08
1742	17777	0.126	0.0	0.071	0.126
1742	17777	0.16	0.064	0.19	0.224
1742	17777	0.129	0.046	0.114	0.083
1742	17777	0.059	0.002	0.131	0.061
1742	17777	0.111	0.066	0.125	0.177
1742	17777	0.123	0.004	0.115	0.127
1742	17777	0.047	0.016	0.107	0.031
1742	17777	0.063	0.162	0.209	0.225
1742	17777	0.0	0.0	0.0	0.0
1742	17777	0.0	0.0	0.0	0.0
1742	17777	0.0	0.0	0.0	0.0
1742	17777	0.0	0.0	0.0	0.0
1742	17777	0.0	0.0	0.0	0.0
1742	17777	0.0	0.0	0.0	0.0
1742	17777	0.0	0.0	0.0	0.0
1742	17777	0.0	0.0	0.0	0.0
1742	17777	0.0	0.0	0.0	0.0
1742	17777	0.0	0.0	0.0	0.0
1742	17777	0.0	0.0	0.0	0.0
1742	17777	0.0	0.0	0.0	0.0
1742	17777	0.0	0.0	0.0	0.0
1742	17777	0.0	0.0	0.0	0.0
1742	17777	0.0	0.0	0.0	0.0
1742	17777	0.0	0.0	0.0	0.0
1742	17777	0.0	0.0	0.0	0.0
1742	17777	0.0	0.0	0.0	0.0
1742	17777	0.0	0.0	0.0	0.0
1742	17777	0.0	0.0	0.0	0.0
1742	17777	0.0	0.0	0.0	0.0
1742	17777	0.0	0.0	0.0	0.0
1742	17777	0.0	0.0	0.0	0.0
1742	17777	0.0	0.0	0.0	0.0
1742	17777	0.0	0.0	0.0	0.0
1742	17777	0.0	0.0	0.0	0.0
1742	17777	0.0	0.0	0.0	0.0
1742	17777	0.0	0.0	0.0	0.0
1742	17777	0.0	0.0	0.0	0.0
1742	17777	0.0	0.0	0.0	0.0
1742	17777	0.0	0.0	0.0	0.0
1742	17777	0.0	0.0	0.0	0.0
1742	17777	0.0	0.0	0.0	0.0
1742	17777	0.0	0.0	0.0	0.0
1742	17777	0.0	0.0	0.0	0.0
1742	17777	0.0	0.0	0.0	0.0
1742	17777	0.0	0.0	0.0	0.0
1742	17777	0.0	0.0	0.0	0.0
1742	17777	0.0	0.0	0.0	0.0
1742	17777	0.0	0.0	0.0	0.0
1742	17777	0.0	0.0	0.0	0.0
1742	17777	0.0	0.0	0.0	0.0
1742	17777	0.0	0.0	0.0	0.0
1742	17777	0.0	0.0	0.0	0.0
1742	17777	0.0	0.0	0.0	0.0
1742	17777	0.0	0.0	0.0	0.0
1742	17777	0.0	0.0	0.0	0.0
1742	17777	0.0	0.0	0.0	0.0
1742	17777	0.0	0.0	0.0	0.0
1742	17777	0.0	0.0	0.0	0.0
1742	17778	0.209	0.0	0.0	0.0
1742	17778	0.046	0.111	0.098	0.065
1742	17778	0.098	0.065	0.111	0.163
1742	17778	0.076	0.001	0.099	0.077
1742	17778	0.047	0.001	0.077	0.048
1742	17778	0.064	0.096	0.143	0.16
1742	17778	0.08	0.08	0.144	0.16
1742	17778	0.079	0.001	0.081	0.08
1742	17778	0.081	0.0	0.079	0.081
1742	17778	0.079	0.0	0.081	0.079
1742	17778	0.096	0.032	0.047	0.064
1742	17778	0.065	0.064	0.16	0.129
1742	17778	0.048	0.0	0.065	0.048
1742	17778	0.064	0.095	0.143	0.159
1742	17778	0.079	0.001	0.065	0.08
1742	17778	0.062	0.05	0.129	0.112
1742	17778	0.092	0.004	0.066	0.096
1742	17778	0.113	0.032	0.06	0.081
1742	17778	0.095	0.016	0.097	0.079
1742	17778	0.096	0.016	0.079	0.08
1742	17778	0.08	0.032	0.064	0.048
1742	17778	0.096	0.032	0.112	0.128
1742	17778	0.064	0.016	0.08	0.048
1742	17778	0.08	0.048	0.112	0.128
1742	17778	0.112	0.016	0.096	0.128
1742	17778	0.111	0.047	0.065	0.064
1742	17778	0.064	0.048	0.159	0.112
1742	17778	0.081	0.112	0.176	0.193
1742	17778	0.064	0.095	0.176	0.159
1742	17778	0.143	0.001	0.065	0.144
1742	17778	0.063	0.001	0.144	0.064
1742	17778	0.11	0.002	0.065	0.112
1742	17778	0.128	0.016	0.094	0.112
1742	17778	0.096	0.048	0.08	0.048
1742	17778	0.127	0.001	0.097	0.128
1742	17778	0.079	0.033	0.16	0.112
1742	17778	0.06	0.131	0.21	0.191
1742	17778	0.096	0.017	0.077	0.113
1742	17778	0.08	0.016	0.112	0.096
1742	17778	0.121	0.016	0.064	0.105
1742	17778	0.003	0.188	0.309	0.191
1742	17778	0.047	0.297	0.3	0.344
1742	17778	0.065	0.032	0.079	0.097
1742	17778	0.045	0.051	0.116	0.096
1742	17778	0.113	0.032	0.077	0.145
1742	17778	0.064	0.03	0.143	0.094
1742	17778	0.064	0.097	0.161	0.161
1742	17778	0.112	0.031	0.095	0.143
1742	17778	0.064	0.001	0.113	0.065
1742	17778	0.089	0.166	0.23	0.255
1742	17778	0.032	0.305	0.394	0.337
1742	17778	0.048	0.095	0.127	0.143
1742	17778	0.063	0.097	0.145	0.16
1742	17778	0.079	0.001	0.064	0.08
1742	17778	0.079	0.065	0.144	0.144
1742	17778	0.02	0.114	0.193	0.134
1742	17778	0.064	0.122	0.142	0.186
1742	17778	0.064	0.016	0.08	0.08
1742	17778	0.032	0.05	0.114	0.082
1742	17778	0.065	0.014	0.046	0.079
1742	17778	0.095	0.08	0.145	0.175
1742	17778	0.0	0.0	0.0	0.0
1742	17778	0.0	0.0	0.0	0.0
1742	17778	0.0	0.0	0.0	0.0
1742	17778	0.0	0.0	0.0	0.0
1742	17778	0.0	0.0	0.0	0.0
1742	17778	0.0	0.0	0.0	0.0
1742	17778	0.0	0.0	0.0	0.0
1742	17778	0.0	0.0	0.0	0.0
1742	17778	0.0	0.0	0.0	0.0
1742	17787	0.622	0.0	0.0	0.0
1742	17787	0.111	0.063	0.559	0.048
1742	17787	0.048	0.016	0.095	0.032
1742	17787	0.048	0.112	0.16	0.16
1742	17787	0.08	0.048	0.096	0.128
1742	17787	0.064	0.064	0.144	0.128
1742	17787	0.079	0.017	0.081	0.096
1742	17787	0.078	0.081	0.16	0.159
1742	17787	0.08	0.031	0.047	0.049
1742	17787	0.161	0.0	0.08	0.161
1742	17787	0.048	0.128	0.289	0.176
1742	17787	0.048	0.112	0.16	0.16
1742	17787	0.112	0.095	0.143	0.207
1742	17787	0.128	0.032	0.08	0.096
1742	17787	0.176	0.016	0.112	0.16
1742	17787	0.081	0.016	0.16	0.065
1742	17787	0.144	0.159	0.24	0.303
1742	17787	0.095	0.081	0.225	0.176
1742	17787	0.049	0.064	0.159	0.113
1742	17787	0.063	0.08	0.129	0.143
1742	17787	0.081	0.016	0.047	0.065
1742	17787	0.064	0.048	0.129	0.112
1742	17787	0.094	0.113	0.177	0.207
1742	17787	0.078	0.098	0.192	0.176
1742	17787	0.062	0.402	0.48	0.464
1742	17787	0.064	0.128	0.19	0.192
1742	17787	0.08	0.08	0.144	0.16
1742	17787	0.08	0.032	0.112	0.112
1742	17787	0.08	0.016	0.064	0.064
1742	17787	0.095	0.033	0.113	0.128
1742	17787	0.08	0.0	0.095	0.08
1742	17787	0.08	0.128	0.208	0.208
1742	17787	0.049	0.256	0.336	0.305
1742	17787	0.129	0.001	0.05	0.13
1742	17787	0.11	0.017	0.112	0.093
1742	17787	0.112	0.016	0.094	0.096
1742	17787	0.049	0.048	0.16	0.097
1742	17787	0.111	0.0	0.049	0.111
1742	17787	0.048	0.08	0.191	0.128
1742	17787	0.063	0.129	0.177	0.192
1742	17787	0.081	0.016	0.079	0.097
1742	17787	0.081	0.063	0.144	0.144
1742	17787	0.0	0.0	0.0	0.0
1742	17787	0.0	0.0	0.0	0.0
1742	17787	0.0	0.0	0.0	0.0
1742	17787	0.0	0.0	0.0	0.0
1742	17787	0.0	0.0	0.0	0.0
1742	17787	0.0	0.0	0.0	0.0
1742	17787	0.0	0.0	0.0	0.0
1742	17787	0.0	0.0	0.0	0.0
1742	17787	0.0	0.0	0.0	0.0
1742	17787	0.0	0.0	0.0	0.0
1742	17787	0.0	0.0	0.0	0.0
1742	17787	0.0	0.0	0.0	0.0
1742	17787	0.0	0.0	0.0	0.0
1742	17787	0.0	0.0	0.0	0.0
1742	17787	0.0	0.0	0.0	0.0
1742	17787	0.0	0.0	0.0	0.0
1742	17787	0.0	0.0	0.0	0.0
1742	17787	0.0	0.0	0.0	0.0
1742	17787	0.0	0.0	0.0	0.0
1742	17787	0.0	0.0	0.0	0.0
1742	17787	0.0	0.0	0.0	0.0
1742	17787	0.0	0.0	0.0	0.0
1742	17787	0.0	0.0	0.0	0.0
1742	17787	0.0	0.0	0.0	0.0
1742	17787	0.0	0.0	0.0	0.0
1742	17787	0.0	0.0	0.0	0.0
1742	17787	0.0	0.0	0.0	0.0
1742	17787	0.0	0.0	0.0	0.0
1742	17796	0.432	0.0	0.0	0.0
1742	17796	0.062	0.144	0.288	0.082
1742	17796	0.097	0.064	0.126	0.161
1742	17796	0.16	0.017	0.08	0.143
1742	17796	0.127	0.048	0.112	0.079
1742	17796	0.063	0.095	0.032	0.032
1742	17796	0.064	0.016	0.079	0.08
1742	17796	0.096	0.032	0.096	0.128
1742	17796	0.047	0.001	0.097	0.048
1742	17796	0.095	0.018	0.065	0.113
1742	17796	0.078	0.001	0.096	0.079
1742	17796	0.096	0.016	0.062	0.08
1742	17796	0.048	0.016	0.08	0.032
1742	17796	0.095	0.049	0.097	0.144
1742	17796	0.095	0.015	0.08	0.08
1742	17796	0.079	0.015	0.08	0.064
1742	17796	0.112	0.033	0.112	0.145
1742	17796	0.063	0.032	0.144	0.095
1742	17796	0.063	0.113	0.176	0.176
1742	17796	0.112	0.016	0.079	0.128
1742	17796	0.095	0.001	0.113	0.096
1742	17796	0.081	0.016	0.079	0.065
1742	17796	0.095	0.064	0.145	0.159
1742	17796	0.081	0.032	0.127	0.113
1742	17796	0.064	0.016	0.097	0.08
1742	17796	0.095	0.032	0.096	0.127
1742	17796	0.208	0.031	0.064	0.177
1742	17796	0.031	0.338	0.546	0.369
1742	17796	0.078	0.129	0.16	0.207
1742	17796	0.11	0.001	0.079	0.111
1742	17796	0.062	0.098	0.208	0.16
1742	17796	0.097	0.13	0.192	0.227
1742	17796	0.079	0.018	0.079	0.061
1742	17796	0.128	0.016	0.063	0.112
1742	17796	0.097	0.064	0.192	0.161
1742	17796	0.079	0.017	0.114	0.096
1742	17796	0.0	0.0	0.0	0.0
1742	17796	0.0	0.0	0.0	0.0
1742	17796	0.0	0.0	0.0	0.0
1742	17796	0.0	0.0	0.0	0.0
1742	17796	0.0	0.0	0.0	0.0
1742	17796	0.0	0.0	0.0	0.0
1742	17796	0.0	0.0	0.0	0.0
1742	17796	0.0	0.0	0.0	0.0
1742	17796	0.0	0.0	0.0	0.0
1742	17796	0.0	0.0	0.0	0.0
1742	17796	0.0	0.0	0.0	0.0
1742	17796	0.0	0.0	0.0	0.0
1742	17796	0.0	0.0	0.0	0.0
1742	17796	0.0	0.0	0.0	0.0
1742	17796	0.0	0.0	0.0	0.0
1742	17796	0.0	0.0	0.0	0.0
1742	17796	0.0	0.0	0.0	0.0
1742	17796	0.0	0.0	0.0	0.0
1742	17796	0.0	0.0	0.0	0.0
1742	17796	0.0	0.0	0.0	0.0
1742	17796	0.0	0.0	0.0	0.0
1742	17796	0.0	0.0	0.0	0.0
1742	17796	0.0	0.0	0.0	0.0
1742	17796	0.0	0.0	0.0	0.0
1742	17796	0.0	0.0	0.0	0.0
1742	17796	0.0	0.0	0.0	0.0
1742	17796	0.0	0.0	0.0	0.0
1742	17796	0.0	0.0	0.0	0.0
1742	17796	0.0	0.0	0.0	0.0
1742	17796	0.0	0.0	0.0	0.0
1742	17796	0.0	0.0	0.0	0.0
1742	17796	0.0	0.0	0.0	0.0
1742	17796	0.0	0.0	0.0	0.0
1742	17796	0.0	0.0	0.0	0.0
1742	17802	0.415	0.0	0.0	0.0
1742	17802	0.047	0.095	0.32	0.048
1742	17802	0.128	0.08	0.127	0.208
1742	17802	0.112	0.049	0.177	0.161
1742	17802	0.08	0.017	0.095	0.063
1742	17802	0.129	0.032	0.048	0.097
1742	17802	0.112	0.033	0.096	0.079
1742	17802	0.064	0.016	0.096	0.048
1742	17802	0.064	0.112	0.176	0.176
1742	17802	0.16	0.048	0.112	0.208
1742	17802	0.08	0.047	0.113	0.033
1742	17802	0.096	0.017	0.063	0.079
1742	17802	0.097	0.016	0.08	0.081
1742	17802	0.096	0.016	0.081	0.08
1742	17802	0.062	0.049	0.145	0.111
1742	17802	0.079	0.113	0.175	0.192
1742	17802	0.077	0.004	0.083	0.081
1742	17802	0.096	0.0	0.077	0.096
1742	17802	0.128	0.015	0.111	0.143
1742	17802	0.08	0.064	0.064	0.016
1742	17802	0.08	0.016	0.064	0.064
1742	17802	0.064	0.064	0.144	0.128
1742	17802	0.083	0.016	0.048	0.067
1742	17802	0.112	0.045	0.128	0.157
1742	17802	0.079	0.065	0.177	0.144
1742	17802	0.048	0.161	0.24	0.209
1742	17802	0.048	0.242	0.29	0.29
1742	17802	0.064	0.158	0.206	0.222
1742	17802	0.112	0.064	0.128	0.176
1742	17802	0.095	0.08	0.192	0.175
1742	17802	0.08	0.048	0.047	0.032
1742	17802	0.078	0.626	0.706	0.704
1742	17802	0.08	0.064	0.142	0.144
1742	17802	0.098	0.016	0.096	0.114
1742	17802	0.093	0.001	0.099	0.094
1742	17802	0.065	0.016	0.109	0.081
1742	17802	0.112	0.015	0.08	0.127
1742	17802	0.076	0.003	0.115	0.079
1742	17802	0.129	0.015	0.061	0.114
1742	17802	0.062	0.001	0.13	0.063
1742	17802	0.048	0.289	0.351	0.337
1742	17802	0.064	0.16	0.208	0.224
1742	17802	0.035	0.096	0.16	0.131
1742	17802	0.074	0.002	0.037	0.076
1742	17802	0.112	0.112	0.186	0.224
1742	17802	0.063	0.001	0.113	0.064
1742	17802	0.144	0.048	0.015	0.096
1742	17802	0.0	0.0	0.0	0.0
1742	17802	0.0	0.0	0.0	0.0
1742	17802	0.0	0.0	0.0	0.0
1742	17802	0.0	0.0	0.0	0.0
1742	17802	0.0	0.0	0.0	0.0
1742	17802	0.0	0.0	0.0	0.0
1742	17802	0.0	0.0	0.0	0.0
1742	17802	0.0	0.0	0.0	0.0
1742	17802	0.0	0.0	0.0	0.0
1742	17802	0.0	0.0	0.0	0.0
1742	17802	0.0	0.0	0.0	0.0
1742	17802	0.0	0.0	0.0	0.0
1742	17802	0.0	0.0	0.0	0.0
1742	17802	0.0	0.0	0.0	0.0
1742	17802	0.0	0.0	0.0	0.0
1742	17802	0.0	0.0	0.0	0.0
1742	17802	0.0	0.0	0.0	0.0
1742	17802	0.0	0.0	0.0	0.0
1742	17802	0.0	0.0	0.0	0.0
1742	17802	0.0	0.0	0.0	0.0
1742	17802	0.0	0.0	0.0	0.0
1742	17802	0.0	0.0	0.0	0.0
1742	17802	0.0	0.0	0.0	0.0
1742	17812	0.32	0.0	0.0	0.0
1742	17812	0.06	0.124	0.196	0.064
1742	17812	0.1	0.048	0.108	0.148
1742	17812	0.079	0.019	0.081	0.06
1742	17812	0.097	0.016	0.063	0.081
1742	17812	0.062	0.001	0.098	0.063
1742	17812	0.064	0.08	0.142	0.144
1742	17812	0.065	0.016	0.048	0.049
1742	17812	0.129	0.031	0.096	0.16
1742	17812	0.096	0.001	0.13	0.097
1742	17812	0.057	0.004	0.1	0.061
1742	17812	0.079	0.017	0.074	0.096
1742	17812	0.081	0.129	0.208	0.21
1742	17812	0.062	0.0	0.081	0.062
1742	17812	0.133	0.065	0.127	0.198
1742	17812	0.126	0.019	0.114	0.107
1742	17812	0.096	0.016	0.11	0.08
1742	17812	0.08	0.016	0.08	0.064
1742	17812	0.11	0.05	0.13	0.16
1742	17812	0.128	0.144	0.254	0.272
1742	17812	0.08	0.064	0.064	0.016
1742	17812	0.082	0.096	0.176	0.178
1742	17812	0.111	0.017	0.065	0.094
1742	17812	0.079	0.031	0.08	0.048
1742	17812	0.064	0.016	0.095	0.08
1742	17812	0.078	0.098	0.162	0.176
1742	17812	0.095	0.081	0.159	0.176
1742	17812	0.078	0.05	0.145	0.128
1742	17812	0.129	0.016	0.062	0.113
1742	17812	0.082	0.033	0.096	0.049
1742	17812	0.095	0.017	0.065	0.078
1742	17812	0.063	0.0	0.095	0.063
1742	17812	0.115	0.033	0.096	0.148
1742	17812	0.113	0.019	0.096	0.094
1742	17812	0.079	0.032	0.081	0.047
1742	17812	0.112	0.144	0.223	0.256
1742	17812	0.08	0.369	0.481	0.449
1742	17812	0.104	0.048	0.128	0.152
1742	17812	0.076	0.022	0.082	0.054
1742	17812	0.128	0.048	0.124	0.176
1742	17812	0.0	0.0	0.0	0.0
1742	17812	0.0	0.0	0.0	0.0
1742	17812	0.0	0.0	0.0	0.0
1742	17812	0.0	0.0	0.0	0.0
1742	17812	0.0	0.0	0.0	0.0
1742	17812	0.0	0.0	0.0	0.0
1742	17812	0.0	0.0	0.0	0.0
1742	17812	0.0	0.0	0.0	0.0
1742	17812	0.0	0.0	0.0	0.0
1742	17812	0.0	0.0	0.0	0.0
1742	17812	0.0	0.0	0.0	0.0
1742	17812	0.0	0.0	0.0	0.0
1742	17812	0.0	0.0	0.0	0.0
1742	17812	0.0	0.0	0.0	0.0
1742	17812	0.0	0.0	0.0	0.0
1742	17812	0.0	0.0	0.0	0.0
1742	17812	0.0	0.0	0.0	0.0
1742	17812	0.0	0.0	0.0	0.0
1742	17812	0.0	0.0	0.0	0.0
1742	17812	0.0	0.0	0.0	0.0
1742	17812	0.0	0.0	0.0	0.0
1742	17812	0.0	0.0	0.0	0.0
1742	17812	0.0	0.0	0.0	0.0
1742	17812	0.0	0.0	0.0	0.0
1742	17812	0.0	0.0	0.0	0.0
1742	17812	0.0	0.0	0.0	0.0
1742	17812	0.0	0.0	0.0	0.0
1742	17812	0.0	0.0	0.0	0.0
1742	17812	0.0	0.0	0.0	0.0
1742	17812	0.0	0.0	0.0	0.0
1742	17817	0.224	0.0	0.0	0.0
1742	17817	0.111	0.032	0.192	0.079
1742	17817	0.113	0.047	0.064	0.066
1742	17817	0.062	0.032	0.145	0.094
1742	17817	0.063	0.015	0.047	0.048
1742	17817	0.064	0.032	0.095	0.096
1742	17817	0.08	0.032	0.096	0.112
1742	17817	0.064	0.016	0.096	0.08
1742	17817	0.109	0.051	0.115	0.16
1742	17817	0.077	0.323	0.432	0.4
1742	17817	0.064	0.048	0.125	0.112
1742	17817	0.065	0.064	0.128	0.129
1742	17817	0.064	0.08	0.145	0.144
1742	17817	0.064	0.015	0.079	0.079
1742	17817	0.063	0.034	0.098	0.097
1742	17817	0.063	0.016	0.047	0.047
1742	17817	0.128	0.016	0.079	0.144
1742	17817	0.128	0.016	0.112	0.112
1742	17817	0.175	0.031	0.097	0.144
1742	17817	0.018	0.046	0.129	0.028
1742	17817	0.138	0.06	0.078	0.198
1742	17817	0.078	0.023	0.115	0.055
1742	17817	0.08	0.031	0.109	0.111
1742	17817	0.11	0.067	0.147	0.177
1742	17817	0.224	0.079	0.189	0.303
1742	17817	0.145	0.062	0.162	0.083
1742	17817	0.046	0.017	0.128	0.029
1742	17817	0.112	0.128	0.174	0.24
1742	17817	0.065	0.032	0.144	0.097
1742	17817	0.096	0.111	0.176	0.207
1742	17817	0.063	0.017	0.113	0.08
1742	17817	0.079	0.129	0.192	0.208
1742	17817	0.096	0.032	0.111	0.128
1742	17817	0.24	0.064	0.032	0.176
1742	17817	0.063	0.08	0.16	0.017
1742	17817	0.032	0.353	0.416	0.385
1742	17817	0.047	0.224	0.256	0.271
1742	17817	0.127	0.033	0.08	0.16
1742	17817	0.08	0.017	0.144	0.097
1742	17817	0.111	0.016	0.064	0.095
1742	17817	0.144	0.015	0.096	0.129
1742	17817	0.064	0.032	0.112	0.032
1742	17817	0.08	0.016	0.08	0.096
1742	17817	0.08	0.016	0.096	0.096
1742	17817	0.097	0.0	0.08	0.097
1742	17817	0.094	0.177	0.274	0.271
1742	17817	0.112	0.048	0.142	0.16
1742	17817	0.063	0.017	0.129	0.08
1742	17817	0.128	0.096	0.159	0.224
1742	17817	0.095	0.001	0.129	0.096
1742	17817	0.08	0.033	0.128	0.113
1742	17817	0.096	0.015	0.095	0.111
1742	17817	0.063	0.033	0.129	0.096
1742	17817	0.079	0.032	0.095	0.111
1742	17817	0.142	0.131	0.21	0.273
1742	17817	0.09	0.005	0.147	0.095
1742	17817	0.031	0.033	0.123	0.064
1742	17817	0.128	0.193	0.224	0.321
1742	17817	0.175	0.032	0.096	0.143
1742	17817	0.176	0.095	0.08	0.081
1742	17817	0.079	0.0	0.176	0.079
1742	17817	0.08	0.049	0.128	0.129
1742	17817	0.079	0.016	0.096	0.095
1742	17817	0.096	0.017	0.096	0.113
1742	17817	0.112	0.064	0.16	0.176
1742	17817	0.093	0.002	0.114	0.095
1742	17817	0.08	0.113	0.206	0.193
1742	17817	0.0	0.0	0.0	0.0
1742	17817	0.0	0.0	0.0	0.0
1742	17817	0.0	0.0	0.0	0.0
1742	17828	0.257	0.0	0.0	0.0
1742	17828	0.065	0.081	0.176	0.016
1742	17828	0.1	0.032	0.097	0.132
1742	17828	0.063	0.02	0.08	0.043
1742	17828	0.065	0.016	0.079	0.081
1742	17828	0.033	0.079	0.144	0.112
1742	17828	0.082	0.111	0.144	0.193
1742	17828	0.079	0.017	0.065	0.062
1742	17828	0.064	0.048	0.127	0.112
1742	17828	0.096	0.048	0.112	0.144
1742	17828	0.081	0.016	0.08	0.065
1742	17828	0.208	0.048	0.129	0.256
1742	17828	0.078	0.094	0.114	0.016
1742	17828	0.126	0.001	0.079	0.127
1742	17828	0.176	0.048	0.174	0.224
1742	17828	0.045	0.387	0.563	0.432
1742	17828	0.16	0.016	0.061	0.176
1742	17828	0.144	0.064	0.096	0.08
1742	17828	0.081	0.064	0.08	0.017
1742	17828	0.062	0.033	0.114	0.095
1742	17828	0.097	0.032	0.094	0.129
1742	17828	0.08	0.017	0.08	0.063
1742	17828	0.096	0.001	0.081	0.097
1742	17828	0.111	0.144	0.24	0.255
1742	17828	0.0	0.0	0.0	0.0
1742	17828	0.0	0.0	0.0	0.0
1742	17828	0.0	0.0	0.0	0.0
1742	17828	0.0	0.0	0.0	0.0
1742	17828	0.0	0.0	0.0	0.0
1742	17828	0.0	0.0	0.0	0.0
1742	17828	0.0	0.0	0.0	0.0
1742	17828	0.0	0.0	0.0	0.0
1742	17828	0.0	0.0	0.0	0.0
1742	17828	0.0	0.0	0.0	0.0
1742	17828	0.0	0.0	0.0	0.0
1742	17828	0.0	0.0	0.0	0.0
1742	17828	0.0	0.0	0.0	0.0
1742	17828	0.0	0.0	0.0	0.0
1742	17828	0.0	0.0	0.0	0.0
1742	17828	0.0	0.0	0.0	0.0
1742	17828	0.0	0.0	0.0	0.0
1742	17828	0.0	0.0	0.0	0.0
1742	17828	0.0	0.0	0.0	0.0
1742	17828	0.0	0.0	0.0	0.0
1742	17828	0.0	0.0	0.0	0.0
1742	17828	0.0	0.0	0.0	0.0
1742	17828	0.0	0.0	0.0	0.0
1742	17828	0.0	0.0	0.0	0.0
1742	17828	0.0	0.0	0.0	0.0
1742	17828	0.0	0.0	0.0	0.0
1742	17828	0.0	0.0	0.0	0.0
1742	17828	0.0	0.0	0.0	0.0
1742	17828	0.0	0.0	0.0	0.0
1742	17828	0.0	0.0	0.0	0.0
1742	17828	0.0	0.0	0.0	0.0
1742	17828	0.0	0.0	0.0	0.0
1742	17828	0.0	0.0	0.0	0.0
1742	17828	0.0	0.0	0.0	0.0
1742	17828	0.0	0.0	0.0	0.0
1742	17828	0.0	0.0	0.0	0.0
1742	17828	0.0	0.0	0.0	0.0
1742	17828	0.0	0.0	0.0	0.0
1742	17828	0.0	0.0	0.0	0.0
1742	17828	0.0	0.0	0.0	0.0
1742	17828	0.0	0.0	0.0	0.0
1742	17828	0.0	0.0	0.0	0.0
1742	17828	0.0	0.0	0.0	0.0
1742	17828	0.0	0.0	0.0	0.0
1742	17828	0.0	0.0	0.0	0.0
1742	17828	0.0	0.0	0.0	0.0
1742	17832	0.385	0.0	0.0	0.0
1742	17832	0.064	0.08	0.305	0.016
1742	17832	0.078	0.048	0.112	0.126
1742	17832	0.144	0.047	0.031	0.097
1742	17832	0.144	0.016	0.128	0.128
1742	17832	0.048	0.112	0.032	0.064
1742	17832	0.064	0.176	0.224	0.24
1742	17832	0.096	0.032	0.096	0.128
1742	17832	0.096	0.016	0.08	0.08
1742	17832	0.096	0.032	0.128	0.128
1742	17832	0.112	0.016	0.08	0.096
1742	17832	0.064	0.016	0.096	0.048
1742	17832	0.048	0.096	0.16	0.144
1742	17832	0.095	0.015	0.033	0.08
1742	17832	0.047	0.113	0.208	0.16
1742	17832	0.144	0.048	0.095	0.192
1742	17832	0.08	0.032	0.112	0.048
1742	17832	0.096	0.032	0.112	0.128
1742	17832	0.128	0.016	0.08	0.112
1742	17832	0.031	0.001	0.129	0.032
1742	17832	0.079	0.081	0.112	0.16
1742	17832	0.08	0.064	0.143	0.144
1742	17832	0.046	0.306	0.386	0.352
1742	17832	0.061	0.146	0.192	0.207
1742	17832	0.064	0.017	0.078	0.081
1742	17832	0.062	0.082	0.146	0.144
1742	17832	0.08	0.0	0.062	0.08
1742	17832	0.046	0.114	0.194	0.16
1742	17832	0.031	0.208	0.254	0.239
1742	17832	0.061	0.115	0.146	0.176
1742	17832	0.094	0.067	0.128	0.161
1742	17832	0.048	0.192	0.286	0.24
1742	17832	0.064	0.096	0.144	0.16
1742	17832	0.064	0.096	0.16	0.16
1742	17832	0.064	0.288	0.352	0.352
1742	17832	0.08	0.097	0.161	0.177
1742	17832	0.076	0.003	0.083	0.079
1742	17832	0.063	0.065	0.141	0.128
1742	17832	0.08	0.032	0.095	0.112
1742	17832	0.096	0.032	0.048	0.064
1742	17832	0.08	0.032	0.128	0.112
1742	17832	0.107	0.004	0.084	0.111
1742	17832	0.095	0.015	0.092	0.08
1742	17832	0.063	0.015	0.08	0.048
1742	17832	0.08	0.433	0.496	0.513
1742	17832	0.0	0.0	0.0	0.0
1742	17832	0.0	0.0	0.0	0.0
1742	17832	0.0	0.0	0.0	0.0
1742	17832	0.0	0.0	0.0	0.0
1742	17832	0.0	0.0	0.0	0.0
1742	17832	0.0	0.0	0.0	0.0
1742	17832	0.0	0.0	0.0	0.0
1742	17832	0.0	0.0	0.0	0.0
1742	17832	0.0	0.0	0.0	0.0
1742	17832	0.0	0.0	0.0	0.0
1742	17832	0.0	0.0	0.0	0.0
1742	17832	0.0	0.0	0.0	0.0
1742	17832	0.0	0.0	0.0	0.0
1742	17832	0.0	0.0	0.0	0.0
1742	17832	0.0	0.0	0.0	0.0
1742	17832	0.0	0.0	0.0	0.0
1742	17832	0.0	0.0	0.0	0.0
1742	17832	0.0	0.0	0.0	0.0
1742	17832	0.0	0.0	0.0	0.0
1742	17832	0.0	0.0	0.0	0.0
1742	17832	0.0	0.0	0.0	0.0
1742	17832	0.0	0.0	0.0	0.0
1742	17832	0.0	0.0	0.0	0.0
1742	17832	0.0	0.0	0.0	0.0
1742	17832	0.0	0.0	0.0	0.0
1742	17839	0.273	0.0	0.0	0.0
1742	17839	0.397	0.191	0.464	0.588
1742	17839	0.045	0.093	0.304	0.048
1742	17839	0.079	0.13	0.175	0.209
1742	17839	0.129	0.016	0.063	0.113
1742	17839	0.128	0.065	0.064	0.063
1742	17839	0.078	0.062	0.066	0.016
1742	17839	0.047	0.097	0.175	0.144
1742	17839	0.128	0.064	0.111	0.192
1742	17839	0.096	0.032	0.096	0.064
1742	17839	0.096	0.016	0.08	0.08
1742	17839	0.096	0.016	0.08	0.08
1742	17839	0.058	0.027	0.069	0.031
1742	17839	0.11	0.707	0.765	0.817
1742	17839	0.064	0.033	0.143	0.097
1742	17839	0.018	0.145	0.209	0.163
1742	17839	0.177	0.076	0.094	0.253
1742	17839	0.048	0.017	0.16	0.031
1742	17839	0.048	0.224	0.272	0.272
1742	17839	0.063	0.097	0.145	0.16
1742	17839	0.064	0.096	0.159	0.16
1742	17839	0.048	0.096	0.16	0.144
1742	17839	0.048	0.16	0.208	0.208
1742	17839	0.144	0.048	0.096	0.192
1742	17839	0.145	0.032	0.112	0.113
1742	17839	0.126	0.001	0.146	0.127
1742	17839	0.16	0.032	0.094	0.128
1742	17839	0.144	0.032	0.128	0.112
1742	17839	0.047	0.111	0.033	0.064
1742	17839	0.062	0.082	0.129	0.144
1742	17839	0.08	0.08	0.142	0.16
1742	17839	0.049	0.016	0.096	0.065
1742	17839	0.08	0.127	0.176	0.207
1742	17839	0.143	0.001	0.081	0.144
1742	17839	0.064	0.016	0.127	0.048
1742	17839	0.096	0.032	0.096	0.128
1742	17839	0.112	0.368	0.464	0.48
1742	17839	0.08	0.016	0.096	0.064
1742	17839	0.048	0.08	0.16	0.128
1742	17839	0.064	0.08	0.128	0.144
1742	17839	0.112	0.032	0.096	0.144
1742	17839	0.064	0.016	0.096	0.048
1742	17839	0.063	0.001	0.065	0.064
1742	17839	0.079	0.145	0.208	0.224
1742	17839	0.0	0.0	0.0	0.0
1742	17839	0.0	0.0	0.0	0.0
1742	17839	0.0	0.0	0.0	0.0
1742	17839	0.0	0.0	0.0	0.0
1742	17839	0.0	0.0	0.0	0.0
1742	17839	0.0	0.0	0.0	0.0
1742	17839	0.0	0.0	0.0	0.0
1742	17839	0.0	0.0	0.0	0.0
1742	17839	0.0	0.0	0.0	0.0
1742	17839	0.0	0.0	0.0	0.0
1742	17839	0.0	0.0	0.0	0.0
1742	17839	0.0	0.0	0.0	0.0
1742	17839	0.0	0.0	0.0	0.0
1742	17839	0.0	0.0	0.0	0.0
1742	17839	0.0	0.0	0.0	0.0
1742	17839	0.0	0.0	0.0	0.0
1742	17839	0.0	0.0	0.0	0.0
1742	17839	0.0	0.0	0.0	0.0
1742	17839	0.0	0.0	0.0	0.0
1742	17839	0.0	0.0	0.0	0.0
1742	17839	0.0	0.0	0.0	0.0
1742	17839	0.0	0.0	0.0	0.0
1742	17839	0.0	0.0	0.0	0.0
1742	17839	0.0	0.0	0.0	0.0
1742	17839	0.0	0.0	0.0	0.0
1742	17839	0.0	0.0	0.0	0.0
1742	17847	0.318	0.0	0.0	0.0
1742	17847	0.11	0.046	0.272	0.064
1742	17847	0.079	0.049	0.159	0.128
1742	17847	0.08	0.096	0.175	0.176
1742	17847	0.08	0.016	0.096	0.096
1742	17847	0.08	0.016	0.096	0.096
1742	17847	0.08	0.064	0.144	0.144
1742	17847	0.032	0.546	0.626	0.578
1742	17847	0.095	0.127	0.159	0.222
1742	17847	0.08	0.048	0.143	0.128
1742	17847	0.112	0.048	0.128	0.16
1742	17847	0.046	0.242	0.354	0.288
1742	17847	0.063	0.08	0.126	0.143
1742	17847	0.047	0.114	0.177	0.161
1742	17847	0.08	0.048	0.095	0.128
1742	17847	0.082	0.016	0.064	0.066
1742	17847	0.094	0.064	0.146	0.158
1742	17847	0.08	0.016	0.11	0.096
1742	17847	0.116	0.064	0.144	0.18
1742	17847	0.107	0.001	0.117	0.108
1742	17847	0.081	0.017	0.124	0.098
1742	17847	0.112	0.032	0.113	0.144
1742	17847	0.097	0.017	0.095	0.08
1742	17847	0.076	0.002	0.099	0.078
1742	17847	0.077	0.05	0.126	0.127
1742	17847	0.0	0.0	0.0	0.0
1742	17847	0.0	0.0	0.0	0.0
1742	17847	0.0	0.0	0.0	0.0
1742	17847	0.0	0.0	0.0	0.0
1742	17847	0.0	0.0	0.0	0.0
1742	17847	0.0	0.0	0.0	0.0
1742	17847	0.0	0.0	0.0	0.0
1742	17847	0.0	0.0	0.0	0.0
1742	17847	0.0	0.0	0.0	0.0
1742	17847	0.0	0.0	0.0	0.0
1742	17847	0.0	0.0	0.0	0.0
1742	17847	0.0	0.0	0.0	0.0
1742	17847	0.0	0.0	0.0	0.0
1742	17847	0.0	0.0	0.0	0.0
1742	17847	0.0	0.0	0.0	0.0
1742	17847	0.0	0.0	0.0	0.0
1742	17847	0.0	0.0	0.0	0.0
1742	17847	0.0	0.0	0.0	0.0
1742	17847	0.0	0.0	0.0	0.0
1742	17847	0.0	0.0	0.0	0.0
1742	17847	0.0	0.0	0.0	0.0
1742	17847	0.0	0.0	0.0	0.0
1742	17847	0.0	0.0	0.0	0.0
1742	17847	0.0	0.0	0.0	0.0
1742	17847	0.0	0.0	0.0	0.0
1742	17847	0.0	0.0	0.0	0.0
1742	17847	0.0	0.0	0.0	0.0
1742	17847	0.0	0.0	0.0	0.0
1742	17847	0.0	0.0	0.0	0.0
1742	17847	0.0	0.0	0.0	0.0
1742	17847	0.0	0.0	0.0	0.0
1742	17847	0.0	0.0	0.0	0.0
1742	17847	0.0	0.0	0.0	0.0
1742	17847	0.0	0.0	0.0	0.0
1742	17847	0.0	0.0	0.0	0.0
1742	17847	0.0	0.0	0.0	0.0
1742	17847	0.0	0.0	0.0	0.0
1742	17847	0.0	0.0	0.0	0.0
1742	17847	0.0	0.0	0.0	0.0
1742	17847	0.0	0.0	0.0	0.0
1742	17847	0.0	0.0	0.0	0.0
1742	17847	0.0	0.0	0.0	0.0
1742	17847	0.0	0.0	0.0	0.0
1742	17847	0.0	0.0	0.0	0.0
1742	17847	0.0	0.0	0.0	0.0
1742	17852	0.209	0.0	0.0	0.0
1742	17852	0.111	0.096	0.305	0.207
1742	17852	0.047	0.193	0.304	0.24
1742	17852	0.192	0.002	0.049	0.194
1742	17852	0.033	0.017	0.175	0.016
1742	17852	0.113	0.046	0.079	0.159
1742	17852	0.127	0.032	0.081	0.095
1742	17852	0.096	0.016	0.111	0.08
1742	17852	0.094	0.386	0.482	0.48
1742	17852	0.064	0.032	0.062	0.032
1742	17852	0.045	0.131	0.195	0.176
1742	17852	0.112	0.08	0.125	0.192
1742	17852	0.063	0.065	0.177	0.128
1742	17852	0.096	0.016	0.079	0.112
1742	17852	0.096	0.016	0.112	0.112
1742	17852	0.08	0.016	0.112	0.096
1742	17852	0.081	0.001	0.081	0.082
1742	17852	0.093	0.001	0.082	0.094
1742	17852	0.096	0.064	0.157	0.16
1742	17852	0.081	0.096	0.192	0.177
1742	17852	0.112	0.017	0.064	0.095
1742	17852	0.145	0.032	0.08	0.113
1742	17852	0.046	0.177	0.322	0.223
1742	17852	0.061	0.098	0.144	0.159
1742	17852	0.064	0.097	0.158	0.161
1742	17852	0.064	0.096	0.16	0.16
1742	17852	0.078	0.258	0.322	0.336
1742	17852	0.064	0.064	0.142	0.128
1742	17852	0.065	0.096	0.16	0.161
1742	17852	0.112	0.017	0.048	0.095
1742	17852	0.128	0.016	0.096	0.112
1742	17852	0.112	0.016	0.112	0.096
1742	17852	0.079	0.145	0.257	0.224
1742	17852	0.079	0.017	0.096	0.096
1742	17852	0.112	0.048	0.127	0.16
1742	17852	0.048	0.016	0.096	0.032
1742	17852	0.062	0.098	0.146	0.16
1742	17852	0.08	0.048	0.11	0.128
1742	17852	0.062	0.001	0.081	0.063
1742	17852	0.161	0.016	0.046	0.145
1742	17852	0.049	0.016	0.145	0.033
1742	17852	0.061	0.002	0.051	0.063
1742	17852	0.208	0.08	0.141	0.288
1742	17852	0.096	0.128	0.08	0.032
1742	17852	0.0	0.0	0.0	0.0
1742	17852	0.0	0.0	0.0	0.0
1742	17852	0.0	0.0	0.0	0.0
1742	17852	0.0	0.0	0.0	0.0
1742	17852	0.0	0.0	0.0	0.0
1742	17852	0.0	0.0	0.0	0.0
1742	17852	0.0	0.0	0.0	0.0
1742	17852	0.0	0.0	0.0	0.0
1742	17852	0.0	0.0	0.0	0.0
1742	17852	0.0	0.0	0.0	0.0
1742	17852	0.0	0.0	0.0	0.0
1742	17852	0.0	0.0	0.0	0.0
1742	17852	0.0	0.0	0.0	0.0
1742	17852	0.0	0.0	0.0	0.0
1742	17852	0.0	0.0	0.0	0.0
1742	17852	0.0	0.0	0.0	0.0
1742	17852	0.0	0.0	0.0	0.0
1742	17852	0.0	0.0	0.0	0.0
1742	17852	0.0	0.0	0.0	0.0
1742	17852	0.0	0.0	0.0	0.0
1742	17852	0.0	0.0	0.0	0.0
1742	17852	0.0	0.0	0.0	0.0
1742	17852	0.0	0.0	0.0	0.0
1742	17852	0.0	0.0	0.0	0.0
1742	17852	0.0	0.0	0.0	0.0
1742	17852	0.0	0.0	0.0	0.0
1742	17854	0.416	0.0	0.0	0.0
1742	17854	0.048	0.208	0.208	0.16
1742	17854	0.113	0.208	0.256	0.321
1742	17854	0.141	0.002	0.115	0.143
1742	17854	0.095	0.047	0.094	0.048
1742	17854	0.129	0.017	0.112	0.146
1742	17854	0.078	0.017	0.112	0.061
1742	17854	0.063	0.049	0.127	0.112
1742	17854	0.095	0.015	0.048	0.08
1742	17854	0.097	0.032	0.063	0.065
1742	17854	0.065	0.0	0.097	0.065
1742	17854	0.095	0.047	0.112	0.142
1742	17854	0.113	0.016	0.079	0.097
1742	17854	0.112	0.048	0.065	0.064
1742	17854	0.113	0.016	0.096	0.097
1742	17854	0.08	0.017	0.096	0.063
1742	17854	0.079	0.001	0.081	0.08
1742	17854	0.08	0.016	0.063	0.064
1742	17854	0.08	0.016	0.064	0.064
1742	17854	0.08	0.064	0.144	0.144
1742	17854	0.08	0.096	0.176	0.176
1742	17854	0.031	0.033	0.113	0.064
1742	17854	0.048	0.112	0.143	0.16
1742	17854	0.08	0.08	0.128	0.16
1742	17854	0.112	0.016	0.064	0.096
1742	17854	0.143	0.031	0.081	0.112
1742	17854	0.079	0.031	0.112	0.048
1742	17854	0.063	0.033	0.112	0.096
1742	17854	0.079	0.001	0.064	0.08
1742	17854	0.08	0.064	0.143	0.144
1742	17854	0.081	0.016	0.096	0.097
1742	17854	0.063	0.0	0.081	0.063
1742	17854	0.081	0.096	0.159	0.177
1742	17854	0.094	0.001	0.082	0.095
1742	17854	0.096	0.016	0.078	0.08
1742	17854	0.075	0.069	0.165	0.144
1742	17854	0.0	0.0	0.0	0.0
1742	17854	0.0	0.0	0.0	0.0
1742	17854	0.0	0.0	0.0	0.0
1742	17854	0.0	0.0	0.0	0.0
1742	17854	0.0	0.0	0.0	0.0
1742	17854	0.0	0.0	0.0	0.0
1742	17854	0.0	0.0	0.0	0.0
1742	17854	0.0	0.0	0.0	0.0
1742	17854	0.0	0.0	0.0	0.0
1742	17854	0.0	0.0	0.0	0.0
1742	17854	0.0	0.0	0.0	0.0
1742	17854	0.0	0.0	0.0	0.0
1742	17854	0.0	0.0	0.0	0.0
1742	17854	0.0	0.0	0.0	0.0
1742	17854	0.0	0.0	0.0	0.0
1742	17854	0.0	0.0	0.0	0.0
1742	17854	0.0	0.0	0.0	0.0
1742	17854	0.0	0.0	0.0	0.0
1742	17854	0.0	0.0	0.0	0.0
1742	17854	0.0	0.0	0.0	0.0
1742	17854	0.0	0.0	0.0	0.0
1742	17854	0.0	0.0	0.0	0.0
1742	17854	0.0	0.0	0.0	0.0
1742	17854	0.0	0.0	0.0	0.0
1742	17854	0.0	0.0	0.0	0.0
1742	17854	0.0	0.0	0.0	0.0
1742	17854	0.0	0.0	0.0	0.0
1742	17854	0.0	0.0	0.0	0.0
1742	17854	0.0	0.0	0.0	0.0
1742	17854	0.0	0.0	0.0	0.0
1742	17854	0.0	0.0	0.0	0.0
1742	17854	0.0	0.0	0.0	0.0
1742	17854	0.0	0.0	0.0	0.0
1742	17854	0.0	0.0	0.0	0.0
1742	17858	0.85	0.0	0.0	0.0
1742	17858	0.109	0.017	0.833	0.092
1742	17858	0.063	0.001	0.11	0.064
1742	17858	0.095	0.081	0.144	0.176
1742	17858	0.095	0.001	0.096	0.096
1742	17858	0.061	0.067	0.162	0.128
1742	17858	0.112	0.016	0.077	0.128
1742	17858	0.113	0.064	0.048	0.049
1742	17858	0.095	0.016	0.097	0.079
1742	17858	0.097	0.032	0.063	0.065
1742	17858	0.063	0.0	0.097	0.063
1742	17858	0.032	0.064	0.127	0.096
1742	17858	0.112	0.128	0.16	0.24
1742	17858	0.16	0.016	0.096	0.144
1742	17858	0.095	0.048	0.112	0.047
1742	17858	0.096	0.049	0.144	0.145
1742	17858	0.096	0.016	0.112	0.112
1742	17858	0.096	0.016	0.112	0.112
1742	17858	0.063	0.032	0.064	0.031
1742	17858	0.079	0.081	0.144	0.16
1742	17858	0.112	0.017	0.096	0.129
1742	17858	0.064	0.0	0.112	0.064
1742	17858	0.095	0.081	0.145	0.176
1742	17858	0.046	0.082	0.177	0.128
1742	17858	0.064	0.064	0.11	0.128
1742	17858	0.079	0.081	0.145	0.16
1742	17858	0.0	0.0	0.0	0.0
1742	17858	0.0	0.0	0.0	0.0
1742	17858	0.0	0.0	0.0	0.0
1742	17858	0.0	0.0	0.0	0.0
1742	17858	0.0	0.0	0.0	0.0
1742	17858	0.0	0.0	0.0	0.0
1742	17858	0.0	0.0	0.0	0.0
1742	17858	0.0	0.0	0.0	0.0
1742	17858	0.0	0.0	0.0	0.0
1742	17858	0.0	0.0	0.0	0.0
1742	17858	0.0	0.0	0.0	0.0
1742	17858	0.0	0.0	0.0	0.0
1742	17858	0.0	0.0	0.0	0.0
1742	17858	0.0	0.0	0.0	0.0
1742	17858	0.0	0.0	0.0	0.0
1742	17858	0.0	0.0	0.0	0.0
1742	17858	0.0	0.0	0.0	0.0
1742	17858	0.0	0.0	0.0	0.0
1742	17858	0.0	0.0	0.0	0.0
1742	17858	0.0	0.0	0.0	0.0
1742	17858	0.0	0.0	0.0	0.0
1742	17858	0.0	0.0	0.0	0.0
1742	17858	0.0	0.0	0.0	0.0
1742	17858	0.0	0.0	0.0	0.0
1742	17858	0.0	0.0	0.0	0.0
1742	17858	0.0	0.0	0.0	0.0
1742	17858	0.0	0.0	0.0	0.0
1742	17858	0.0	0.0	0.0	0.0
1742	17858	0.0	0.0	0.0	0.0
1742	17858	0.0	0.0	0.0	0.0
1742	17858	0.0	0.0	0.0	0.0
1742	17858	0.0	0.0	0.0	0.0
1742	17858	0.0	0.0	0.0	0.0
1742	17858	0.0	0.0	0.0	0.0
1742	17858	0.0	0.0	0.0	0.0
1742	17858	0.0	0.0	0.0	0.0
1742	17858	0.0	0.0	0.0	0.0
1742	17858	0.0	0.0	0.0	0.0
1742	17858	0.0	0.0	0.0	0.0
1742	17858	0.0	0.0	0.0	0.0
1742	17858	0.0	0.0	0.0	0.0
1742	17858	0.0	0.0	0.0	0.0
1742	17858	0.0	0.0	0.0	0.0
1742	17858	0.0	0.0	0.0	0.0
