PARTICIPANT_ID	TEST_SECTION_ID	HOLD_LATENCY	INTERKEY_LATENCY	PRESS_LATENCY	RELEASE_LATENCY
2159	21734	0.533	0.0	0.0	0.0
2159	21734	0.272	0.696	1.229	0.968
2159	21734	0.136	0.088	0.184	0.048
2159	21734	0.128	0.04	0.176	0.168
2159	21734	0.12	0.024	0.152	0.144
2159	21734	0.168	0.032	0.152	0.2
2159	21734	0.104	0.024	0.144	0.08
2159	21734	0.144	0.016	0.088	0.128
2159	21734	0.104	0.056	0.088	0.048
2159	21734	0.168	0.064	0.04	0.104
2159	21734	0.168	0.032	0.136	0.136
2159	21734	0.111	0.072	0.096	0.039
2159	21734	0.16	0.055	0.056	0.105
2159	21734	0.112	0.088	0.248	0.2
2159	21734	0.104	0.032	0.08	0.072
2159	21734	0.12	0.008	0.112	0.128
2159	21734	0.12	0.008	0.128	0.128
2159	21734	0.168	0.048	0.168	0.216
2159	21734	0.168	0.064	0.104	0.104
2159	21734	0.136	0.04	0.128	0.096
2159	21734	0.136	0.024	0.112	0.112
2159	21734	0.144	0.056	0.08	0.088
2159	21734	0.112	0.04	0.184	0.152
2159	21734	0.088	0.016	0.096	0.072
2159	21734	0.096	0.008	0.096	0.104
2159	21734	0.12	0.048	0.048	0.072
2159	21734	0.128	0.056	0.064	0.072
2159	21734	0.152	0.04	0.088	0.112
2159	21734	0.16	0.072	0.08	0.088
2159	21734	0.136	0.024	0.184	0.16
2159	21734	0.144	0.056	0.08	0.088
2159	21734	0.168	0.04	0.104	0.128
2159	21734	0.112	0.008	0.16	0.104
2159	21734	0.128	0.016	0.096	0.112
2159	21734	0.12	0.072	0.056	0.048
2159	21734	0.112	0.032	0.088	0.08
2159	21734	0.112	0.032	0.08	0.08
2159	21734	0.111	0.168	0.28	0.279
2159	21734	0.103	0.023	0.088	0.08
2159	21734	0.136	0.071	0.032	0.065
2159	21734	0.104	0.072	0.064	0.032
2159	21734	0.089	0.055	0.159	0.144
2159	21734	0.2	0.144	0.233	0.344
2159	21734	0.12	0.08	0.12	0.04
2159	21734	0.0	0.0	0.0	0.0
2159	21734	0.0	0.0	0.0	0.0
2159	21734	0.0	0.0	0.0	0.0
2159	21734	0.0	0.0	0.0	0.0
2159	21734	0.0	0.0	0.0	0.0
2159	21734	0.0	0.0	0.0	0.0
2159	21734	0.0	0.0	0.0	0.0
2159	21734	0.0	0.0	0.0	0.0
2159	21734	0.0	0.0	0.0	0.0
2159	21734	0.0	0.0	0.0	0.0
2159	21734	0.0	0.0	0.0	0.0
2159	21734	0.0	0.0	0.0	0.0
2159	21734	0.0	0.0	0.0	0.0
2159	21734	0.0	0.0	0.0	0.0
2159	21734	0.0	0.0	0.0	0.0
2159	21734	0.0	0.0	0.0	0.0
2159	21734	0.0	0.0	0.0	0.0
2159	21734	0.0	0.0	0.0	0.0
2159	21734	0.0	0.0	0.0	0.0
2159	21734	0.0	0.0	0.0	0.0
2159	21734	0.0	0.0	0.0	0.0
2159	21734	0.0	0.0	0.0	0.0
2159	21734	0.0	0.0	0.0	0.0
2159	21734	0.0	0.0	0.0	0.0
2159	21734	0.0	0.0	0.0	0.0
2159	21734	0.0	0.0	0.0	0.0
2159	21771	0.2	0.0	0.0	0.0
2159	21771	0.152	0.096	0.104	0.056
2159	21771	0.104	0.04	0.112	0.064
2159	21771	0.104	0.016	0.12	0.12
2159	21771	0.048	0.4	0.504	0.448
2159	21771	0.104	0.28	0.328	0.384
2159	21771	0.08	0.008	0.112	0.088
2159	21771	0.144	0.008	0.088	0.152
2159	21771	0.141	0.04	0.104	0.101
2159	21771	0.128	0.029	0.112	0.099
2159	21771	0.16	0.048	0.176	0.208
2159	21771	0.096	0.248	0.408	0.344
2159	21771	0.12	0.008	0.104	0.128
2159	21771	0.12	0.04	0.08	0.08
2159	21771	0.129	0.049	0.071	0.08
2159	21771	0.126	0.025	0.154	0.151
2159	21771	0.064	0.185	0.311	0.249
2159	21771	0.184	0.272	0.336	0.456
2159	21771	0.12	0.04	0.144	0.08
2159	21771	0.136	0.024	0.096	0.112
2159	21771	0.136	0.072	0.064	0.064
2159	21771	0.144	0.256	0.392	0.4
2159	21771	0.12	0.056	0.088	0.064
2159	21771	0.12	0.056	0.064	0.064
2159	21771	0.12	0.064	0.056	0.056
2159	21771	0.096	0.048	0.168	0.144
2159	21771	0.072	0.016	0.08	0.056
2159	21771	0.16	0.048	0.024	0.112
2159	21771	0.167	0.056	0.104	0.111
2159	21771	0.136	0.127	0.04	0.009
2159	21771	0.143	0.08	0.056	0.063
2159	21771	0.152	0.071	0.072	0.081
2159	21771	0.129	0.111	0.263	0.24
2159	21771	0.151	0.008	0.121	0.143
2159	21771	0.112	0.071	0.08	0.041
2159	21771	0.136	0.048	0.064	0.088
2159	21771	0.104	0.008	0.144	0.112
2159	21771	0.152	0.016	0.088	0.136
2159	21771	0.12	0.04	0.112	0.08
2159	21771	0.112	0.016	0.136	0.128
2159	21771	0.112	0.04	0.072	0.072
2159	21771	0.121	0.016	0.128	0.137
2159	21771	0.128	0.025	0.096	0.103
2159	21771	0.104	0.032	0.096	0.072
2159	21771	0.12	0.04	0.064	0.08
2159	21771	0.104	0.0	0.12	0.104
2159	21771	0.12	0.056	0.048	0.064
2159	21771	0.12	0.024	0.144	0.144
2159	21771	0.144	0.312	0.432	0.456
2159	21771	0.103	0.008	0.152	0.111
2159	21771	0.0	0.0	0.0	0.0
2159	21771	0.0	0.0	0.0	0.0
2159	21771	0.0	0.0	0.0	0.0
2159	21771	0.0	0.0	0.0	0.0
2159	21771	0.0	0.0	0.0	0.0
2159	21771	0.0	0.0	0.0	0.0
2159	21771	0.0	0.0	0.0	0.0
2159	21771	0.0	0.0	0.0	0.0
2159	21771	0.0	0.0	0.0	0.0
2159	21771	0.0	0.0	0.0	0.0
2159	21771	0.0	0.0	0.0	0.0
2159	21771	0.0	0.0	0.0	0.0
2159	21771	0.0	0.0	0.0	0.0
2159	21771	0.0	0.0	0.0	0.0
2159	21771	0.0	0.0	0.0	0.0
2159	21771	0.0	0.0	0.0	0.0
2159	21771	0.0	0.0	0.0	0.0
2159	21771	0.0	0.0	0.0	0.0
2159	21771	0.0	0.0	0.0	0.0
2159	21771	0.0	0.0	0.0	0.0
2159	21819	0.393	0.0	0.0	0.0
2159	21819	0.16	0.097	0.296	0.063
2159	21819	0.111	0.001	0.161	0.112
2159	21819	0.184	0.04	0.071	0.144
2159	21819	0.064	0.032	0.152	0.032
2159	21819	0.128	0.024	0.04	0.104
2159	21819	0.12	0.08	0.048	0.04
2159	21819	0.096	0.032	0.088	0.064
2159	21819	0.112	0.032	0.128	0.144
2159	21819	0.08	0.024	0.088	0.056
2159	21819	0.08	0.064	0.144	0.144
2159	21819	0.096	0.072	0.152	0.168
2159	21819	0.12	0.032	0.064	0.088
2159	21819	0.168	0.08	0.04	0.088
2159	21819	0.112	0.048	0.12	0.064
2159	21819	0.168	0.016	0.096	0.152
2159	21819	0.096	0.016	0.152	0.08
2159	21819	0.104	0.008	0.104	0.112
2159	21819	0.104	0.008	0.096	0.096
2159	21819	0.088	0.112	0.216	0.2
2159	21819	0.096	0.016	0.104	0.112
2159	21819	0.12	0.032	0.064	0.088
2159	21819	0.136	0.04	0.08	0.096
2159	21819	0.104	0.08	0.056	0.024
2159	21819	0.111	0.001	0.105	0.112
2159	21819	0.088	0.008	0.119	0.096
2159	21819	0.041	0.032	0.056	0.009
2159	21819	0.144	0.359	0.4	0.503
2159	21819	0.104	0.344	0.488	0.448
2159	21819	0.096	0.056	0.16	0.152
2159	21819	0.112	0.064	0.16	0.176
2159	21819	0.064	0.304	0.416	0.368
2159	21819	0.112	0.16	0.224	0.272
2159	21819	0.088	0.024	0.136	0.112
2159	21819	0.104	0.008	0.096	0.112
2159	21819	0.0	0.0	0.0	0.0
2159	21819	0.0	0.0	0.0	0.0
2159	21819	0.0	0.0	0.0	0.0
2159	21819	0.0	0.0	0.0	0.0
2159	21819	0.0	0.0	0.0	0.0
2159	21819	0.0	0.0	0.0	0.0
2159	21819	0.0	0.0	0.0	0.0
2159	21819	0.0	0.0	0.0	0.0
2159	21819	0.0	0.0	0.0	0.0
2159	21819	0.0	0.0	0.0	0.0
2159	21819	0.0	0.0	0.0	0.0
2159	21819	0.0	0.0	0.0	0.0
2159	21819	0.0	0.0	0.0	0.0
2159	21819	0.0	0.0	0.0	0.0
2159	21819	0.0	0.0	0.0	0.0
2159	21819	0.0	0.0	0.0	0.0
2159	21819	0.0	0.0	0.0	0.0
2159	21819	0.0	0.0	0.0	0.0
2159	21819	0.0	0.0	0.0	0.0
2159	21819	0.0	0.0	0.0	0.0
2159	21819	0.0	0.0	0.0	0.0
2159	21819	0.0	0.0	0.0	0.0
2159	21819	0.0	0.0	0.0	0.0
2159	21819	0.0	0.0	0.0	0.0
2159	21819	0.0	0.0	0.0	0.0
2159	21819	0.0	0.0	0.0	0.0
2159	21819	0.0	0.0	0.0	0.0
2159	21819	0.0	0.0	0.0	0.0
2159	21819	0.0	0.0	0.0	0.0
2159	21819	0.0	0.0	0.0	0.0
2159	21819	0.0	0.0	0.0	0.0
2159	21819	0.0	0.0	0.0	0.0
2159	21819	0.0	0.0	0.0	0.0
2159	21819	0.0	0.0	0.0	0.0
2159	21819	0.0	0.0	0.0	0.0
2159	21846	0.592	0.0	0.0	0.0
2159	21846	0.528	0.112	0.704	0.64
2159	21846	0.184	0.112	0.416	0.072
2159	21846	0.16	0.032	0.152	0.128
2159	21846	0.168	0.064	0.096	0.104
2159	21846	0.12	0.016	0.184	0.136
2159	21846	0.144	0.016	0.136	0.16
2159	21846	0.112	0.024	0.168	0.136
2159	21846	0.143	0.008	0.104	0.135
2159	21846	0.127	0.071	0.072	0.056
2159	21846	0.096	0.079	0.048	0.017
2159	21846	0.136	0.04	0.056	0.096
2159	21846	0.152	0.08	0.216	0.232
2159	21846	0.144	0.08	0.072	0.064
2159	21846	0.111	0.008	0.136	0.103
2159	21846	0.128	0.023	0.088	0.105
2159	21846	0.071	0.032	0.16	0.103
2159	21846	0.096	0.353	0.424	0.449
2159	21846	0.191	0.072	0.168	0.263
2159	21846	0.103	0.087	0.104	0.016
2159	21846	0.136	0.113	0.216	0.249
2159	21846	0.127	0.064	0.072	0.063
2159	21846	0.135	0.079	0.048	0.056
2159	21846	0.111	0.017	0.152	0.128
2159	21846	0.119	0.007	0.104	0.112
2159	21846	0.119	0.031	0.088	0.088
2159	21846	0.143	0.001	0.12	0.144
2159	21846	0.127	0.063	0.08	0.064
2159	21846	0.071	0.031	0.096	0.04
2159	21846	0.111	0.057	0.128	0.168
2159	21846	0.095	0.025	0.136	0.12
2159	21846	0.111	0.049	0.144	0.16
2159	21846	0.104	0.008	0.103	0.096
2159	21846	0.112	0.032	0.136	0.144
2159	21846	0.0	0.0	0.0	0.0
2159	21846	0.0	0.0	0.0	0.0
2159	21846	0.0	0.0	0.0	0.0
2159	21846	0.0	0.0	0.0	0.0
2159	21846	0.0	0.0	0.0	0.0
2159	21846	0.0	0.0	0.0	0.0
2159	21846	0.0	0.0	0.0	0.0
2159	21846	0.0	0.0	0.0	0.0
2159	21846	0.0	0.0	0.0	0.0
2159	21846	0.0	0.0	0.0	0.0
2159	21846	0.0	0.0	0.0	0.0
2159	21846	0.0	0.0	0.0	0.0
2159	21846	0.0	0.0	0.0	0.0
2159	21846	0.0	0.0	0.0	0.0
2159	21846	0.0	0.0	0.0	0.0
2159	21846	0.0	0.0	0.0	0.0
2159	21846	0.0	0.0	0.0	0.0
2159	21846	0.0	0.0	0.0	0.0
2159	21846	0.0	0.0	0.0	0.0
2159	21846	0.0	0.0	0.0	0.0
2159	21846	0.0	0.0	0.0	0.0
2159	21846	0.0	0.0	0.0	0.0
2159	21846	0.0	0.0	0.0	0.0
2159	21846	0.0	0.0	0.0	0.0
2159	21846	0.0	0.0	0.0	0.0
2159	21846	0.0	0.0	0.0	0.0
2159	21846	0.0	0.0	0.0	0.0
2159	21846	0.0	0.0	0.0	0.0
2159	21846	0.0	0.0	0.0	0.0
2159	21846	0.0	0.0	0.0	0.0
2159	21846	0.0	0.0	0.0	0.0
2159	21846	0.0	0.0	0.0	0.0
2159	21846	0.0	0.0	0.0	0.0
2159	21846	0.0	0.0	0.0	0.0
2159	21846	0.0	0.0	0.0	0.0
2159	21846	0.0	0.0	0.0	0.0
2159	21866	0.632	0.0	0.0	0.0
2159	21866	0.119	0.127	0.505	0.008
2159	21866	0.096	0.128	0.247	0.224
2159	21866	0.088	0.04	0.136	0.128
2159	21866	0.136	0.048	0.136	0.184
2159	21866	0.136	0.056	0.192	0.192
2159	21866	0.12	0.056	0.08	0.064
2159	21866	0.136	0.088	0.032	0.048
2159	21866	0.12	0.008	0.128	0.112
2159	21866	0.128	0.024	0.096	0.104
2159	21866	0.096	0.44	0.568	0.536
2159	21866	0.112	0.048	0.144	0.16
2159	21866	0.112	0.008	0.12	0.12
2159	21866	0.112	0.048	0.16	0.16
2159	21866	0.104	0.048	0.064	0.056
2159	21866	0.128	0.28	0.384	0.408
2159	21866	0.08	0.008	0.12	0.072
2159	21866	0.128	0.024	0.104	0.152
2159	21866	0.12	0.064	0.064	0.056
2159	21866	0.128	0.072	0.048	0.056
2159	21866	0.12	0.048	0.08	0.072
2159	21866	0.12	0.232	0.352	0.352
2159	21866	0.136	0.04	0.08	0.096
2159	21866	0.104	0.008	0.144	0.112
2159	21866	0.12	0.008	0.096	0.112
2159	21866	0.144	0.056	0.064	0.088
2159	21866	0.112	0.016	0.16	0.128
2159	21866	0.112	0.384	0.496	0.496
2159	21866	0.136	0.328	0.44	0.464
2159	21866	0.104	0.144	0.28	0.248
2159	21866	0.104	0.048	0.056	0.056
2159	21866	0.136	0.072	0.176	0.208
2159	21866	0.096	0.048	0.088	0.048
2159	21866	0.088	0.296	0.392	0.384
2159	21866	0.0	0.0	0.0	0.0
2159	21866	0.0	0.0	0.0	0.0
2159	21866	0.0	0.0	0.0	0.0
2159	21866	0.0	0.0	0.0	0.0
2159	21866	0.0	0.0	0.0	0.0
2159	21866	0.0	0.0	0.0	0.0
2159	21866	0.0	0.0	0.0	0.0
2159	21866	0.0	0.0	0.0	0.0
2159	21866	0.0	0.0	0.0	0.0
2159	21866	0.0	0.0	0.0	0.0
2159	21866	0.0	0.0	0.0	0.0
2159	21866	0.0	0.0	0.0	0.0
2159	21866	0.0	0.0	0.0	0.0
2159	21866	0.0	0.0	0.0	0.0
2159	21866	0.0	0.0	0.0	0.0
2159	21866	0.0	0.0	0.0	0.0
2159	21866	0.0	0.0	0.0	0.0
2159	21866	0.0	0.0	0.0	0.0
2159	21866	0.0	0.0	0.0	0.0
2159	21866	0.0	0.0	0.0	0.0
2159	21866	0.0	0.0	0.0	0.0
2159	21866	0.0	0.0	0.0	0.0
2159	21866	0.0	0.0	0.0	0.0
2159	21866	0.0	0.0	0.0	0.0
2159	21866	0.0	0.0	0.0	0.0
2159	21866	0.0	0.0	0.0	0.0
2159	21866	0.0	0.0	0.0	0.0
2159	21866	0.0	0.0	0.0	0.0
2159	21866	0.0	0.0	0.0	0.0
2159	21866	0.0	0.0	0.0	0.0
2159	21866	0.0	0.0	0.0	0.0
2159	21866	0.0	0.0	0.0	0.0
2159	21866	0.0	0.0	0.0	0.0
2159	21866	0.0	0.0	0.0	0.0
2159	21866	0.0	0.0	0.0	0.0
2159	21866	0.0	0.0	0.0	0.0
2159	21885	0.481	0.0	0.0	0.0
2159	21885	0.128	0.049	0.432	0.079
2159	21885	0.112	0.016	0.112	0.096
2159	21885	0.096	0.128	0.24	0.224
2159	21885	0.128	0.016	0.112	0.144
2159	21885	0.16	0.024	0.104	0.136
2159	21885	0.152	0.016	0.144	0.136
2159	21885	0.152	0.048	0.104	0.104
2159	21885	0.136	0.032	0.12	0.104
2159	21885	0.112	0.016	0.12	0.096
2159	21885	0.144	0.016	0.096	0.128
2159	21885	0.144	0.024	0.12	0.12
2159	21885	0.136	0.008	0.152	0.144
2159	21885	0.16	0.064	0.072	0.096
2159	21885	0.112	0.032	0.128	0.08
2159	21885	0.112	0.024	0.136	0.136
2159	21885	0.145	0.072	0.04	0.073
2159	21885	0.144	0.025	0.12	0.119
2159	21885	0.129	0.104	0.04	0.025
2159	21885	0.144	0.065	0.064	0.079
2159	21885	0.12	0.048	0.096	0.072
2159	21885	0.144	0.056	0.064	0.088
2159	21885	0.096	0.04	0.104	0.056
2159	21885	0.104	0.008	0.088	0.096
2159	21885	0.104	0.016	0.088	0.088
2159	21885	0.144	0.008	0.096	0.136
2159	21885	0.128	0.048	0.096	0.08
2159	21885	0.072	0.032	0.096	0.04
2159	21885	0.152	0.168	0.24	0.32
2159	21885	0.096	0.096	0.248	0.192
2159	21885	0.136	0.024	0.072	0.112
2159	21885	0.151	0.064	0.072	0.087
2159	21885	0.104	0.055	0.096	0.049
2159	21885	0.152	0.032	0.072	0.12
2159	21885	0.089	0.208	0.36	0.297
2159	21885	0.136	0.39	0.479	0.526
2159	21885	0.112	0.041	0.177	0.153
2159	21885	0.127	0.224	0.336	0.351
2159	21885	0.159	0.031	0.096	0.128
2159	21885	0.095	0.047	0.112	0.048
2159	21885	0.119	0.001	0.096	0.12
2159	21885	0.127	0.055	0.064	0.072
2159	21885	0.136	0.04	0.087	0.096
2159	21885	0.12	0.016	0.12	0.104
2159	21885	0.095	0.015	0.105	0.08
2159	21885	0.103	0.007	0.088	0.096
2159	21885	0.135	0.071	0.032	0.064
2159	21885	0.143	0.055	0.08	0.088
2159	21885	0.111	0.177	0.32	0.288
2159	21885	0.0	0.0	0.0	0.0
2159	21885	0.0	0.0	0.0	0.0
2159	21885	0.0	0.0	0.0	0.0
2159	21885	0.0	0.0	0.0	0.0
2159	21885	0.0	0.0	0.0	0.0
2159	21885	0.0	0.0	0.0	0.0
2159	21885	0.0	0.0	0.0	0.0
2159	21885	0.0	0.0	0.0	0.0
2159	21885	0.0	0.0	0.0	0.0
2159	21885	0.0	0.0	0.0	0.0
2159	21885	0.0	0.0	0.0	0.0
2159	21885	0.0	0.0	0.0	0.0
2159	21885	0.0	0.0	0.0	0.0
2159	21885	0.0	0.0	0.0	0.0
2159	21885	0.0	0.0	0.0	0.0
2159	21885	0.0	0.0	0.0	0.0
2159	21885	0.0	0.0	0.0	0.0
2159	21885	0.0	0.0	0.0	0.0
2159	21885	0.0	0.0	0.0	0.0
2159	21885	0.0	0.0	0.0	0.0
2159	21885	0.0	0.0	0.0	0.0
2159	21906	0.216	0.0	0.0	0.0
2159	21906	0.128	0.08	0.136	0.048
2159	21906	0.112	0.08	0.208	0.192
2159	21906	0.144	0.008	0.104	0.136
2159	21906	0.121	0.072	0.072	0.049
2159	21906	0.096	0.009	0.112	0.087
2159	21906	0.12	0.008	0.104	0.128
2159	21906	0.112	0.048	0.072	0.064
2159	21906	0.136	0.048	0.064	0.088
2159	21906	0.193	0.064	0.072	0.129
2159	21906	0.137	0.057	0.136	0.08
2159	21906	0.12	0.064	0.201	0.184
2159	21906	0.12	0.016	0.104	0.104
2159	21906	0.104	0.024	0.144	0.128
2159	21906	0.12	0.088	0.192	0.208
2159	21906	0.096	0.008	0.128	0.104
2159	21906	0.097	0.008	0.088	0.089
2159	21906	0.12	0.017	0.08	0.103
2159	21906	0.096	0.008	0.112	0.088
2159	21906	0.184	0.024	0.072	0.16
2159	21906	0.112	0.08	0.104	0.032
2159	21906	0.136	0.072	0.184	0.208
2159	21906	0.12	0.04	0.096	0.08
2159	21906	0.136	0.048	0.072	0.088
2159	21906	0.0	0.0	0.0	0.0
2159	21906	0.0	0.0	0.0	0.0
2159	21906	0.0	0.0	0.0	0.0
2159	21906	0.0	0.0	0.0	0.0
2159	21906	0.0	0.0	0.0	0.0
2159	21906	0.0	0.0	0.0	0.0
2159	21906	0.0	0.0	0.0	0.0
2159	21906	0.0	0.0	0.0	0.0
2159	21906	0.0	0.0	0.0	0.0
2159	21906	0.0	0.0	0.0	0.0
2159	21906	0.0	0.0	0.0	0.0
2159	21906	0.0	0.0	0.0	0.0
2159	21906	0.0	0.0	0.0	0.0
2159	21906	0.0	0.0	0.0	0.0
2159	21906	0.0	0.0	0.0	0.0
2159	21906	0.0	0.0	0.0	0.0
2159	21906	0.0	0.0	0.0	0.0
2159	21906	0.0	0.0	0.0	0.0
2159	21906	0.0	0.0	0.0	0.0
2159	21906	0.0	0.0	0.0	0.0
2159	21906	0.0	0.0	0.0	0.0
2159	21906	0.0	0.0	0.0	0.0
2159	21906	0.0	0.0	0.0	0.0
2159	21906	0.0	0.0	0.0	0.0
2159	21906	0.0	0.0	0.0	0.0
2159	21906	0.0	0.0	0.0	0.0
2159	21906	0.0	0.0	0.0	0.0
2159	21906	0.0	0.0	0.0	0.0
2159	21906	0.0	0.0	0.0	0.0
2159	21906	0.0	0.0	0.0	0.0
2159	21906	0.0	0.0	0.0	0.0
2159	21906	0.0	0.0	0.0	0.0
2159	21906	0.0	0.0	0.0	0.0
2159	21906	0.0	0.0	0.0	0.0
2159	21906	0.0	0.0	0.0	0.0
2159	21906	0.0	0.0	0.0	0.0
2159	21906	0.0	0.0	0.0	0.0
2159	21906	0.0	0.0	0.0	0.0
2159	21906	0.0	0.0	0.0	0.0
2159	21906	0.0	0.0	0.0	0.0
2159	21906	0.0	0.0	0.0	0.0
2159	21906	0.0	0.0	0.0	0.0
2159	21906	0.0	0.0	0.0	0.0
2159	21906	0.0	0.0	0.0	0.0
2159	21906	0.0	0.0	0.0	0.0
2159	21906	0.0	0.0	0.0	0.0
2159	21913	0.312	0.0	0.0	0.0
2159	21913	0.152	0.096	0.216	0.056
2159	21913	0.128	0.08	0.232	0.208
2159	21913	0.128	0.016	0.112	0.112
2159	21913	0.112	0.008	0.136	0.12
2159	21913	0.112	0.016	0.096	0.096
2159	21913	0.12	0.04	0.072	0.08
2159	21913	0.128	0.024	0.096	0.104
2159	21913	0.128	0.056	0.072	0.072
2159	21913	0.127	0.071	0.057	0.056
2159	21913	0.12	0.064	0.063	0.056
2159	21913	0.12	0.048	0.168	0.168
2159	21913	0.104	0.008	0.112	0.096
2159	21913	0.128	0.272	0.376	0.4
2159	21913	0.128	0.12	0.248	0.248
2159	21913	0.088	0.04	0.168	0.128
2159	21913	0.128	0.056	0.144	0.184
2159	21913	0.104	0.008	0.12	0.096
2159	21913	0.12	0.016	0.12	0.136
2159	21913	0.12	0.072	0.048	0.048
2159	21913	0.128	0.024	0.096	0.104
2159	21913	0.112	0.192	0.32	0.304
2159	21913	0.0	0.0	0.0	0.0
2159	21913	0.0	0.0	0.0	0.0
2159	21913	0.0	0.0	0.0	0.0
2159	21913	0.0	0.0	0.0	0.0
2159	21913	0.0	0.0	0.0	0.0
2159	21913	0.0	0.0	0.0	0.0
2159	21913	0.0	0.0	0.0	0.0
2159	21913	0.0	0.0	0.0	0.0
2159	21913	0.0	0.0	0.0	0.0
2159	21913	0.0	0.0	0.0	0.0
2159	21913	0.0	0.0	0.0	0.0
2159	21913	0.0	0.0	0.0	0.0
2159	21913	0.0	0.0	0.0	0.0
2159	21913	0.0	0.0	0.0	0.0
2159	21913	0.0	0.0	0.0	0.0
2159	21913	0.0	0.0	0.0	0.0
2159	21913	0.0	0.0	0.0	0.0
2159	21913	0.0	0.0	0.0	0.0
2159	21913	0.0	0.0	0.0	0.0
2159	21913	0.0	0.0	0.0	0.0
2159	21913	0.0	0.0	0.0	0.0
2159	21913	0.0	0.0	0.0	0.0
2159	21913	0.0	0.0	0.0	0.0
2159	21913	0.0	0.0	0.0	0.0
2159	21913	0.0	0.0	0.0	0.0
2159	21913	0.0	0.0	0.0	0.0
2159	21913	0.0	0.0	0.0	0.0
2159	21913	0.0	0.0	0.0	0.0
2159	21913	0.0	0.0	0.0	0.0
2159	21913	0.0	0.0	0.0	0.0
2159	21913	0.0	0.0	0.0	0.0
2159	21913	0.0	0.0	0.0	0.0
2159	21913	0.0	0.0	0.0	0.0
2159	21913	0.0	0.0	0.0	0.0
2159	21913	0.0	0.0	0.0	0.0
2159	21913	0.0	0.0	0.0	0.0
2159	21913	0.0	0.0	0.0	0.0
2159	21913	0.0	0.0	0.0	0.0
2159	21913	0.0	0.0	0.0	0.0
2159	21913	0.0	0.0	0.0	0.0
2159	21913	0.0	0.0	0.0	0.0
2159	21913	0.0	0.0	0.0	0.0
2159	21913	0.0	0.0	0.0	0.0
2159	21913	0.0	0.0	0.0	0.0
2159	21913	0.0	0.0	0.0	0.0
2159	21913	0.0	0.0	0.0	0.0
2159	21913	0.0	0.0	0.0	0.0
2159	21913	0.0	0.0	0.0	0.0
2159	21930	7.44	0.0	0.0	0.0
2159	21930	0.32	0.696	6.744	0.376
2159	21930	0.168	0.08	0.24	0.088
2159	21930	0.159	0.008	0.16	0.151
2159	21930	0.152	0.089	0.248	0.241
2159	21930	0.136	0.056	0.096	0.08
2159	21930	0.08	0.104	0.24	0.184
2159	21930	0.104	0.2	0.28	0.304
2159	21930	0.096	0.008	0.096	0.088
2159	21930	0.104	0.08	0.176	0.184
2159	21930	0.152	0.072	0.032	0.08
2159	21930	0.184	0.096	0.056	0.088
2159	21930	0.104	0.104	0.08	0.0
2159	21930	0.16	0.024	0.128	0.184
2159	21930	0.16	0.064	0.096	0.096
2159	21930	0.144	0.064	0.096	0.08
2159	21930	0.16	0.072	0.072	0.088
2159	21930	0.168	0.112	0.272	0.28
2159	21930	0.12	0.08	0.088	0.04
2159	21930	0.112	0.016	0.104	0.096
2159	21930	0.176	0.008	0.12	0.184
2159	21930	0.144	0.104	0.072	0.04
2159	21930	0.0	0.0	0.0	0.0
2159	21930	0.0	0.0	0.0	0.0
2159	21930	0.0	0.0	0.0	0.0
2159	21930	0.0	0.0	0.0	0.0
2159	21930	0.0	0.0	0.0	0.0
2159	21930	0.0	0.0	0.0	0.0
2159	21930	0.0	0.0	0.0	0.0
2159	21930	0.0	0.0	0.0	0.0
2159	21930	0.0	0.0	0.0	0.0
2159	21930	0.0	0.0	0.0	0.0
2159	21930	0.0	0.0	0.0	0.0
2159	21930	0.0	0.0	0.0	0.0
2159	21930	0.0	0.0	0.0	0.0
2159	21930	0.0	0.0	0.0	0.0
2159	21930	0.0	0.0	0.0	0.0
2159	21930	0.0	0.0	0.0	0.0
2159	21930	0.0	0.0	0.0	0.0
2159	21930	0.0	0.0	0.0	0.0
2159	21930	0.0	0.0	0.0	0.0
2159	21930	0.0	0.0	0.0	0.0
2159	21930	0.0	0.0	0.0	0.0
2159	21930	0.0	0.0	0.0	0.0
2159	21930	0.0	0.0	0.0	0.0
2159	21930	0.0	0.0	0.0	0.0
2159	21930	0.0	0.0	0.0	0.0
2159	21930	0.0	0.0	0.0	0.0
2159	21930	0.0	0.0	0.0	0.0
2159	21930	0.0	0.0	0.0	0.0
2159	21930	0.0	0.0	0.0	0.0
2159	21930	0.0	0.0	0.0	0.0
2159	21930	0.0	0.0	0.0	0.0
2159	21930	0.0	0.0	0.0	0.0
2159	21930	0.0	0.0	0.0	0.0
2159	21930	0.0	0.0	0.0	0.0
2159	21930	0.0	0.0	0.0	0.0
2159	21930	0.0	0.0	0.0	0.0
2159	21930	0.0	0.0	0.0	0.0
2159	21930	0.0	0.0	0.0	0.0
2159	21930	0.0	0.0	0.0	0.0
2159	21930	0.0	0.0	0.0	0.0
2159	21930	0.0	0.0	0.0	0.0
2159	21930	0.0	0.0	0.0	0.0
2159	21930	0.0	0.0	0.0	0.0
2159	21930	0.0	0.0	0.0	0.0
2159	21930	0.0	0.0	0.0	0.0
2159	21930	0.0	0.0	0.0	0.0
2159	21930	0.0	0.0	0.0	0.0
2159	21930	0.0	0.0	0.0	0.0
2159	21941	0.271	0.0	0.0	0.0
2159	21941	0.151	0.047	0.224	0.104
2159	21941	0.151	0.015	0.136	0.136
2159	21941	0.119	0.023	0.128	0.096
2159	21941	0.12	0.023	0.096	0.097
2159	21941	0.136	0.024	0.096	0.112
2159	21941	0.135	0.112	0.248	0.247
2159	21941	0.079	0.113	0.248	0.192
2159	21941	0.152	0.065	0.144	0.217
2159	21941	0.128	0.056	0.096	0.072
2159	21941	0.111	0.056	0.184	0.167
2159	21941	0.12	0.064	0.175	0.184
2159	21941	0.112	0.144	0.264	0.256
2159	21941	0.127	0.001	0.113	0.128
2159	21941	0.103	0.001	0.128	0.104
2159	21941	0.142	0.05	0.153	0.192
2159	21941	0.151	0.079	0.063	0.072
2159	21941	0.159	0.087	0.064	0.072
2159	21941	0.135	0.055	0.104	0.08
2159	21941	0.12	0.048	0.183	0.168
2159	21941	0.112	0.024	0.096	0.088
2159	21941	0.152	0.008	0.104	0.144
2159	21941	0.137	0.096	0.056	0.041
2159	21941	0.128	0.081	0.056	0.047
2159	21941	0.144	0.12	0.248	0.264
2159	21941	0.128	0.144	0.288	0.272
2159	21941	0.048	0.008	0.12	0.04
2159	21941	0.096	0.16	0.208	0.256
2159	21941	0.088	0.08	0.176	0.168
2159	21941	0.0	0.0	0.0	0.0
2159	21941	0.0	0.0	0.0	0.0
2159	21941	0.0	0.0	0.0	0.0
2159	21941	0.0	0.0	0.0	0.0
2159	21941	0.0	0.0	0.0	0.0
2159	21941	0.0	0.0	0.0	0.0
2159	21941	0.0	0.0	0.0	0.0
2159	21941	0.0	0.0	0.0	0.0
2159	21941	0.0	0.0	0.0	0.0
2159	21941	0.0	0.0	0.0	0.0
2159	21941	0.0	0.0	0.0	0.0
2159	21941	0.0	0.0	0.0	0.0
2159	21941	0.0	0.0	0.0	0.0
2159	21941	0.0	0.0	0.0	0.0
2159	21941	0.0	0.0	0.0	0.0
2159	21941	0.0	0.0	0.0	0.0
2159	21941	0.0	0.0	0.0	0.0
2159	21941	0.0	0.0	0.0	0.0
2159	21941	0.0	0.0	0.0	0.0
2159	21941	0.0	0.0	0.0	0.0
2159	21941	0.0	0.0	0.0	0.0
2159	21941	0.0	0.0	0.0	0.0
2159	21941	0.0	0.0	0.0	0.0
2159	21941	0.0	0.0	0.0	0.0
2159	21941	0.0	0.0	0.0	0.0
2159	21941	0.0	0.0	0.0	0.0
2159	21941	0.0	0.0	0.0	0.0
2159	21941	0.0	0.0	0.0	0.0
2159	21941	0.0	0.0	0.0	0.0
2159	21941	0.0	0.0	0.0	0.0
2159	21941	0.0	0.0	0.0	0.0
2159	21941	0.0	0.0	0.0	0.0
2159	21941	0.0	0.0	0.0	0.0
2159	21941	0.0	0.0	0.0	0.0
2159	21941	0.0	0.0	0.0	0.0
2159	21941	0.0	0.0	0.0	0.0
2159	21941	0.0	0.0	0.0	0.0
2159	21941	0.0	0.0	0.0	0.0
2159	21941	0.0	0.0	0.0	0.0
2159	21941	0.0	0.0	0.0	0.0
2159	21941	0.0	0.0	0.0	0.0
2159	21956	0.248	0.0	0.0	0.0
2159	21956	0.152	0.104	0.144	0.048
2159	21956	0.152	0.008	0.144	0.144
2159	21956	0.144	0.056	0.096	0.088
2159	21956	0.176	0.072	0.072	0.104
2159	21956	0.112	0.056	0.12	0.056
2159	21956	0.128	0.016	0.096	0.112
2159	21956	0.12	0.072	0.056	0.048
2159	21956	0.128	0.04	0.08	0.088
2159	21956	0.136	0.008	0.12	0.128
2159	21956	0.144	0.008	0.128	0.136
2159	21956	0.072	0.04	0.104	0.032
2159	21956	0.112	0.064	0.136	0.176
2159	21956	0.112	0.008	0.104	0.104
2159	21956	0.128	0.056	0.056	0.072
2159	21956	0.128	0.096	0.032	0.032
2159	21956	0.128	0.056	0.072	0.072
2159	21956	0.128	0.056	0.072	0.072
2159	21956	0.08	0.024	0.104	0.056
2159	21956	0.096	0.064	0.144	0.16
2159	21956	0.12	0.048	0.048	0.072
2159	21956	0.12	0.04	0.08	0.08
2159	21956	0.12	0.04	0.08	0.08
2159	21956	0.128	0.056	0.064	0.072
2159	21956	0.136	0.04	0.088	0.096
2159	21956	0.111	0.001	0.137	0.112
2159	21956	0.112	0.048	0.063	0.064
2159	21956	0.12	0.056	0.168	0.176
2159	21956	0.112	0.008	0.112	0.104
2159	21956	0.096	0.024	0.088	0.072
2159	21956	0.12	0.032	0.128	0.152
2159	21956	0.12	0.032	0.088	0.088
2159	21956	0.088	0.024	0.096	0.064
2159	21956	0.184	0.016	0.072	0.168
2159	21956	0.128	0.144	0.04	0.016
2159	21956	0.12	0.04	0.088	0.08
2159	21956	0.127	0.063	0.057	0.064
2159	21956	0.104	0.088	0.215	0.192
2159	21956	0.111	0.001	0.105	0.112
2159	21956	0.128	0.064	0.047	0.064
2159	21956	0.08	0.04	0.088	0.04
2159	21956	0.12	0.024	0.104	0.144
2159	21956	0.072	0.016	0.104	0.056
2159	21956	0.08	0.072	0.144	0.152
2159	21956	0.12	0.064	0.144	0.184
2159	21956	0.168	0.072	0.048	0.096
2159	21956	0.128	0.08	0.088	0.048
2159	21956	0.096	0.896	1.024	0.992
2159	21956	0.152	0.12	0.216	0.272
2159	21956	0.136	0.104	0.048	0.032
2159	21956	0.0	0.0	0.0	0.0
2159	21956	0.0	0.0	0.0	0.0
2159	21956	0.0	0.0	0.0	0.0
2159	21956	0.0	0.0	0.0	0.0
2159	21956	0.0	0.0	0.0	0.0
2159	21956	0.0	0.0	0.0	0.0
2159	21956	0.0	0.0	0.0	0.0
2159	21956	0.0	0.0	0.0	0.0
2159	21956	0.0	0.0	0.0	0.0
2159	21956	0.0	0.0	0.0	0.0
2159	21956	0.0	0.0	0.0	0.0
2159	21956	0.0	0.0	0.0	0.0
2159	21956	0.0	0.0	0.0	0.0
2159	21956	0.0	0.0	0.0	0.0
2159	21956	0.0	0.0	0.0	0.0
2159	21956	0.0	0.0	0.0	0.0
2159	21956	0.0	0.0	0.0	0.0
2159	21956	0.0	0.0	0.0	0.0
2159	21956	0.0	0.0	0.0	0.0
2159	21956	0.0	0.0	0.0	0.0
2159	21974	0.352	0.0	0.0	0.0
2159	21974	0.128	0.128	0.224	0.0
2159	21974	0.088	0.056	0.184	0.144
2159	21974	0.12	0.104	0.192	0.224
2159	21974	0.136	0.04	0.08	0.096
2159	21974	0.128	0.232	0.368	0.36
2159	21974	0.112	0.032	0.096	0.08
2159	21974	0.136	0.024	0.088	0.112
2159	21974	0.144	0.064	0.2	0.208
2159	21974	0.128	0.048	0.096	0.08
2159	21974	0.135	0.152	0.28	0.287
2159	21974	0.12	0.007	0.128	0.113
2159	21974	0.08	0.064	0.056	0.016
2159	21974	0.12	0.24	0.32	0.36
2159	21974	0.143	0.016	0.136	0.159
2159	21974	0.152	0.063	0.08	0.089
2159	21974	0.112	0.024	0.128	0.088
2159	21974	0.208	0.016	0.096	0.192
2159	21974	0.136	0.12	0.088	0.016
2159	21974	0.16	0.056	0.08	0.104
2159	21974	0.103	0.088	0.248	0.191
2159	21974	0.111	0.033	0.136	0.144
2159	21974	0.113	0.008	0.103	0.105
2159	21974	0.12	0.032	0.081	0.088
2159	21974	0.136	0.04	0.08	0.096
2159	21974	0.191	0.12	0.256	0.311
2159	21974	0.08	0.087	0.104	0.007
2159	21974	0.127	0.072	0.152	0.199
2159	21974	0.159	0.015	0.112	0.144
2159	21974	0.096	0.064	0.095	0.032
2159	21974	0.152	0.016	0.08	0.136
2159	21974	0.183	0.025	0.177	0.208
2159	21974	0.152	0.016	0.167	0.136
2159	21974	0.159	0.039	0.113	0.12
2159	21974	0.144	0.384	0.543	0.528
2159	21974	0.167	0.063	0.081	0.104
2159	21974	0.12	0.144	0.023	0.024
2159	21974	0.112	0.048	0.072	0.064
2159	21974	0.175	0.001	0.113	0.176
2159	21974	0.112	0.072	0.103	0.04
2159	21974	0.151	0.055	0.057	0.096
2159	21974	0.104	0.016	0.167	0.12
2159	21974	0.136	0.024	0.128	0.16
2159	21974	0.16	0.08	0.056	0.08
2159	21974	0.12	0.016	0.144	0.104
2159	21974	0.144	0.04	0.08	0.104
2159	21974	0.152	0.024	0.168	0.176
2159	21974	0.167	0.055	0.097	0.112
2159	21974	0.168	0.088	0.079	0.08
2159	21974	0.152	0.072	0.096	0.08
2159	21974	0.136	0.304	0.456	0.44
2159	21974	0.096	0.016	0.12	0.08
2159	21974	0.112	0.001	0.097	0.113
2159	21974	0.113	0.049	0.063	0.064
2159	21974	0.096	0.168	0.281	0.264
2159	21974	0.112	0.304	0.4	0.416
2159	21974	0.0	0.0	0.0	0.0
2159	21974	0.0	0.0	0.0	0.0
2159	21974	0.0	0.0	0.0	0.0
2159	21974	0.0	0.0	0.0	0.0
2159	21974	0.0	0.0	0.0	0.0
2159	21974	0.0	0.0	0.0	0.0
2159	21974	0.0	0.0	0.0	0.0
2159	21974	0.0	0.0	0.0	0.0
2159	21974	0.0	0.0	0.0	0.0
2159	21974	0.0	0.0	0.0	0.0
2159	21974	0.0	0.0	0.0	0.0
2159	21974	0.0	0.0	0.0	0.0
2159	21974	0.0	0.0	0.0	0.0
2159	21974	0.0	0.0	0.0	0.0
2159	21998	0.248	0.0	0.0	0.0
2159	21998	0.136	0.08	0.168	0.056
2159	21998	0.128	0.056	0.192	0.184
2159	21998	0.152	0.064	0.064	0.088
2159	21998	0.112	0.048	0.104	0.064
2159	21998	0.176	0.04	0.072	0.136
2159	21998	0.144	0.088	0.264	0.232
2159	21998	0.104	0.008	0.136	0.096
2159	21998	0.152	0.04	0.064	0.112
2159	21998	0.144	0.016	0.136	0.128
2159	21998	0.144	0.072	0.072	0.072
2159	21998	0.118	0.07	0.074	0.048
2159	21998	0.144	0.032	0.086	0.112
2159	21998	0.144	0.064	0.08	0.08
2159	21998	0.16	0.056	0.088	0.104
2159	21998	0.112	0.024	0.136	0.088
2159	21998	0.072	0.024	0.136	0.096
2159	21998	0.104	0.056	0.128	0.16
2159	21998	0.096	0.032	0.072	0.064
2159	21998	0.144	0.032	0.064	0.112
2159	21998	0.088	0.008	0.152	0.096
2159	21998	0.136	0.04	0.048	0.096
2159	21998	0.12	0.08	0.216	0.2
2159	21998	0.136	0.168	0.288	0.304
2159	21998	0.12	0.136	0.272	0.256
2159	21998	0.112	0.008	0.128	0.12
2159	21998	0.168	0.008	0.12	0.176
2159	21998	0.144	0.136	0.032	0.008
2159	21998	0.128	0.048	0.096	0.08
2159	21998	0.12	0.08	0.048	0.04
2159	21998	0.119	0.016	0.104	0.103
2159	21998	0.144	0.007	0.112	0.137
2159	21998	0.128	0.072	0.072	0.056
2159	21998	0.136	0.064	0.064	0.072
2159	21998	0.128	0.04	0.096	0.088
2159	21998	0.119	0.04	0.088	0.079
2159	21998	0.177	0.016	0.135	0.193
2159	21998	0.152	0.064	0.113	0.088
2159	21998	0.144	0.088	0.24	0.232
2159	21998	0.112	0.056	0.2	0.168
2159	21998	0.104	0.032	0.144	0.136
2159	21998	0.096	0.0	0.104	0.096
2159	21998	0.12	0.016	0.08	0.104
2159	21998	0.16	0.016	0.104	0.144
2159	21998	0.16	0.08	0.08	0.08
2159	21998	0.12	0.072	0.088	0.048
2159	21998	0.16	0.072	0.048	0.088
2159	21998	0.136	0.032	0.128	0.104
2159	21998	0.128	0.024	0.112	0.104
2159	21998	0.112	0.112	0.24	0.224
2159	21998	0.152	0.064	0.048	0.088
2159	21998	0.159	0.072	0.08	0.087
2159	21998	0.08	0.063	0.096	0.017
2159	21998	0.088	0.08	0.16	0.168
2159	21998	0.176	0.024	0.064	0.152
2159	21998	0.096	0.056	0.12	0.04
2159	21998	0.088	0.08	0.176	0.168
2159	21998	0.088	0.08	0.168	0.168
2159	21998	0.0	0.0	0.0	0.0
2159	21998	0.0	0.0	0.0	0.0
2159	21998	0.0	0.0	0.0	0.0
2159	21998	0.0	0.0	0.0	0.0
2159	21998	0.0	0.0	0.0	0.0
2159	21998	0.0	0.0	0.0	0.0
2159	21998	0.0	0.0	0.0	0.0
2159	21998	0.0	0.0	0.0	0.0
2159	21998	0.0	0.0	0.0	0.0
2159	21998	0.0	0.0	0.0	0.0
2159	21998	0.0	0.0	0.0	0.0
2159	21998	0.0	0.0	0.0	0.0
2159	22022	0.256	0.0	0.0	0.0
2159	22022	0.16	0.088	0.168	0.072
2159	22022	0.128	0.048	0.112	0.08
2159	22022	0.112	0.04	0.088	0.072
2159	22022	0.135	0.047	0.065	0.088
2159	22022	0.168	0.056	0.079	0.112
2159	22022	0.168	0.048	0.12	0.12
2159	22022	0.192	0.064	0.104	0.128
2159	22022	0.144	0.064	0.128	0.08
2159	22022	0.152	0.232	0.376	0.384
2159	22022	0.104	0.04	0.112	0.064
2159	22022	0.128	0.064	0.168	0.192
2159	22022	0.153	0.016	0.144	0.169
2159	22022	0.136	0.072	0.225	0.208
2159	22022	0.144	0.184	0.32	0.328
2159	22022	0.096	0.064	0.208	0.16
2159	22022	0.136	0.08	0.176	0.216
2159	22022	0.152	0.048	0.088	0.104
2159	22022	0.079	0.001	0.153	0.08
2159	22022	0.128	0.096	0.175	0.224
2159	22022	0.136	0.048	0.08	0.088
2159	22022	0.128	0.04	0.176	0.168
2159	22022	0.112	0.04	0.088	0.072
2159	22022	0.152	0.032	0.08	0.12
2159	22022	0.144	0.152	0.304	0.296
2159	22022	0.144	0.024	0.12	0.12
2159	22022	0.112	0.04	0.104	0.072
2159	22022	0.136	0.008	0.104	0.128
2159	22022	0.12	0.04	0.096	0.08
2159	22022	0.144	0.032	0.088	0.112
2159	22022	0.112	0.448	0.592	0.56
2159	22022	0.079	0.096	0.208	0.175
2159	22022	0.136	0.031	0.048	0.105
2159	22022	0.111	0.001	0.137	0.112
2159	22022	0.136	0.016	0.127	0.152
2159	22022	0.112	0.048	0.088	0.064
2159	22022	0.144	0.032	0.08	0.112
2159	22022	0.136	0.008	0.152	0.144
2159	22022	0.128	0.072	0.064	0.056
2159	22022	0.088	0.032	0.096	0.056
2159	22022	0.112	0.024	0.112	0.136
2159	22022	0.114	0.041	0.071	0.073
2159	22022	0.102	0.071	0.043	0.031
2159	22022	0.12	0.04	0.062	0.08
2159	22022	0.072	0.064	0.184	0.136
2159	22022	0.144	0.024	0.048	0.12
2159	22022	0.12	0.024	0.12	0.096
2159	22022	0.16	0.024	0.096	0.136
2159	22022	0.136	0.056	0.104	0.08
2159	22022	0.088	0.272	0.408	0.36
2159	22022	0.128	0.024	0.112	0.152
2159	22022	0.144	0.04	0.088	0.104
2159	22022	0.12	0.064	0.08	0.056
2159	22022	0.128	0.04	0.08	0.088
2159	22022	0.088	0.232	0.36	0.32
2159	22022	0.104	0.144	0.232	0.248
2159	22022	0.12	0.008	0.096	0.112
2159	22022	0.136	0.064	0.056	0.072
2159	22022	0.096	0.04	0.096	0.056
2159	22022	0.096	0.064	0.16	0.16
2159	22022	0.08	0.008	0.088	0.072
2159	22022	0.16	0.584	0.664	0.744
2159	22022	0.128	0.008	0.152	0.12
2159	22022	0.128	0.128	0.256	0.256
2159	22022	0.0	0.0	0.0	0.0
2159	22022	0.0	0.0	0.0	0.0
2159	22022	0.0	0.0	0.0	0.0
2159	22022	0.0	0.0	0.0	0.0
2159	22022	0.0	0.0	0.0	0.0
2159	22022	0.0	0.0	0.0	0.0
2159	22044	0.304	0.0	0.0	0.0
2159	22044	0.12	0.072	0.232	0.048
2159	22044	0.127	0.0	0.12	0.127
2159	22044	0.12	0.007	0.12	0.113
2159	22044	0.184	0.032	0.088	0.152
2159	22044	0.168	0.08	0.104	0.088
2159	22044	0.168	0.016	0.152	0.152
2159	22044	0.104	0.12	0.288	0.224
2159	22044	0.136	0.008	0.096	0.128
2159	22044	0.135	0.201	0.337	0.336
2159	22044	0.128	0.008	0.127	0.12
2159	22044	0.216	0.048	0.08	0.168
2159	22044	0.176	0.096	0.12	0.08
2159	22044	0.152	0.16	0.336	0.312
2159	22044	0.114	0.077	0.229	0.191
2159	22044	0.127	0.062	0.052	0.065
2159	22044	0.16	0.072	0.055	0.088
2159	22044	0.12	0.048	0.112	0.072
2159	22044	0.144	0.048	0.072	0.096
2159	22044	0.095	0.32	0.464	0.415
2159	22044	0.128	0.009	0.104	0.137
2159	22044	0.087	0.064	0.064	0.023
2159	22044	0.152	0.015	0.072	0.137
2159	22044	0.119	0.016	0.136	0.103
2159	22044	0.127	0.031	0.088	0.096
2159	22044	0.144	0.015	0.112	0.129
2159	22044	0.159	0.064	0.08	0.095
2159	22044	0.151	0.087	0.072	0.064
2159	22044	0.111	0.145	0.296	0.256
2159	22044	0.103	0.009	0.12	0.112
2159	22044	0.119	0.031	0.072	0.088
2159	22044	0.135	0.009	0.128	0.144
2159	22044	0.152	0.032	0.103	0.12
2159	22044	0.143	0.063	0.089	0.08
2159	22044	0.151	0.047	0.096	0.104
2159	22044	0.095	0.039	0.112	0.056
2159	22044	0.112	0.008	0.103	0.12
2159	22044	0.143	0.047	0.065	0.096
2159	22044	0.119	0.031	0.112	0.088
2159	22044	0.119	0.039	0.08	0.08
2159	22044	0.111	0.063	0.056	0.048
2159	22044	0.128	0.112	0.223	0.24
2159	22044	0.0	0.0	0.0	0.0
2159	22044	0.0	0.0	0.0	0.0
2159	22044	0.0	0.0	0.0	0.0
2159	22044	0.0	0.0	0.0	0.0
2159	22044	0.0	0.0	0.0	0.0
2159	22044	0.0	0.0	0.0	0.0
2159	22044	0.0	0.0	0.0	0.0
2159	22044	0.0	0.0	0.0	0.0
2159	22044	0.0	0.0	0.0	0.0
2159	22044	0.0	0.0	0.0	0.0
2159	22044	0.0	0.0	0.0	0.0
2159	22044	0.0	0.0	0.0	0.0
2159	22044	0.0	0.0	0.0	0.0
2159	22044	0.0	0.0	0.0	0.0
2159	22044	0.0	0.0	0.0	0.0
2159	22044	0.0	0.0	0.0	0.0
2159	22044	0.0	0.0	0.0	0.0
2159	22044	0.0	0.0	0.0	0.0
2159	22044	0.0	0.0	0.0	0.0
2159	22044	0.0	0.0	0.0	0.0
2159	22044	0.0	0.0	0.0	0.0
2159	22044	0.0	0.0	0.0	0.0
2159	22044	0.0	0.0	0.0	0.0
2159	22044	0.0	0.0	0.0	0.0
2159	22044	0.0	0.0	0.0	0.0
2159	22044	0.0	0.0	0.0	0.0
2159	22044	0.0	0.0	0.0	0.0
2159	22044	0.0	0.0	0.0	0.0
