PARTICIPANT_ID	TEST_SECTION_ID	HOLD_LATENCY	INTERKEY_LATENCY	PRESS_LATENCY	RELEASE_LATENCY
2229	22658	0.066	0.0	0.0	0.0
2229	22658	0.073	0.109	0.175	0.182
2229	22658	0.053	0.016	0.089	0.069
2229	22658	0.057	0.109	0.162	0.166
2229	22658	0.054	0.611	0.668	0.665
2229	22658	0.059	0.107	0.161	0.166
2229	22658	0.09	0.141	0.2	0.231
2229	22658	0.07	0.047	0.137	0.117
2229	22658	0.062	0.954	1.024	1.016
2229	22658	0.07	0.062	0.124	0.132
2229	22658	0.062	0.072	0.142	0.134
2229	22658	0.093	0.188	0.25	0.281
2229	22658	0.056	0.078	0.171	0.134
2229	22658	0.09	0.109	0.165	0.199
2229	22658	0.066	0.035	0.125	0.101
2229	22658	0.109	0.068	0.134	0.177
2229	22658	0.092	0.047	0.156	0.139
2229	22658	0.057	0.078	0.17	0.135
2229	22658	0.08	0.516	0.573	0.596
2229	22658	0.071	0.047	0.127	0.118
2229	22658	0.053	0.197	0.268	0.25
2229	22658	0.086	0.627	0.68	0.713
2229	22658	0.09	0.093	0.179	0.183
2229	22658	0.106	0.109	0.199	0.215
2229	22658	0.09	0.094	0.2	0.184
2229	22658	0.076	0.376	0.466	0.452
2229	22658	0.052	0.03	0.106	0.082
2229	22658	0.071	0.079	0.131	0.15
2229	22658	0.071	0.062	0.133	0.133
2229	22658	0.052	0.031	0.102	0.083
2229	22658	0.102	0.096	0.148	0.198
2229	22658	0.04	0.064	0.166	0.104
2229	22658	0.042	0.506	0.546	0.548
2229	22658	0.073	0.125	0.167	0.198
2229	22658	0.053	0.016	0.089	0.069
2229	22658	0.055	0.11	0.163	0.165
2229	22658	0.057	0.06	0.115	0.117
2229	22658	0.076	0.073	0.13	0.149
2229	22658	0.074	0.125	0.201	0.199
2229	22658	0.084	0.031	0.105	0.115
2229	22658	0.085	0.015	0.099	0.1
2229	22658	0.066	1.017	1.102	1.083
2229	22658	0.064	0.037	0.103	0.101
2229	22658	0.0	0.0	0.0	0.0
2229	22658	0.0	0.0	0.0	0.0
2229	22658	0.0	0.0	0.0	0.0
2229	22658	0.0	0.0	0.0	0.0
2229	22658	0.0	0.0	0.0	0.0
2229	22658	0.0	0.0	0.0	0.0
2229	22658	0.0	0.0	0.0	0.0
2229	22658	0.0	0.0	0.0	0.0
2229	22658	0.0	0.0	0.0	0.0
2229	22658	0.0	0.0	0.0	0.0
2229	22658	0.0	0.0	0.0	0.0
2229	22658	0.0	0.0	0.0	0.0
2229	22658	0.0	0.0	0.0	0.0
2229	22658	0.0	0.0	0.0	0.0
2229	22658	0.0	0.0	0.0	0.0
2229	22658	0.0	0.0	0.0	0.0
2229	22658	0.0	0.0	0.0	0.0
2229	22658	0.0	0.0	0.0	0.0
2229	22658	0.0	0.0	0.0	0.0
2229	22658	0.0	0.0	0.0	0.0
2229	22658	0.0	0.0	0.0	0.0
2229	22658	0.0	0.0	0.0	0.0
2229	22658	0.0	0.0	0.0	0.0
2229	22658	0.0	0.0	0.0	0.0
2229	22658	0.0	0.0	0.0	0.0
2229	22658	0.0	0.0	0.0	0.0
2229	22658	0.0	0.0	0.0	0.0
2229	22676	0.078	0.0	0.0	0.0
2229	22676	0.088	0.046	0.124	0.134
2229	22676	0.067	0.015	0.103	0.082
2229	22676	0.057	0.078	0.145	0.135
2229	22676	0.068	0.047	0.104	0.115
2229	22676	0.075	0.091	0.159	0.166
2229	22676	0.057	0.078	0.153	0.135
2229	22676	0.071	0.094	0.151	0.165
2229	22676	0.056	0.094	0.165	0.15
2229	22676	0.065	0.017	0.073	0.082
2229	22676	0.068	0.034	0.099	0.102
2229	22676	0.065	0.016	0.084	0.081
2229	22676	0.072	0.079	0.144	0.151
2229	22676	0.085	0.063	0.135	0.148
2229	22676	0.068	0.016	0.101	0.084
2229	22676	0.086	0.03	0.098	0.116
2229	22676	0.069	0.016	0.102	0.085
2229	22676	0.068	0.047	0.116	0.115
2229	22676	0.074	0.642	0.71	0.716
2229	22676	0.068	0.0	0.074	0.068
2229	22676	0.054	0.045	0.113	0.099
2229	22676	0.08	0.234	0.288	0.314
2229	22676	0.071	0.047	0.127	0.118
2229	22676	0.098	0.266	0.337	0.364
2229	22676	0.074	0.344	0.442	0.418
2229	22676	0.049	0.135	0.209	0.184
2229	22676	0.069	0.063	0.112	0.132
2229	22676	0.075	0.141	0.21	0.216
2229	22676	0.075	0.125	0.2	0.2
2229	22676	0.087	0.312	0.387	0.399
2229	22676	0.068	0.165	0.252	0.233
2229	22676	0.061	0.157	0.225	0.218
2229	22676	0.077	0.088	0.149	0.165
2229	22676	0.065	0.267	0.344	0.332
2229	22676	0.069	0.047	0.112	0.116
2229	22676	0.083	0.084	0.153	0.167
2229	22676	0.071	0.063	0.146	0.134
2229	22676	0.09	0.109	0.18	0.199
2229	22676	0.032	0.187	0.277	0.219
2229	22676	0.072	0.125	0.157	0.197
2229	22676	0.066	0.435	0.507	0.501
2229	22676	0.082	0.25	0.316	0.332
2229	22676	0.071	0.312	0.394	0.383
2229	22676	0.071	0.078	0.149	0.149
2229	22676	0.062	0.282	0.353	0.344
2229	22676	0.0	0.0	0.0	0.0
2229	22676	0.0	0.0	0.0	0.0
2229	22676	0.0	0.0	0.0	0.0
2229	22676	0.0	0.0	0.0	0.0
2229	22676	0.0	0.0	0.0	0.0
2229	22676	0.0	0.0	0.0	0.0
2229	22676	0.0	0.0	0.0	0.0
2229	22676	0.0	0.0	0.0	0.0
2229	22676	0.0	0.0	0.0	0.0
2229	22676	0.0	0.0	0.0	0.0
2229	22676	0.0	0.0	0.0	0.0
2229	22676	0.0	0.0	0.0	0.0
2229	22676	0.0	0.0	0.0	0.0
2229	22676	0.0	0.0	0.0	0.0
2229	22676	0.0	0.0	0.0	0.0
2229	22676	0.0	0.0	0.0	0.0
2229	22676	0.0	0.0	0.0	0.0
2229	22676	0.0	0.0	0.0	0.0
2229	22676	0.0	0.0	0.0	0.0
2229	22676	0.0	0.0	0.0	0.0
2229	22676	0.0	0.0	0.0	0.0
2229	22676	0.0	0.0	0.0	0.0
2229	22676	0.0	0.0	0.0	0.0
2229	22676	0.0	0.0	0.0	0.0
2229	22676	0.0	0.0	0.0	0.0
2229	22697	0.068	0.0	0.0	0.0
2229	22697	0.069	0.063	0.131	0.132
2229	22697	0.076	0.141	0.21	0.217
2229	22697	0.072	0.11	0.186	0.182
2229	22697	0.104	0.078	0.15	0.182
2229	22697	0.055	0.098	0.202	0.153
2229	22697	0.051	0.031	0.086	0.082
2229	22697	0.069	0.047	0.098	0.116
2229	22697	0.056	0.078	0.147	0.134
2229	22697	0.07	0.078	0.134	0.148
2229	22697	0.087	0.013	0.083	0.1
2229	22697	0.101	0.047	0.134	0.148
2229	22697	0.059	0.078	0.179	0.137
2229	22697	0.069	0.047	0.106	0.116
2229	22697	0.049	1.581	1.65	1.63
2229	22697	0.043	0.042	0.091	0.085
2229	22697	0.0	0.0	0.0	0.0
2229	22697	0.0	0.0	0.0	0.0
2229	22697	0.0	0.0	0.0	0.0
2229	22697	0.0	0.0	0.0	0.0
2229	22697	0.0	0.0	0.0	0.0
2229	22697	0.0	0.0	0.0	0.0
2229	22697	0.0	0.0	0.0	0.0
2229	22697	0.0	0.0	0.0	0.0
2229	22697	0.0	0.0	0.0	0.0
2229	22697	0.0	0.0	0.0	0.0
2229	22697	0.0	0.0	0.0	0.0
2229	22697	0.0	0.0	0.0	0.0
2229	22697	0.0	0.0	0.0	0.0
2229	22697	0.0	0.0	0.0	0.0
2229	22697	0.0	0.0	0.0	0.0
2229	22697	0.0	0.0	0.0	0.0
2229	22697	0.0	0.0	0.0	0.0
2229	22697	0.0	0.0	0.0	0.0
2229	22697	0.0	0.0	0.0	0.0
2229	22697	0.0	0.0	0.0	0.0
2229	22697	0.0	0.0	0.0	0.0
2229	22697	0.0	0.0	0.0	0.0
2229	22697	0.0	0.0	0.0	0.0
2229	22697	0.0	0.0	0.0	0.0
2229	22697	0.0	0.0	0.0	0.0
2229	22697	0.0	0.0	0.0	0.0
2229	22697	0.0	0.0	0.0	0.0
2229	22697	0.0	0.0	0.0	0.0
2229	22697	0.0	0.0	0.0	0.0
2229	22697	0.0	0.0	0.0	0.0
2229	22697	0.0	0.0	0.0	0.0
2229	22697	0.0	0.0	0.0	0.0
2229	22697	0.0	0.0	0.0	0.0
2229	22697	0.0	0.0	0.0	0.0
2229	22697	0.0	0.0	0.0	0.0
2229	22697	0.0	0.0	0.0	0.0
2229	22697	0.0	0.0	0.0	0.0
2229	22697	0.0	0.0	0.0	0.0
2229	22697	0.0	0.0	0.0	0.0
2229	22697	0.0	0.0	0.0	0.0
2229	22697	0.0	0.0	0.0	0.0
2229	22697	0.0	0.0	0.0	0.0
2229	22697	0.0	0.0	0.0	0.0
2229	22697	0.0	0.0	0.0	0.0
2229	22697	0.0	0.0	0.0	0.0
2229	22697	0.0	0.0	0.0	0.0
2229	22697	0.0	0.0	0.0	0.0
2229	22697	0.0	0.0	0.0	0.0
2229	22697	0.0	0.0	0.0	0.0
2229	22697	0.0	0.0	0.0	0.0
2229	22697	0.0	0.0	0.0	0.0
2229	22697	0.0	0.0	0.0	0.0
2229	22697	0.0	0.0	0.0	0.0
2229	22697	0.0	0.0	0.0	0.0
2229	22707	0.05	0.0	0.0	0.0
2229	22707	0.068	0.015	0.065	0.083
2229	22707	0.067	0.032	0.1	0.099
2229	22707	0.068	0.032	0.099	0.1
2229	22707	0.088	0.094	0.162	0.182
2229	22707	0.021	0.147	0.235	0.168
2229	22707	0.017	0.126	0.147	0.143
2229	22707	0.05	0.056	0.073	0.106
2229	22707	0.044	0.141	0.191	0.185
2229	22707	0.1	0.031	0.075	0.131
2229	22707	0.082	0.068	0.168	0.15
2229	22707	0.07	0.113	0.195	0.183
2229	22707	0.059	0.109	0.179	0.168
2229	22707	0.068	0.062	0.121	0.13
2229	22707	0.056	0.313	0.381	0.369
2229	22707	0.065	0.053	0.109	0.118
2229	22707	0.098	0.047	0.112	0.145
2229	22707	0.086	0.047	0.145	0.133
2229	22707	0.077	0.141	0.227	0.218
2229	22707	0.055	0.234	0.311	0.289
2229	22707	0.075	0.018	0.073	0.093
2229	22707	0.06	0.125	0.2	0.185
2229	22707	0.075	0.14	0.2	0.215
2229	22707	0.056	0.094	0.169	0.15
2229	22707	0.086	0.078	0.134	0.164
2229	22707	0.078	0.089	0.175	0.167
2229	22707	0.058	0.11	0.188	0.168
2229	22707	0.072	0.11	0.168	0.182
2229	22707	0.07	0.079	0.151	0.149
2229	22707	0.108	0.141	0.211	0.249
2229	22707	0.073	0.444	0.552	0.517
2229	22707	0.07	0.047	0.12	0.117
2229	22707	0.081	0.235	0.305	0.316
2229	22707	0.057	0.043	0.124	0.1
2229	22707	0.072	0.078	0.135	0.15
2229	22707	0.058	0.241	0.313	0.299
2229	22707	0.091	0.156	0.214	0.247
2229	22707	0.054	0.032	0.123	0.086
2229	22707	0.07	0.062	0.116	0.132
2229	22707	0.077	0.039	0.109	0.116
2229	22707	0.085	0.032	0.109	0.117
2229	22707	0.041	0.079	0.164	0.12
2229	22707	0.041	0.323	0.364	0.364
2229	22707	0.077	0.188	0.229	0.265
2229	22707	0.061	0.14	0.217	0.201
2229	22707	0.064	0.218	0.279	0.282
2229	22707	0.06	0.439	0.503	0.499
2229	22707	0.054	0.063	0.123	0.117
2229	22707	0.074	0.093	0.147	0.167
2229	22707	0.068	0.015	0.089	0.083
2229	22707	0.068	0.031	0.099	0.099
2229	22707	0.071	0.062	0.13	0.133
2229	22707	0.091	0.022	0.093	0.113
2229	22707	0.065	0.121	0.212	0.186
2229	22707	0.067	0.016	0.081	0.083
2229	22707	0.053	0.158	0.225	0.211
2229	22707	0.084	0.137	0.19	0.221
2229	22707	0.0	0.0	0.0	0.0
2229	22707	0.0	0.0	0.0	0.0
2229	22707	0.0	0.0	0.0	0.0
2229	22707	0.0	0.0	0.0	0.0
2229	22707	0.0	0.0	0.0	0.0
2229	22707	0.0	0.0	0.0	0.0
2229	22707	0.0	0.0	0.0	0.0
2229	22707	0.0	0.0	0.0	0.0
2229	22707	0.0	0.0	0.0	0.0
2229	22707	0.0	0.0	0.0	0.0
2229	22707	0.0	0.0	0.0	0.0
2229	22707	0.0	0.0	0.0	0.0
2229	22707	0.0	0.0	0.0	0.0
2229	22726	0.072	0.0	0.0	0.0
2229	22726	0.067	0.016	0.088	0.083
2229	22726	0.059	0.093	0.16	0.152
2229	22726	0.053	0.063	0.122	0.116
2229	22726	0.073	0.109	0.162	0.182
2229	22726	0.076	0.006	0.079	0.082
2229	22726	0.073	0.062	0.138	0.135
2229	22726	0.085	0.063	0.136	0.148
2229	22726	0.088	0.062	0.147	0.15
2229	22726	0.091	0.125	0.213	0.216
2229	22726	0.058	0.027	0.118	0.085
2229	22726	0.072	0.094	0.152	0.166
2229	22726	0.071	0.328	0.4	0.399
2229	22726	0.069	0.015	0.086	0.084
2229	22726	0.069	0.063	0.132	0.132
2229	22726	0.064	0.019	0.088	0.083
2229	22726	0.054	0.047	0.111	0.101
2229	22726	0.087	0.078	0.132	0.165
2229	22726	0.072	0.344	0.431	0.416
2229	22726	0.059	0.157	0.229	0.216
2229	22726	0.068	0.4	0.459	0.468
2229	22726	0.059	0.14	0.208	0.199
2229	22726	0.051	0.265	0.324	0.316
2229	22726	0.072	0.094	0.145	0.166
2229	22726	0.055	0.062	0.134	0.117
2229	22726	0.07	0.113	0.168	0.183
2229	22726	0.072	0.095	0.165	0.167
2229	22726	0.069	0.063	0.135	0.132
2229	22726	0.1	0.031	0.1	0.131
2229	22726	0.068	0.25	0.35	0.318
2229	22726	0.0	0.0	0.0	0.0
2229	22726	0.0	0.0	0.0	0.0
2229	22726	0.0	0.0	0.0	0.0
2229	22726	0.0	0.0	0.0	0.0
2229	22726	0.0	0.0	0.0	0.0
2229	22726	0.0	0.0	0.0	0.0
2229	22726	0.0	0.0	0.0	0.0
2229	22726	0.0	0.0	0.0	0.0
2229	22726	0.0	0.0	0.0	0.0
2229	22726	0.0	0.0	0.0	0.0
2229	22726	0.0	0.0	0.0	0.0
2229	22726	0.0	0.0	0.0	0.0
2229	22726	0.0	0.0	0.0	0.0
2229	22726	0.0	0.0	0.0	0.0
2229	22726	0.0	0.0	0.0	0.0
2229	22726	0.0	0.0	0.0	0.0
2229	22726	0.0	0.0	0.0	0.0
2229	22726	0.0	0.0	0.0	0.0
2229	22726	0.0	0.0	0.0	0.0
2229	22726	0.0	0.0	0.0	0.0
2229	22726	0.0	0.0	0.0	0.0
2229	22726	0.0	0.0	0.0	0.0
2229	22726	0.0	0.0	0.0	0.0
2229	22726	0.0	0.0	0.0	0.0
2229	22726	0.0	0.0	0.0	0.0
2229	22726	0.0	0.0	0.0	0.0
2229	22726	0.0	0.0	0.0	0.0
2229	22726	0.0	0.0	0.0	0.0
2229	22726	0.0	0.0	0.0	0.0
2229	22726	0.0	0.0	0.0	0.0
2229	22726	0.0	0.0	0.0	0.0
2229	22726	0.0	0.0	0.0	0.0
2229	22726	0.0	0.0	0.0	0.0
2229	22726	0.0	0.0	0.0	0.0
2229	22726	0.0	0.0	0.0	0.0
2229	22726	0.0	0.0	0.0	0.0
2229	22726	0.0	0.0	0.0	0.0
2229	22726	0.0	0.0	0.0	0.0
2229	22726	0.0	0.0	0.0	0.0
2229	22726	0.0	0.0	0.0	0.0
2229	22737	0.081	0.0	0.0	0.0
2229	22737	0.07	0.047	0.128	0.117
2229	22737	0.071	0.046	0.116	0.117
2229	22737	0.058	0.093	0.164	0.151
2229	22737	0.071	0.11	0.168	0.181
2229	22737	0.052	0.067	0.138	0.119
2229	22737	0.054	0.062	0.114	0.116
2229	22737	0.073	0.109	0.163	0.182
2229	22737	0.055	0.078	0.151	0.133
2229	22737	0.054	0.063	0.118	0.117
2229	22737	0.089	0.158	0.212	0.247
2229	22737	0.075	0.094	0.183	0.169
2229	22737	0.082	0.203	0.278	0.285
2229	22737	0.083	0.097	0.179	0.18
2229	22737	0.07	0.047	0.13	0.117
2229	22737	0.07	0.162	0.232	0.232
2229	22737	0.054	0.047	0.117	0.101
2229	22737	0.044	0.091	0.145	0.135
2229	22737	0.068	0.312	0.356	0.38
2229	22737	0.06	0.063	0.131	0.123
2229	22737	0.06	0.117	0.177	0.177
2229	22737	0.035	0.235	0.295	0.27
2229	22737	0.066	0.264	0.299	0.33
2229	22737	0.085	0.062	0.128	0.147
2229	22737	0.067	0.234	0.319	0.301
2229	22737	0.076	0.14	0.207	0.216
2229	22737	0.062	0.015	0.091	0.077
2229	22737	0.071	0.085	0.147	0.156
2229	22737	0.071	0.062	0.133	0.133
2229	22737	0.069	0.031	0.102	0.1
2229	22737	0.071	0.078	0.147	0.149
2229	22737	0.057	0.11	0.181	0.167
2229	22737	0.054	0.063	0.12	0.117
2229	22737	0.061	0.055	0.109	0.116
2229	22737	0.0	0.0	0.0	0.0
2229	22737	0.0	0.0	0.0	0.0
2229	22737	0.0	0.0	0.0	0.0
2229	22737	0.0	0.0	0.0	0.0
2229	22737	0.0	0.0	0.0	0.0
2229	22737	0.0	0.0	0.0	0.0
2229	22737	0.0	0.0	0.0	0.0
2229	22737	0.0	0.0	0.0	0.0
2229	22737	0.0	0.0	0.0	0.0
2229	22737	0.0	0.0	0.0	0.0
2229	22737	0.0	0.0	0.0	0.0
2229	22737	0.0	0.0	0.0	0.0
2229	22737	0.0	0.0	0.0	0.0
2229	22737	0.0	0.0	0.0	0.0
2229	22737	0.0	0.0	0.0	0.0
2229	22737	0.0	0.0	0.0	0.0
2229	22737	0.0	0.0	0.0	0.0
2229	22737	0.0	0.0	0.0	0.0
2229	22737	0.0	0.0	0.0	0.0
2229	22737	0.0	0.0	0.0	0.0
2229	22737	0.0	0.0	0.0	0.0
2229	22737	0.0	0.0	0.0	0.0
2229	22737	0.0	0.0	0.0	0.0
2229	22737	0.0	0.0	0.0	0.0
2229	22737	0.0	0.0	0.0	0.0
2229	22737	0.0	0.0	0.0	0.0
2229	22737	0.0	0.0	0.0	0.0
2229	22737	0.0	0.0	0.0	0.0
2229	22737	0.0	0.0	0.0	0.0
2229	22737	0.0	0.0	0.0	0.0
2229	22737	0.0	0.0	0.0	0.0
2229	22737	0.0	0.0	0.0	0.0
2229	22737	0.0	0.0	0.0	0.0
2229	22737	0.0	0.0	0.0	0.0
2229	22737	0.0	0.0	0.0	0.0
2229	22737	0.0	0.0	0.0	0.0
2229	22752	0.062	0.0	0.0	0.0
2229	22752	0.074	0.141	0.203	0.215
2229	22752	0.058	0.125	0.199	0.183
2229	22752	0.055	0.047	0.105	0.102
2229	22752	0.086	0.062	0.117	0.148
2229	22752	0.068	0.05	0.136	0.118
2229	22752	0.046	0.383	0.451	0.429
2229	22752	0.062	0.174	0.22	0.236
2229	22752	0.068	0.047	0.109	0.115
2229	22752	0.07	0.047	0.115	0.117
2229	22752	0.083	0.016	0.086	0.099
2229	22752	0.059	0.141	0.224	0.2
2229	22752	0.085	0.269	0.328	0.354
2229	22752	0.055	0.025	0.06	0.03
2229	22752	0.052	0.078	0.133	0.13
2229	22752	0.071	0.065	0.117	0.136
2229	22752	0.062	0.088	0.159	0.15
2229	22752	0.069	0.063	0.125	0.132
2229	22752	0.084	0.032	0.101	0.116
2229	22752	0.065	0.187	0.271	0.252
2229	22752	0.072	0.032	0.097	0.104
2229	22752	0.069	0.058	0.13	0.127
2229	22752	0.0	0.0	0.0	0.0
2229	22752	0.0	0.0	0.0	0.0
2229	22752	0.0	0.0	0.0	0.0
2229	22752	0.0	0.0	0.0	0.0
2229	22752	0.0	0.0	0.0	0.0
2229	22752	0.0	0.0	0.0	0.0
2229	22752	0.0	0.0	0.0	0.0
2229	22752	0.0	0.0	0.0	0.0
2229	22752	0.0	0.0	0.0	0.0
2229	22752	0.0	0.0	0.0	0.0
2229	22752	0.0	0.0	0.0	0.0
2229	22752	0.0	0.0	0.0	0.0
2229	22752	0.0	0.0	0.0	0.0
2229	22752	0.0	0.0	0.0	0.0
2229	22752	0.0	0.0	0.0	0.0
2229	22752	0.0	0.0	0.0	0.0
2229	22752	0.0	0.0	0.0	0.0
2229	22752	0.0	0.0	0.0	0.0
2229	22752	0.0	0.0	0.0	0.0
2229	22752	0.0	0.0	0.0	0.0
2229	22752	0.0	0.0	0.0	0.0
2229	22752	0.0	0.0	0.0	0.0
2229	22752	0.0	0.0	0.0	0.0
2229	22752	0.0	0.0	0.0	0.0
2229	22752	0.0	0.0	0.0	0.0
2229	22752	0.0	0.0	0.0	0.0
2229	22752	0.0	0.0	0.0	0.0
2229	22752	0.0	0.0	0.0	0.0
2229	22752	0.0	0.0	0.0	0.0
2229	22752	0.0	0.0	0.0	0.0
2229	22752	0.0	0.0	0.0	0.0
2229	22752	0.0	0.0	0.0	0.0
2229	22752	0.0	0.0	0.0	0.0
2229	22752	0.0	0.0	0.0	0.0
2229	22752	0.0	0.0	0.0	0.0
2229	22752	0.0	0.0	0.0	0.0
2229	22752	0.0	0.0	0.0	0.0
2229	22752	0.0	0.0	0.0	0.0
2229	22752	0.0	0.0	0.0	0.0
2229	22752	0.0	0.0	0.0	0.0
2229	22752	0.0	0.0	0.0	0.0
2229	22752	0.0	0.0	0.0	0.0
2229	22752	0.0	0.0	0.0	0.0
2229	22752	0.0	0.0	0.0	0.0
2229	22752	0.0	0.0	0.0	0.0
2229	22752	0.0	0.0	0.0	0.0
2229	22752	0.0	0.0	0.0	0.0
2229	22752	0.0	0.0	0.0	0.0
2229	22761	0.098	0.0	0.0	0.0
2229	22761	0.063	0.187	0.285	0.25
2229	22761	0.053	0.047	0.11	0.1
2229	22761	0.076	0.19	0.243	0.266
2229	22761	0.072	0.078	0.154	0.15
2229	22761	0.085	0.097	0.169	0.182
2229	22761	0.069	0.031	0.116	0.1
2229	22761	0.088	0.078	0.147	0.166
2229	22761	0.055	0.079	0.167	0.134
2229	22761	0.07	0.246	0.301	0.316
2229	22761	0.065	0.135	0.205	0.2
2229	22761	0.053	0.063	0.128	0.116
2229	22761	0.03	0.063	0.116	0.093
2229	22761	0.068	0.056	0.086	0.124
2229	22761	0.025	0.332	0.4	0.357
2229	22761	0.026	0.004	0.029	0.03
2229	22761	0.065	0.061	0.087	0.126
2229	22761	0.072	0.096	0.161	0.168
2229	22761	0.071	0.08	0.152	0.151
2229	22761	0.074	0.124	0.195	0.198
2229	22761	0.084	0.031	0.105	0.115
2229	22761	0.083	0.533	0.617	0.616
2229	22761	0.066	0.046	0.129	0.112
2229	22761	0.034	0.054	0.12	0.088
2229	22761	0.05	0.035	0.069	0.085
2229	22761	0.068	0.58	0.63	0.648
2229	22761	0.054	0.047	0.115	0.101
2229	22761	0.049	0.023	0.077	0.072
2229	22761	0.068	0.058	0.107	0.126
2229	22761	0.07	0.047	0.115	0.117
2229	22761	0.056	0.078	0.148	0.134
2229	22761	0.08	0.14	0.196	0.22
2229	22761	0.068	0.077	0.157	0.145
2229	22761	0.052	0.265	0.333	0.317
2229	22761	0.057	0.109	0.161	0.166
2229	22761	0.056	0.094	0.151	0.15
2229	22761	0.035	0.015	0.071	0.05
2229	22761	0.091	0.058	0.093	0.149
2229	22761	0.064	0.734	0.825	0.798
2229	22761	0.0	0.0	0.0	0.0
2229	22761	0.0	0.0	0.0	0.0
2229	22761	0.0	0.0	0.0	0.0
2229	22761	0.0	0.0	0.0	0.0
2229	22761	0.0	0.0	0.0	0.0
2229	22761	0.0	0.0	0.0	0.0
2229	22761	0.0	0.0	0.0	0.0
2229	22761	0.0	0.0	0.0	0.0
2229	22761	0.0	0.0	0.0	0.0
2229	22761	0.0	0.0	0.0	0.0
2229	22761	0.0	0.0	0.0	0.0
2229	22761	0.0	0.0	0.0	0.0
2229	22761	0.0	0.0	0.0	0.0
2229	22761	0.0	0.0	0.0	0.0
2229	22761	0.0	0.0	0.0	0.0
2229	22761	0.0	0.0	0.0	0.0
2229	22761	0.0	0.0	0.0	0.0
2229	22761	0.0	0.0	0.0	0.0
2229	22761	0.0	0.0	0.0	0.0
2229	22761	0.0	0.0	0.0	0.0
2229	22761	0.0	0.0	0.0	0.0
2229	22761	0.0	0.0	0.0	0.0
2229	22761	0.0	0.0	0.0	0.0
2229	22761	0.0	0.0	0.0	0.0
2229	22761	0.0	0.0	0.0	0.0
2229	22761	0.0	0.0	0.0	0.0
2229	22761	0.0	0.0	0.0	0.0
2229	22761	0.0	0.0	0.0	0.0
2229	22761	0.0	0.0	0.0	0.0
2229	22761	0.0	0.0	0.0	0.0
2229	22761	0.0	0.0	0.0	0.0
2229	22775	0.069	0.0	0.0	0.0
2229	22775	0.087	0.063	0.132	0.15
2229	22775	0.069	0.047	0.134	0.116
2229	22775	0.069	0.016	0.085	0.085
2229	22775	0.088	0.11	0.179	0.198
2229	22775	0.067	0.116	0.204	0.183
2229	22775	0.071	0.063	0.13	0.134
2229	22775	0.083	0.0	0.071	0.083
2229	22775	0.055	0.078	0.161	0.133
2229	22775	0.09	0.109	0.164	0.199
2229	22775	0.054	0.131	0.221	0.185
2229	22775	0.077	0.187	0.241	0.264
2229	22775	0.074	0.109	0.186	0.183
2229	22775	0.073	0.078	0.152	0.151
2229	22775	0.075	0.174	0.247	0.249
2229	22775	0.069	0.013	0.088	0.082
2229	22775	0.086	0.064	0.133	0.15
2229	22775	0.042	0.109	0.195	0.151
2229	22775	0.058	0.109	0.151	0.167
2229	22775	0.062	0.235	0.293	0.297
2229	22775	0.067	0.085	0.147	0.152
2229	22775	0.125	0.187	0.254	0.312
2229	22775	0.059	0.328	0.453	0.387
2229	22775	0.046	0.078	0.137	0.124
2229	22775	0.054	0.071	0.117	0.125
2229	22775	0.083	0.017	0.071	0.1
2229	22775	0.069	1.045	1.128	1.114
2229	22775	0.067	0.234	0.303	0.301
2229	22775	0.085	0.078	0.145	0.163
2229	22775	0.069	0.034	0.119	0.103
2229	22775	0.055	0.094	0.163	0.149
2229	22775	0.0	0.0	0.0	0.0
2229	22775	0.0	0.0	0.0	0.0
2229	22775	0.0	0.0	0.0	0.0
2229	22775	0.0	0.0	0.0	0.0
2229	22775	0.0	0.0	0.0	0.0
2229	22775	0.0	0.0	0.0	0.0
2229	22775	0.0	0.0	0.0	0.0
2229	22775	0.0	0.0	0.0	0.0
2229	22775	0.0	0.0	0.0	0.0
2229	22775	0.0	0.0	0.0	0.0
2229	22775	0.0	0.0	0.0	0.0
2229	22775	0.0	0.0	0.0	0.0
2229	22775	0.0	0.0	0.0	0.0
2229	22775	0.0	0.0	0.0	0.0
2229	22775	0.0	0.0	0.0	0.0
2229	22775	0.0	0.0	0.0	0.0
2229	22775	0.0	0.0	0.0	0.0
2229	22775	0.0	0.0	0.0	0.0
2229	22775	0.0	0.0	0.0	0.0
2229	22775	0.0	0.0	0.0	0.0
2229	22775	0.0	0.0	0.0	0.0
2229	22775	0.0	0.0	0.0	0.0
2229	22775	0.0	0.0	0.0	0.0
2229	22775	0.0	0.0	0.0	0.0
2229	22775	0.0	0.0	0.0	0.0
2229	22775	0.0	0.0	0.0	0.0
2229	22775	0.0	0.0	0.0	0.0
2229	22775	0.0	0.0	0.0	0.0
2229	22775	0.0	0.0	0.0	0.0
2229	22775	0.0	0.0	0.0	0.0
2229	22775	0.0	0.0	0.0	0.0
2229	22775	0.0	0.0	0.0	0.0
2229	22775	0.0	0.0	0.0	0.0
2229	22775	0.0	0.0	0.0	0.0
2229	22775	0.0	0.0	0.0	0.0
2229	22775	0.0	0.0	0.0	0.0
2229	22775	0.0	0.0	0.0	0.0
2229	22775	0.0	0.0	0.0	0.0
2229	22775	0.0	0.0	0.0	0.0
2229	22788	0.067	0.0	0.0	0.0
2229	22788	0.061	0.156	0.223	0.217
2229	22788	0.07	0.078	0.139	0.148
2229	22788	0.057	0.094	0.164	0.151
2229	22788	0.072	0.093	0.15	0.165
2229	22788	0.075	0.076	0.148	0.151
2229	22788	0.07	0.062	0.137	0.132
2229	22788	0.071	0.079	0.149	0.15
2229	22788	0.094	0.088	0.159	0.182
2229	22788	0.112	0.203	0.297	0.315
2229	22788	0.071	0.113	0.225	0.184
2229	22788	0.068	0.0	0.071	0.068
2229	22788	0.053	0.063	0.131	0.116
2229	22788	0.059	0.125	0.178	0.184
2229	22788	0.052	0.078	0.137	0.13
2229	22788	0.059	0.143	0.195	0.202
2229	22788	0.062	0.454	0.513	0.516
2229	22788	0.067	0.282	0.344	0.349
2229	22788	0.058	0.971	1.038	1.029
2229	22788	0.068	0.019	0.077	0.087
2229	22788	0.098	0.015	0.083	0.113
2229	22788	0.07	0.115	0.213	0.185
2229	22788	0.056	0.094	0.164	0.15
2229	22788	0.083	0.266	0.322	0.349
2229	22788	0.084	0.015	0.098	0.099
2229	22788	0.072	0.094	0.178	0.166
2229	22788	0.05	0.085	0.157	0.135
2229	22788	0.057	0.127	0.177	0.184
2229	22788	0.07	0.078	0.135	0.148
2229	22788	0.07	0.063	0.133	0.133
2229	22788	0.056	0.14	0.21	0.196
2229	22788	0.065	0.105	0.161	0.17
2229	22788	0.07	0.063	0.128	0.133
2229	22788	0.027	0.14	0.21	0.167
2229	22788	0.054	0.096	0.123	0.15
2229	22788	0.061	0.422	0.476	0.483
2229	22788	0.053	0.062	0.123	0.115
2229	22788	0.064	0.402	0.455	0.466
2229	22788	0.07	0.247	0.311	0.317
2229	22788	0.056	0.376	0.446	0.432
2229	22788	0.075	0.407	0.463	0.482
2229	22788	0.078	0.172	0.247	0.25
2229	22788	0.087	0.062	0.14	0.149
2229	22788	0.056	0.062	0.149	0.118
2229	22788	0.083	0.15	0.206	0.233
2229	22788	0.09	0.14	0.223	0.23
2229	22788	0.061	0.14	0.23	0.201
2229	22788	0.089	0.125	0.186	0.214
2229	22788	0.026	0.14	0.229	0.166
2229	22788	0.02	0.005	0.031	0.025
2229	22788	0.115	0.075	0.095	0.19
2229	22788	0.077	0.094	0.209	0.171
2229	22788	0.06	0.109	0.186	0.169
2229	22788	0.057	0.14	0.2	0.197
2229	22788	0.05	0.113	0.17	0.163
2229	22788	0.07	0.066	0.116	0.136
2229	22788	0.058	0.109	0.179	0.167
2229	22788	0.064	0.203	0.261	0.267
2229	22788	0.057	0.158	0.222	0.215
2229	22788	0.049	0.018	0.075	0.067
2229	22788	0.088	0.094	0.143	0.182
2229	22788	0.052	0.132	0.22	0.184
2229	22788	0.051	0.016	0.068	0.067
2229	22788	0.087	0.094	0.145	0.181
2229	22788	0.073	0.027	0.114	0.1
2229	22788	0.087	0.031	0.104	0.118
2229	22788	0.056	0.477	0.564	0.533
2229	22788	0.051	0.015	0.071	0.066
2229	22788	0.053	0.047	0.098	0.1
2229	22788	0.044	0.071	0.124	0.115
2229	22806	0.074	0.0	0.0	0.0
2229	22806	0.071	0.062	0.136	0.133
2229	22806	0.071	0.062	0.133	0.133
2229	22806	0.07	0.062	0.133	0.132
2229	22806	0.05	0.0	0.07	0.05
2229	22806	0.076	0.057	0.107	0.133
2229	22806	0.041	0.11	0.186	0.151
2229	22806	0.071	0.078	0.119	0.149
2229	22806	0.079	0.137	0.208	0.216
2229	22806	0.057	0.376	0.455	0.433
2229	22806	0.066	0.438	0.495	0.504
2229	22806	0.065	0.113	0.179	0.178
2229	22806	0.072	0.094	0.159	0.166
2229	22806	0.07	0.031	0.103	0.101
2229	22806	0.061	0.187	0.257	0.248
2229	22806	0.053	0.397	0.458	0.45
2229	22806	0.054	0.079	0.132	0.133
2229	22806	0.062	0.768	0.822	0.83
2229	22806	0.038	0.079	0.141	0.117
2229	22806	0.024	0.081	0.119	0.105
2229	22806	0.051	0.045	0.069	0.096
2229	22806	0.062	0.454	0.505	0.516
2229	22806	0.055	0.344	0.406	0.399
2229	22806	0.071	0.078	0.133	0.149
2229	22806	0.068	0.015	0.086	0.083
2229	22806	0.064	0.019	0.087	0.083
2229	22806	0.087	0.063	0.127	0.15
2229	22806	0.072	0.078	0.165	0.15
2229	22806	0.072	0.078	0.15	0.15
2229	22806	0.054	0.079	0.151	0.133
2229	22806	0.078	0.133	0.187	0.211
2229	22806	0.063	0.026	0.104	0.089
2229	22806	0.053	0.047	0.11	0.1
2229	22806	0.102	0.094	0.147	0.196
2229	22806	0.085	0.015	0.117	0.1
2229	22806	0.046	0.09	0.175	0.136
2229	22806	0.072	0.078	0.124	0.15
2229	22806	0.065	0.234	0.306	0.299
2229	22806	0.081	0.25	0.315	0.331
2229	22806	0.057	0.094	0.175	0.151
2229	22806	0.059	0.124	0.181	0.183
2229	22806	0.068	0.032	0.091	0.1
2229	22806	0.0	0.0	0.0	0.0
2229	22806	0.0	0.0	0.0	0.0
2229	22806	0.0	0.0	0.0	0.0
2229	22806	0.0	0.0	0.0	0.0
2229	22806	0.0	0.0	0.0	0.0
2229	22806	0.0	0.0	0.0	0.0
2229	22806	0.0	0.0	0.0	0.0
2229	22806	0.0	0.0	0.0	0.0
2229	22806	0.0	0.0	0.0	0.0
2229	22806	0.0	0.0	0.0	0.0
2229	22806	0.0	0.0	0.0	0.0
2229	22806	0.0	0.0	0.0	0.0
2229	22806	0.0	0.0	0.0	0.0
2229	22806	0.0	0.0	0.0	0.0
2229	22806	0.0	0.0	0.0	0.0
2229	22806	0.0	0.0	0.0	0.0
2229	22806	0.0	0.0	0.0	0.0
2229	22806	0.0	0.0	0.0	0.0
2229	22806	0.0	0.0	0.0	0.0
2229	22806	0.0	0.0	0.0	0.0
2229	22806	0.0	0.0	0.0	0.0
2229	22806	0.0	0.0	0.0	0.0
2229	22806	0.0	0.0	0.0	0.0
2229	22806	0.0	0.0	0.0	0.0
2229	22806	0.0	0.0	0.0	0.0
2229	22806	0.0	0.0	0.0	0.0
2229	22806	0.0	0.0	0.0	0.0
2229	22806	0.0	0.0	0.0	0.0
2229	22817	0.069	0.0	0.0	0.0
2229	22817	0.052	0.031	0.1	0.083
2229	22817	0.055	0.094	0.146	0.149
2229	22817	0.071	0.078	0.133	0.149
2229	22817	0.055	0.079	0.15	0.134
2229	22817	0.066	0.049	0.104	0.115
2229	22817	0.067	0.0	0.066	0.067
2229	22817	0.069	0.064	0.131	0.133
2229	22817	0.064	0.203	0.272	0.267
2229	22817	0.076	0.156	0.22	0.232
2229	22817	0.09	0.242	0.318	0.332
2229	22817	0.07	0.016	0.106	0.086
2229	22817	0.087	0.111	0.181	0.198
2229	22817	0.167	0.109	0.196	0.276
2229	22817	0.061	0.047	0.214	0.108
2229	22817	0.065	0.233	0.294	0.298
2229	22817	0.074	0.093	0.158	0.167
2229	22817	0.062	0.321	0.395	0.383
2229	22817	0.086	0.063	0.125	0.149
2229	22817	0.052	0.015	0.101	0.067
2229	22817	0.063	0.752	0.804	0.815
2229	22817	0.053	0.047	0.11	0.1
2229	22817	0.057	0.094	0.147	0.151
2229	22817	0.054	0.245	0.302	0.299
2229	22817	0.042	0.125	0.179	0.167
2229	22817	0.056	0.359	0.401	0.415
2229	22817	0.049	0.234	0.29	0.283
2229	22817	0.038	0.312	0.361	0.35
2229	22817	0.085	0.078	0.116	0.163
2229	22817	0.063	0.487	0.572	0.55
2229	22817	0.072	0.078	0.141	0.15
2229	22817	0.058	0.044	0.116	0.102
2229	22817	0.072	0.093	0.151	0.165
2229	22817	0.072	0.093	0.165	0.165
2229	22817	0.083	0.016	0.088	0.099
2229	22817	0.069	0.049	0.132	0.118
2229	22817	0.079	0.154	0.223	0.233
2229	22817	0.052	0.0	0.079	0.052
2229	22817	0.099	0.031	0.083	0.13
2229	22817	0.07	0.015	0.114	0.085
2229	22817	0.084	0.031	0.101	0.115
2229	22817	0.059	0.103	0.187	0.162
2229	22817	0.058	0.081	0.14	0.139
2229	22817	0.085	0.047	0.105	0.132
2229	22817	0.075	0.109	0.194	0.184
2229	22817	0.0	0.0	0.0	0.0
2229	22817	0.0	0.0	0.0	0.0
2229	22817	0.0	0.0	0.0	0.0
2229	22817	0.0	0.0	0.0	0.0
2229	22817	0.0	0.0	0.0	0.0
2229	22817	0.0	0.0	0.0	0.0
2229	22817	0.0	0.0	0.0	0.0
2229	22817	0.0	0.0	0.0	0.0
2229	22817	0.0	0.0	0.0	0.0
2229	22817	0.0	0.0	0.0	0.0
2229	22817	0.0	0.0	0.0	0.0
2229	22817	0.0	0.0	0.0	0.0
2229	22817	0.0	0.0	0.0	0.0
2229	22817	0.0	0.0	0.0	0.0
2229	22817	0.0	0.0	0.0	0.0
2229	22817	0.0	0.0	0.0	0.0
2229	22817	0.0	0.0	0.0	0.0
2229	22817	0.0	0.0	0.0	0.0
2229	22817	0.0	0.0	0.0	0.0
2229	22817	0.0	0.0	0.0	0.0
2229	22817	0.0	0.0	0.0	0.0
2229	22817	0.0	0.0	0.0	0.0
2229	22817	0.0	0.0	0.0	0.0
2229	22817	0.0	0.0	0.0	0.0
2229	22817	0.0	0.0	0.0	0.0
2229	22833	0.051	0.0	0.0	0.0
2229	22833	0.085	0.078	0.129	0.163
2229	22833	0.088	0.078	0.163	0.166
2229	22833	0.061	0.156	0.244	0.217
2229	22833	0.069	0.297	0.358	0.366
2229	22833	0.044	0.007	0.076	0.051
2229	22833	0.055	0.063	0.107	0.118
2229	22833	0.067	0.031	0.086	0.098
2229	22833	0.054	0.047	0.114	0.101
2229	22833	0.053	0.047	0.101	0.1
2229	22833	0.057	0.192	0.245	0.249
2229	22833	0.08	0.218	0.275	0.298
2229	22833	0.073	0.11	0.19	0.183
2229	22833	0.062	0.172	0.245	0.234
2229	22833	0.069	0.064	0.126	0.133
2229	22833	0.058	0.042	0.111	0.1
2229	22833	0.091	0.156	0.214	0.247
2229	22833	0.058	0.078	0.169	0.136
2229	22833	0.077	0.187	0.245	0.264
2229	22833	0.06	0.109	0.186	0.169
2229	22833	0.047	0.102	0.162	0.149
2229	22833	0.098	0.203	0.25	0.301
2229	22833	0.067	0.051	0.047	0.016
2229	22833	0.0	0.0	0.0	0.0
2229	22833	0.0	0.0	0.0	0.0
2229	22833	0.0	0.0	0.0	0.0
2229	22833	0.0	0.0	0.0	0.0
2229	22833	0.0	0.0	0.0	0.0
2229	22833	0.0	0.0	0.0	0.0
2229	22833	0.0	0.0	0.0	0.0
2229	22833	0.0	0.0	0.0	0.0
2229	22833	0.0	0.0	0.0	0.0
2229	22833	0.0	0.0	0.0	0.0
2229	22833	0.0	0.0	0.0	0.0
2229	22833	0.0	0.0	0.0	0.0
2229	22833	0.0	0.0	0.0	0.0
2229	22833	0.0	0.0	0.0	0.0
2229	22833	0.0	0.0	0.0	0.0
2229	22833	0.0	0.0	0.0	0.0
2229	22833	0.0	0.0	0.0	0.0
2229	22833	0.0	0.0	0.0	0.0
2229	22833	0.0	0.0	0.0	0.0
2229	22833	0.0	0.0	0.0	0.0
2229	22833	0.0	0.0	0.0	0.0
2229	22833	0.0	0.0	0.0	0.0
2229	22833	0.0	0.0	0.0	0.0
2229	22833	0.0	0.0	0.0	0.0
2229	22833	0.0	0.0	0.0	0.0
2229	22833	0.0	0.0	0.0	0.0
2229	22833	0.0	0.0	0.0	0.0
2229	22833	0.0	0.0	0.0	0.0
2229	22833	0.0	0.0	0.0	0.0
2229	22833	0.0	0.0	0.0	0.0
2229	22833	0.0	0.0	0.0	0.0
2229	22833	0.0	0.0	0.0	0.0
2229	22833	0.0	0.0	0.0	0.0
2229	22833	0.0	0.0	0.0	0.0
2229	22833	0.0	0.0	0.0	0.0
2229	22833	0.0	0.0	0.0	0.0
2229	22833	0.0	0.0	0.0	0.0
2229	22833	0.0	0.0	0.0	0.0
2229	22833	0.0	0.0	0.0	0.0
2229	22833	0.0	0.0	0.0	0.0
2229	22833	0.0	0.0	0.0	0.0
2229	22833	0.0	0.0	0.0	0.0
2229	22833	0.0	0.0	0.0	0.0
2229	22833	0.0	0.0	0.0	0.0
2229	22833	0.0	0.0	0.0	0.0
2229	22833	0.0	0.0	0.0	0.0
2229	22833	0.0	0.0	0.0	0.0
2229	22837	0.054	0.0	0.0	0.0
2229	22837	0.083	0.032	0.086	0.115
2229	22837	0.054	0.031	0.114	0.085
2229	22837	0.055	0.078	0.132	0.133
2229	22837	0.06	0.141	0.196	0.201
2229	22837	0.058	0.072	0.132	0.13
2229	22837	0.058	0.11	0.168	0.168
2229	22837	0.07	0.079	0.137	0.149
2229	22837	0.044	0.141	0.211	0.185
2229	22837	0.054	0.078	0.122	0.132
2229	22837	0.05	0.25	0.304	0.3
2229	22837	0.069	0.062	0.112	0.131
2229	22837	0.055	0.063	0.132	0.118
2229	22837	0.063	0.171	0.226	0.234
2229	22837	0.058	0.14	0.203	0.198
2229	22837	0.08	0.068	0.126	0.148
2229	22837	0.072	0.063	0.143	0.135
2229	22837	0.084	0.047	0.119	0.131
2229	22837	0.07	0.047	0.131	0.117
2229	22837	0.072	0.079	0.149	0.151
2229	22837	0.059	0.158	0.23	0.217
2229	22837	0.068	0.031	0.09	0.099
2229	22837	0.04	0.094	0.162	0.134
2229	22837	0.07	0.063	0.103	0.133
2229	22837	0.055	0.078	0.148	0.133
2229	22837	0.069	0.08	0.135	0.149
2229	22837	0.074	0.109	0.178	0.183
2229	22837	0.042	0.125	0.199	0.167
2229	22837	0.062	0.438	0.48	0.5
2229	22837	0.046	0.187	0.249	0.233
2229	22837	0.07	0.078	0.124	0.148
2229	22837	0.085	0.713	0.783	0.798
2229	22837	0.082	0.25	0.335	0.332
2229	22837	0.07	0.031	0.113	0.101
2229	22837	0.061	0.157	0.227	0.218
2229	22837	0.07	0.094	0.155	0.164
2229	22837	0.08	0.103	0.173	0.183
2229	22837	0.07	1.378	1.458	1.448
2229	22837	0.051	0.266	0.336	0.317
2229	22837	0.086	0.062	0.113	0.148
2229	22837	0.078	0.157	0.243	0.235
2229	22837	0.084	0.531	0.609	0.615
2229	22837	0.052	0.015	0.099	0.067
2229	22837	0.085	0.047	0.099	0.132
2229	22837	0.071	0.046	0.131	0.117
2229	22837	0.056	0.062	0.133	0.118
2229	22837	0.074	0.074	0.13	0.148
2229	22837	0.071	0.047	0.121	0.118
2229	22837	0.07	0.046	0.117	0.116
2229	22837	0.069	0.146	0.216	0.215
2229	22837	0.058	0.125	0.194	0.183
2229	22837	0.04	0.494	0.552	0.534
2229	22837	0.052	0.063	0.103	0.115
2229	22837	0.089	0.125	0.177	0.214
2229	22837	0.075	0.243	0.332	0.318
2229	22837	0.048	0.187	0.262	0.235
2229	22837	0.065	0.133	0.181	0.198
2229	22837	0.096	0.219	0.284	0.315
2229	22837	0.085	0.0	0.096	0.085
2229	22837	0.05	0.266	0.351	0.316
2229	22837	0.054	0.063	0.113	0.117
2229	22837	0.069	0.062	0.116	0.131
2229	22837	0.07	0.063	0.132	0.133
2229	22837	0.057	0.078	0.148	0.135
2229	22837	0.052	0.063	0.12	0.115
2229	22837	0.07	0.047	0.099	0.117
2229	22837	0.068	0.032	0.102	0.1
2229	22837	0.082	0.234	0.302	0.316
2229	22837	0.079	0.103	0.185	0.182
2229	22837	0.075	0.188	0.267	0.263
2229	22857	0.062	0.0	0.0	0.0
2229	22857	0.058	0.172	0.234	0.23
2229	22857	0.071	0.078	0.136	0.149
2229	22857	0.075	0.125	0.196	0.2
2229	22857	0.069	0.047	0.122	0.116
2229	22857	0.054	0.495	0.564	0.549
2229	22857	0.079	0.188	0.242	0.267
2229	22857	0.046	0.172	0.251	0.218
2229	22857	0.1	0.312	0.358	0.412
2229	22857	0.079	0.372	0.472	0.451
2229	22857	0.092	0.09	0.169	0.182
2229	22857	0.075	0.125	0.217	0.2
2229	22857	0.069	0.047	0.122	0.116
2229	22857	0.07	0.047	0.116	0.117
2229	22857	0.068	0.016	0.086	0.084
2229	22857	0.082	0.101	0.169	0.183
2229	22857	0.077	0.406	0.488	0.483
2229	22857	0.074	0.125	0.202	0.199
2229	22857	0.054	0.047	0.121	0.101
2229	22857	0.059	0.188	0.242	0.247
2229	22857	0.073	0.094	0.153	0.167
2229	22857	0.086	0.096	0.169	0.182
2229	22857	0.042	0.109	0.195	0.151
2229	22857	0.09	0.125	0.167	0.215
2229	22857	0.077	0.156	0.246	0.233
2229	22857	0.077	0.091	0.168	0.168
2229	22857	0.057	0.093	0.17	0.15
2229	22857	0.072	0.078	0.135	0.15
2229	22857	0.052	0.031	0.103	0.083
2229	22857	0.055	0.079	0.131	0.134
2229	22857	0.059	0.077	0.132	0.136
2229	22857	0.066	0.079	0.138	0.145
2229	22857	0.072	0.078	0.144	0.15
2229	22857	0.084	0.031	0.103	0.115
2229	22857	0.076	0.125	0.209	0.201
2229	22857	0.07	0.094	0.17	0.164
2229	22857	0.07	0.082	0.152	0.152
2229	22857	0.069	0.047	0.117	0.116
2229	22857	0.079	0.221	0.29	0.3
2229	22857	0.072	0.078	0.157	0.15
2229	22857	0.063	0.154	0.226	0.217
2229	22857	0.066	0.533	0.596	0.599
2229	22857	0.068	0.031	0.097	0.099
2229	22857	0.068	0.032	0.1	0.1
2229	22857	0.056	0.078	0.146	0.134
2229	22857	0.063	0.036	0.092	0.099
2229	22857	0.067	0.063	0.126	0.13
2229	22857	0.053	0.5	0.567	0.553
2229	22857	0.071	0.109	0.162	0.18
2229	22857	0.072	0.063	0.134	0.135
2229	22857	0.072	0.044	0.116	0.116
2229	22857	0.071	0.08	0.152	0.151
2229	22857	0.07	0.078	0.149	0.148
2229	22857	0.045	0.141	0.211	0.186
2229	22857	0.068	0.062	0.107	0.13
2229	22857	0.062	0.09	0.158	0.152
2229	22857	0.048	0.406	0.468	0.454
2229	22857	0.053	0.058	0.106	0.111
2229	22857	0.0	0.0	0.0	0.0
2229	22857	0.0	0.0	0.0	0.0
2229	22857	0.0	0.0	0.0	0.0
2229	22857	0.0	0.0	0.0	0.0
2229	22857	0.0	0.0	0.0	0.0
2229	22857	0.0	0.0	0.0	0.0
2229	22857	0.0	0.0	0.0	0.0
2229	22857	0.0	0.0	0.0	0.0
2229	22857	0.0	0.0	0.0	0.0
2229	22857	0.0	0.0	0.0	0.0
2229	22857	0.0	0.0	0.0	0.0
2229	22857	0.0	0.0	0.0	0.0
