PARTICIPANT_ID	TEST_SECTION_ID	HOLD_LATENCY	INTERKEY_LATENCY	PRESS_LATENCY	RELEASE_LATENCY
2455	25304	0.24	0.0	0.0	0.0
2455	25304	0.146	0.103	0.137	0.043
2455	25304	0.083	0.004	0.142	0.079
2455	25304	0.108	0.042	0.125	0.15
2455	25304	0.08	0.029	0.079	0.051
2455	25304	0.058	0.057	0.137	0.115
2455	25304	0.119	0.022	0.036	0.097
2455	25304	0.084	0.081	0.2	0.165
2455	25304	0.084	0.504	0.588	0.588
2455	25304	0.126	0.052	0.136	0.178
2455	25304	0.084	0.011	0.115	0.073
2455	25304	0.166	0.017	0.067	0.149
2455	25304	0.126	0.054	0.112	0.072
2455	25304	0.069	0.079	0.047	0.01
2455	25304	0.126	0.126	0.195	0.252
2455	25304	0.079	0.032	0.094	0.047
2455	25304	0.069	0.027	0.052	0.042
2455	25304	0.107	0.016	0.053	0.091
2455	25304	0.067	0.002	0.105	0.065
2455	25304	0.08	0.026	0.041	0.054
2455	25304	0.0	0.0	0.0	0.0
2455	25304	0.0	0.0	0.0	0.0
2455	25304	0.0	0.0	0.0	0.0
2455	25304	0.0	0.0	0.0	0.0
2455	25304	0.0	0.0	0.0	0.0
2455	25304	0.0	0.0	0.0	0.0
2455	25304	0.0	0.0	0.0	0.0
2455	25304	0.0	0.0	0.0	0.0
2455	25304	0.0	0.0	0.0	0.0
2455	25304	0.0	0.0	0.0	0.0
2455	25304	0.0	0.0	0.0	0.0
2455	25304	0.0	0.0	0.0	0.0
2455	25304	0.0	0.0	0.0	0.0
2455	25304	0.0	0.0	0.0	0.0
2455	25304	0.0	0.0	0.0	0.0
2455	25304	0.0	0.0	0.0	0.0
2455	25304	0.0	0.0	0.0	0.0
2455	25304	0.0	0.0	0.0	0.0
2455	25304	0.0	0.0	0.0	0.0
2455	25304	0.0	0.0	0.0	0.0
2455	25304	0.0	0.0	0.0	0.0
2455	25304	0.0	0.0	0.0	0.0
2455	25304	0.0	0.0	0.0	0.0
2455	25304	0.0	0.0	0.0	0.0
2455	25304	0.0	0.0	0.0	0.0
2455	25304	0.0	0.0	0.0	0.0
2455	25304	0.0	0.0	0.0	0.0
2455	25304	0.0	0.0	0.0	0.0
2455	25304	0.0	0.0	0.0	0.0
2455	25304	0.0	0.0	0.0	0.0
2455	25304	0.0	0.0	0.0	0.0
2455	25304	0.0	0.0	0.0	0.0
2455	25304	0.0	0.0	0.0	0.0
2455	25304	0.0	0.0	0.0	0.0
2455	25304	0.0	0.0	0.0	0.0
2455	25304	0.0	0.0	0.0	0.0
2455	25304	0.0	0.0	0.0	0.0
2455	25304	0.0	0.0	0.0	0.0
2455	25304	0.0	0.0	0.0	0.0
2455	25304	0.0	0.0	0.0	0.0
2455	25304	0.0	0.0	0.0	0.0
2455	25304	0.0	0.0	0.0	0.0
2455	25304	0.0	0.0	0.0	0.0
2455	25304	0.0	0.0	0.0	0.0
2455	25304	0.0	0.0	0.0	0.0
2455	25304	0.0	0.0	0.0	0.0
2455	25304	0.0	0.0	0.0	0.0
2455	25304	0.0	0.0	0.0	0.0
2455	25304	0.0	0.0	0.0	0.0
2455	25304	0.0	0.0	0.0	0.0
2455	25309	0.183	0.0	0.0	0.0
2455	25309	0.087	0.055	0.128	0.032
2455	25309	0.08	0.04	0.127	0.12
2455	25309	0.068	0.094	0.174	0.162
2455	25309	0.077	0.237	0.305	0.314
2455	25309	0.081	0.339	0.416	0.42
2455	25309	0.126	0.087	0.168	0.213
2455	25309	0.11	0.032	0.094	0.078
2455	25309	0.094	0.036	0.074	0.058
2455	25309	0.196	0.302	0.396	0.498
2455	25309	0.123	0.101	0.095	0.022
2455	25309	0.073	0.042	0.081	0.031
2455	25309	0.11	0.022	0.095	0.132
2455	25309	0.093	0.032	0.078	0.061
2455	25309	0.12	0.012	0.105	0.132
2455	25309	0.122	0.059	0.061	0.063
2455	25309	0.076	0.041	0.081	0.035
2455	25309	0.074	0.126	0.202	0.2
2455	25309	0.092	0.032	0.042	0.06
2455	25309	0.118	0.003	0.095	0.121
2455	25309	0.099	0.031	0.087	0.068
2455	25309	0.07	0.033	0.066	0.037
2455	25309	0.081	0.323	0.393	0.404
2455	25309	0.099	0.111	0.192	0.21
2455	25309	0.045	0.118	0.217	0.163
2455	25309	0.072	0.101	0.146	0.173
2455	25309	0.084	0.003	0.075	0.087
2455	25309	0.089	0.029	0.113	0.118
2455	25309	0.056	0.036	0.125	0.092
2455	25309	0.106	0.004	0.052	0.102
2455	25309	0.071	0.013	0.119	0.084
2455	25309	0.108	0.042	0.029	0.066
2455	25309	0.087	0.021	0.129	0.108
2455	25309	0.136	0.032	0.119	0.168
2455	25309	0.116	0.048	0.088	0.068
2455	25309	0.08	0.011	0.105	0.069
2455	25309	0.079	0.004	0.084	0.083
2455	25309	0.081	0.01	0.069	0.071
2455	25309	0.114	0.034	0.115	0.148
2455	25309	0.087	0.014	0.1	0.073
2455	25309	0.057	0.061	0.026	0.004
2455	25309	0.095	0.179	0.236	0.274
2455	25309	0.0	0.0	0.0	0.0
2455	25309	0.0	0.0	0.0	0.0
2455	25309	0.0	0.0	0.0	0.0
2455	25309	0.0	0.0	0.0	0.0
2455	25309	0.0	0.0	0.0	0.0
2455	25309	0.0	0.0	0.0	0.0
2455	25309	0.0	0.0	0.0	0.0
2455	25309	0.0	0.0	0.0	0.0
2455	25309	0.0	0.0	0.0	0.0
2455	25309	0.0	0.0	0.0	0.0
2455	25309	0.0	0.0	0.0	0.0
2455	25309	0.0	0.0	0.0	0.0
2455	25309	0.0	0.0	0.0	0.0
2455	25309	0.0	0.0	0.0	0.0
2455	25309	0.0	0.0	0.0	0.0
2455	25309	0.0	0.0	0.0	0.0
2455	25309	0.0	0.0	0.0	0.0
2455	25309	0.0	0.0	0.0	0.0
2455	25309	0.0	0.0	0.0	0.0
2455	25309	0.0	0.0	0.0	0.0
2455	25309	0.0	0.0	0.0	0.0
2455	25309	0.0	0.0	0.0	0.0
2455	25309	0.0	0.0	0.0	0.0
2455	25309	0.0	0.0	0.0	0.0
2455	25309	0.0	0.0	0.0	0.0
2455	25309	0.0	0.0	0.0	0.0
2455	25309	0.0	0.0	0.0	0.0
2455	25309	0.0	0.0	0.0	0.0
2455	25327	0.192	0.0	0.0	0.0
2455	25327	0.105	0.042	0.15	0.063
2455	25327	0.08	0.067	0.172	0.147
2455	25327	0.099	0.13	0.21	0.229
2455	25327	0.056	0.023	0.122	0.079
2455	25327	0.105	0.033	0.089	0.138
2455	25327	0.088	0.027	0.078	0.061
2455	25327	0.062	0.128	0.216	0.19
2455	25327	0.054	0.309	0.371	0.363
2455	25327	0.077	0.362	0.416	0.439
2455	25327	0.078	0.018	0.095	0.096
2455	25327	0.081	0.015	0.093	0.096
2455	25327	0.147	0.024	0.057	0.123
2455	25327	0.087	0.042	0.105	0.045
2455	25327	0.117	0.013	0.074	0.104
2455	25327	0.059	0.012	0.105	0.047
2455	25327	0.066	0.41	0.469	0.476
2455	25327	0.086	0.116	0.182	0.202
2455	25327	0.055	0.027	0.059	0.028
2455	25327	0.073	0.077	0.132	0.15
2455	25327	0.042	0.173	0.246	0.215
2455	25327	0.052	0.095	0.137	0.147
2455	25327	0.068	0.08	0.132	0.148
2455	25327	0.053	0.086	0.154	0.139
2455	25327	0.088	0.039	0.092	0.127
2455	25327	0.064	0.01	0.078	0.054
2455	25327	0.081	0.098	0.162	0.179
2455	25327	0.105	0.049	0.13	0.154
2455	25327	0.073	0.034	0.071	0.039
2455	25327	0.106	0.077	0.15	0.183
2455	25327	0.073	0.009	0.097	0.064
2455	25327	0.112	0.04	0.113	0.152
2455	25327	0.047	0.025	0.087	0.022
2455	25327	0.073	0.083	0.13	0.156
2455	25327	0.11	0.012	0.085	0.122
2455	25327	0.134	0.024	0.086	0.11
2455	25327	0.0	0.0	0.0	0.0
2455	25327	0.0	0.0	0.0	0.0
2455	25327	0.0	0.0	0.0	0.0
2455	25327	0.0	0.0	0.0	0.0
2455	25327	0.0	0.0	0.0	0.0
2455	25327	0.0	0.0	0.0	0.0
2455	25327	0.0	0.0	0.0	0.0
2455	25327	0.0	0.0	0.0	0.0
2455	25327	0.0	0.0	0.0	0.0
2455	25327	0.0	0.0	0.0	0.0
2455	25327	0.0	0.0	0.0	0.0
2455	25327	0.0	0.0	0.0	0.0
2455	25327	0.0	0.0	0.0	0.0
2455	25327	0.0	0.0	0.0	0.0
2455	25327	0.0	0.0	0.0	0.0
2455	25327	0.0	0.0	0.0	0.0
2455	25327	0.0	0.0	0.0	0.0
2455	25327	0.0	0.0	0.0	0.0
2455	25327	0.0	0.0	0.0	0.0
2455	25327	0.0	0.0	0.0	0.0
2455	25327	0.0	0.0	0.0	0.0
2455	25327	0.0	0.0	0.0	0.0
2455	25327	0.0	0.0	0.0	0.0
2455	25327	0.0	0.0	0.0	0.0
2455	25327	0.0	0.0	0.0	0.0
2455	25327	0.0	0.0	0.0	0.0
2455	25327	0.0	0.0	0.0	0.0
2455	25327	0.0	0.0	0.0	0.0
2455	25327	0.0	0.0	0.0	0.0
2455	25327	0.0	0.0	0.0	0.0
2455	25327	0.0	0.0	0.0	0.0
2455	25327	0.0	0.0	0.0	0.0
2455	25327	0.0	0.0	0.0	0.0
2455	25327	0.0	0.0	0.0	0.0
2455	25340	2.598	0.0	0.0	0.0
2455	25340	0.137	0.42	2.178	0.283
2455	25340	0.072	0.037	0.1	0.035
2455	25340	0.119	0.101	0.173	0.22
2455	25340	0.058	0.406	0.525	0.464
2455	25340	0.103	0.159	0.217	0.262
2455	25340	0.137	0.334	0.437	0.471
2455	25340	0.074	0.019	0.118	0.055
2455	25340	0.111	0.088	0.162	0.199
2455	25340	0.085	0.037	0.074	0.048
2455	25340	0.118	0.044	0.129	0.162
2455	25340	0.092	0.546	0.664	0.638
2455	25340	0.115	0.029	0.121	0.144
2455	25340	0.094	0.02	0.095	0.074
2455	25340	0.085	0.131	0.225	0.216
2455	25340	0.147	0.004	0.089	0.151
2455	25340	0.13	0.035	0.112	0.095
2455	25340	0.068	0.043	0.087	0.025
2455	25340	0.077	0.005	0.063	0.072
2455	25340	0.084	0.018	0.095	0.102
2455	25340	0.084	0.018	0.066	0.066
2455	25340	0.046	0.07	0.154	0.116
2455	25340	0.073	0.112	0.158	0.185
2455	25340	0.11	0.004	0.069	0.106
2455	25340	0.081	0.037	0.073	0.044
2455	25340	0.061	0.062	0.143	0.123
2455	25340	0.088	0.015	0.046	0.073
2455	25340	0.053	0.053	0.141	0.106
2455	25340	0.051	0.182	0.235	0.233
2455	25340	0.063	0.092	0.143	0.155
2455	25340	0.053	0.108	0.171	0.161
2455	25340	0.087	0.69	0.743	0.777
2455	25340	0.116	0.059	0.146	0.175
2455	25340	0.068	0.031	0.085	0.037
2455	25340	0.083	0.059	0.127	0.142
2455	25340	0.042	0.21	0.293	0.252
2455	25340	0.063	0.084	0.126	0.147
2455	25340	0.062	0.085	0.148	0.147
2455	25340	0.073	0.245	0.307	0.318
2455	25340	0.098	0.088	0.161	0.186
2455	25340	0.063	0.06	0.038	0.003
2455	25340	0.064	0.048	0.111	0.112
2455	25340	0.135	0.033	0.097	0.168
2455	25340	0.11	0.038	0.097	0.072
2455	25340	0.111	0.04	0.07	0.071
2455	25340	0.084	0.058	0.053	0.026
2455	25340	0.108	0.015	0.099	0.123
2455	25340	0.055	0.026	0.082	0.029
2455	25340	0.115	0.072	0.127	0.187
2455	25340	0.048	0.067	0.048	0.019
2455	25340	0.094	0.079	0.127	0.173
2455	25340	0.088	0.035	0.059	0.053
2455	25340	0.042	0.179	0.267	0.221
2455	25340	0.058	0.089	0.131	0.147
2455	25340	0.057	0.09	0.148	0.147
2455	25340	0.051	0.099	0.156	0.15
2455	25340	0.063	0.091	0.142	0.154
2455	25340	0.082	0.079	0.142	0.161
2455	25340	0.073	0.16	0.242	0.233
2455	25340	0.105	0.036	0.109	0.141
2455	25340	0.064	0.021	0.084	0.043
2455	25340	0.088	0.058	0.122	0.146
2455	25340	0.071	0.021	0.067	0.05
2455	25340	0.071	0.004	0.067	0.067
2455	25340	0.099	0.015	0.086	0.114
2455	25340	0.0	0.0	0.0	0.0
2455	25340	0.0	0.0	0.0	0.0
2455	25340	0.0	0.0	0.0	0.0
2455	25340	0.0	0.0	0.0	0.0
2455	25340	0.0	0.0	0.0	0.0
2455	25356	0.214	0.0	0.0	0.0
2455	25356	0.142	0.047	0.167	0.095
2455	25356	0.064	0.062	0.204	0.126
2455	25356	0.042	0.011	0.075	0.053
2455	25356	0.076	0.094	0.136	0.17
2455	25356	0.12	0.087	0.163	0.207
2455	25356	0.079	0.005	0.115	0.074
2455	25356	0.097	0.011	0.09	0.108
2455	25356	0.05	0.461	0.558	0.511
2455	25356	0.094	0.148	0.198	0.242
2455	25356	0.073	0.006	0.1	0.079
2455	25356	0.086	0.045	0.118	0.131
2455	25356	0.108	0.199	0.285	0.307
2455	25356	0.104	0.044	0.064	0.06
2455	25356	0.117	0.209	0.313	0.326
2455	25356	0.105	0.042	0.075	0.063
2455	25356	0.068	0.026	0.079	0.042
2455	25356	0.113	0.014	0.082	0.127
2455	25356	0.12	0.019	0.094	0.101
2455	25356	0.082	0.037	0.083	0.045
2455	25356	0.094	0.049	0.033	0.045
2455	25356	0.1	0.039	0.133	0.139
2455	25356	0.07	0.015	0.085	0.055
2455	25356	0.131	0.05	0.12	0.181
2455	25356	0.029	0.027	0.158	0.056
2455	25356	0.135	0.05	0.079	0.185
2455	25356	0.052	0.284	0.419	0.336
2455	25356	0.063	0.085	0.137	0.148
2455	25356	0.065	0.063	0.126	0.128
2455	25356	0.063	0.15	0.215	0.213
2455	25356	0.115	0.016	0.079	0.131
2455	25356	0.111	0.032	0.083	0.079
2455	25356	0.083	0.036	0.075	0.047
2455	25356	0.103	0.014	0.069	0.089
2455	25356	0.094	0.005	0.098	0.089
2455	25356	0.133	0.374	0.468	0.507
2455	25356	0.087	0.065	0.068	0.022
2455	25356	0.096	0.04	0.127	0.136
2455	25356	0.102	0.028	0.068	0.074
2455	25356	0.115	0.021	0.123	0.136
2455	25356	0.08	0.042	0.073	0.038
2455	25356	0.073	0.112	0.192	0.185
2455	25356	0.124	0.239	0.312	0.363
2455	25356	0.096	0.061	0.063	0.035
2455	25356	0.108	0.004	0.092	0.104
2455	25356	0.126	0.175	0.283	0.301
2455	25356	0.1	0.042	0.084	0.058
2455	25356	0.094	0.089	0.189	0.183
2455	25356	0.101	0.011	0.105	0.112
2455	25356	0.136	0.197	0.298	0.333
2455	25356	0.074	0.019	0.117	0.055
2455	25356	0.077	0.099	0.173	0.176
2455	25356	0.127	0.08	0.157	0.207
2455	25356	0.105	0.125	0.252	0.23
2455	25356	0.095	0.038	0.067	0.057
2455	25356	0.086	0.147	0.242	0.233
2455	25356	0.109	0.163	0.249	0.272
2455	25356	0.091	0.083	0.192	0.174
2455	25356	0.073	0.01	0.081	0.063
2455	25356	0.134	0.066	0.139	0.2
2455	25356	0.074	0.223	0.357	0.297
2455	25356	0.13	0.091	0.165	0.221
2455	25356	0.072	0.038	0.168	0.11
2455	25356	0.15	0.051	0.021	0.099
2455	25356	0.097	0.024	0.126	0.073
2455	25356	0.079	0.113	0.21	0.192
2455	25356	0.091	0.005	0.084	0.096
2455	25356	0.0	0.0	0.0	0.0
2455	25356	0.0	0.0	0.0	0.0
2455	25356	0.0	0.0	0.0	0.0
2455	25376	2.278	0.0	0.0	0.0
2455	25376	0.412	0.603	1.675	0.191
2455	25376	0.055	0.079	0.333	0.024
2455	25376	0.094	0.236	0.291	0.33
2455	25376	0.074	0.025	0.069	0.049
2455	25376	0.057	0.094	0.168	0.151
2455	25376	0.088	0.069	0.126	0.157
2455	25376	0.108	0.245	0.333	0.353
2455	25376	0.107	0.048	0.06	0.059
2455	25376	0.122	0.002	0.105	0.12
2455	25376	0.116	0.027	0.095	0.089
2455	25376	0.09	0.043	0.073	0.047
2455	25376	0.052	0.313	0.403	0.365
2455	25376	0.063	0.076	0.128	0.139
2455	25376	0.054	0.093	0.156	0.147
2455	25376	0.058	0.089	0.143	0.147
2455	25376	0.072	0.081	0.139	0.153
2455	25376	0.055	0.115	0.187	0.17
2455	25376	0.099	0.09	0.145	0.189
2455	25376	0.076	0.035	0.064	0.041
2455	25376	0.105	0.009	0.067	0.096
2455	25376	0.078	0.029	0.076	0.049
2455	25376	0.063	0.094	0.172	0.157
2455	25376	0.087	0.014	0.077	0.101
2455	25376	0.077	0.005	0.092	0.082
2455	25376	0.105	0.031	0.108	0.136
2455	25376	0.078	0.008	0.097	0.07
2455	25376	0.116	0.042	0.12	0.158
2455	25376	0.069	0.022	0.094	0.047
2455	25376	0.09	0.016	0.085	0.106
2455	25376	0.085	0.022	0.068	0.063
2455	25376	0.077	0.091	0.176	0.168
2455	25376	0.079	0.006	0.071	0.073
2455	25376	0.086	0.071	0.15	0.157
2455	25376	0.098	0.047	0.133	0.145
2455	25376	0.095	0.008	0.09	0.087
2455	25376	0.087	0.056	0.039	0.031
2455	25376	0.123	0.019	0.106	0.142
2455	25376	0.083	0.021	0.102	0.062
2455	25376	0.123	0.09	0.173	0.213
2455	25376	0.122	0.045	0.078	0.077
2455	25376	0.091	0.045	0.077	0.046
2455	25376	0.064	0.331	0.422	0.395
2455	25376	0.074	0.025	0.089	0.099
2455	25376	0.568	0.608	0.682	1.176
2455	25376	0.079	0.43	0.138	0.351
2455	25376	0.074	0.249	0.328	0.323
2455	25376	0.104	0.2	0.274	0.304
2455	25376	0.0	0.0	0.0	0.0
2455	25376	0.0	0.0	0.0	0.0
2455	25376	0.0	0.0	0.0	0.0
2455	25376	0.0	0.0	0.0	0.0
2455	25376	0.0	0.0	0.0	0.0
2455	25376	0.0	0.0	0.0	0.0
2455	25376	0.0	0.0	0.0	0.0
2455	25376	0.0	0.0	0.0	0.0
2455	25376	0.0	0.0	0.0	0.0
2455	25376	0.0	0.0	0.0	0.0
2455	25376	0.0	0.0	0.0	0.0
2455	25376	0.0	0.0	0.0	0.0
2455	25376	0.0	0.0	0.0	0.0
2455	25376	0.0	0.0	0.0	0.0
2455	25376	0.0	0.0	0.0	0.0
2455	25376	0.0	0.0	0.0	0.0
2455	25376	0.0	0.0	0.0	0.0
2455	25376	0.0	0.0	0.0	0.0
2455	25376	0.0	0.0	0.0	0.0
2455	25376	0.0	0.0	0.0	0.0
2455	25376	0.0	0.0	0.0	0.0
2455	25376	0.0	0.0	0.0	0.0
2455	25386	2.755	0.0	0.0	0.0
2455	25386	0.43	0.78	1.975	0.35
2455	25386	0.048	0.126	0.304	0.078
2455	25386	0.116	0.246	0.294	0.362
2455	25386	0.069	0.136	0.252	0.205
2455	25386	0.102	0.008	0.077	0.11
2455	25386	0.088	0.011	0.091	0.077
2455	25386	0.15	0.021	0.109	0.171
2455	25386	0.074	0.064	0.086	0.01
2455	25386	0.074	0.088	0.162	0.162
2455	25386	0.08	0.01	0.084	0.09
2455	25386	0.138	0.007	0.073	0.131
2455	25386	0.08	0.007	0.131	0.073
2455	25386	0.119	0.063	0.143	0.182
2455	25386	0.066	0.061	0.058	0.005
2455	25386	0.081	0.027	0.093	0.108
2455	25386	0.127	0.094	0.175	0.221
2455	25386	0.063	0.004	0.131	0.067
2455	25386	0.07	0.082	0.145	0.152
2455	25386	0.083	0.077	0.147	0.16
2455	25386	0.042	0.229	0.312	0.271
2455	25386	0.05	0.087	0.129	0.137
2455	25386	0.076	0.066	0.116	0.142
2455	25386	0.073	0.099	0.175	0.172
2455	25386	0.091	0.038	0.111	0.129
2455	25386	0.115	0.061	0.152	0.176
2455	25386	0.088	0.015	0.1	0.073
2455	25386	0.092	0.035	0.123	0.127
2455	25386	0.061	0.016	0.076	0.045
2455	25386	0.063	0.052	0.113	0.115
2455	25386	0.081	0.079	0.142	0.16
2455	25386	0.057	0.063	0.144	0.12
2455	25386	0.054	0.309	0.366	0.363
2455	25386	0.114	0.01	0.064	0.124
2455	25386	0.11	0.06	0.174	0.17
2455	25386	0.088	0.041	0.069	0.047
2455	25386	0.177	0.181	0.269	0.358
2455	25386	0.121	0.085	0.092	0.036
2455	25386	0.063	0.015	0.136	0.078
2455	25386	0.129	0.033	0.096	0.162
2455	25386	0.085	0.005	0.124	0.08
2455	25386	0.132	0.01	0.095	0.142
2455	25386	0.073	0.02	0.112	0.053
2455	25386	0.118	0.006	0.067	0.112
2455	25386	0.105	0.014	0.104	0.091
2455	25386	0.164	0.12	0.225	0.284
2455	25386	0.118	0.083	0.081	0.035
2455	25386	0.064	0.07	0.188	0.134
2455	25386	0.157	0.032	0.032	0.125
2455	25386	0.113	0.038	0.119	0.075
2455	25386	0.069	0.203	0.316	0.272
2455	25386	0.073	0.101	0.17	0.174
2455	25386	0.053	0.015	0.088	0.068
2455	25386	0.122	0.079	0.132	0.201
2455	25386	0.121	0.001	0.121	0.12
2455	25386	0.084	0.016	0.105	0.068
2455	25386	0.268	0.509	0.593	0.777
2455	25386	0.068	0.037	0.231	0.031
2455	25386	0.073	0.063	0.131	0.136
2455	25386	0.083	0.285	0.358	0.368
2455	25386	0.092	0.005	0.078	0.087
2455	25386	0.066	0.2	0.292	0.266
2455	25386	0.1	0.104	0.17	0.204
2455	25386	0.095	0.031	0.069	0.064
2455	25386	0.084	0.114	0.209	0.198
2455	25386	0.105	0.058	0.142	0.163
2455	25386	0.1	0.031	0.074	0.069
2455	25386	0.11	0.032	0.068	0.078
2455	25386	0.0	0.0	0.0	0.0
2455	25386	0.0	0.0	0.0	0.0
2455	25404	2.502	0.0	0.0	0.0
2455	25404	0.357	0.564	1.938	0.207
2455	25404	0.045	0.059	0.298	0.014
2455	25404	0.114	0.249	0.294	0.363
2455	25404	0.066	0.04	0.074	0.026
2455	25404	0.058	0.129	0.195	0.187
2455	25404	0.108	0.388	0.446	0.496
2455	25404	0.089	0.035	0.073	0.054
2455	25404	0.121	0.006	0.095	0.127
2455	25404	0.08	0.048	0.073	0.032
2455	25404	0.105	0.088	0.168	0.193
2455	25404	0.098	0.017	0.122	0.115
2455	25404	0.077	0.158	0.256	0.235
2455	25404	0.088	0.045	0.122	0.133
2455	25404	0.094	0.529	0.617	0.623
2455	25404	0.105	0.084	0.178	0.189
2455	25404	0.046	0.014	0.091	0.032
2455	25404	0.084	0.028	0.074	0.112
2455	25404	0.118	0.158	0.242	0.276
2455	25404	0.114	0.043	0.075	0.071
2455	25404	0.074	0.053	0.167	0.127
2455	25404	0.168	0.275	0.349	0.443
2455	25404	0.163	0.145	0.023	0.018
2455	25404	0.125	0.041	0.122	0.084
2455	25404	0.095	0.099	0.224	0.194
2455	25404	0.0	0.0	0.0	0.0
2455	25404	0.0	0.0	0.0	0.0
2455	25404	0.0	0.0	0.0	0.0
2455	25404	0.0	0.0	0.0	0.0
2455	25404	0.0	0.0	0.0	0.0
2455	25404	0.0	0.0	0.0	0.0
2455	25404	0.0	0.0	0.0	0.0
2455	25404	0.0	0.0	0.0	0.0
2455	25404	0.0	0.0	0.0	0.0
2455	25404	0.0	0.0	0.0	0.0
2455	25404	0.0	0.0	0.0	0.0
2455	25404	0.0	0.0	0.0	0.0
2455	25404	0.0	0.0	0.0	0.0
2455	25404	0.0	0.0	0.0	0.0
2455	25404	0.0	0.0	0.0	0.0
2455	25404	0.0	0.0	0.0	0.0
2455	25404	0.0	0.0	0.0	0.0
2455	25404	0.0	0.0	0.0	0.0
2455	25404	0.0	0.0	0.0	0.0
2455	25404	0.0	0.0	0.0	0.0
2455	25404	0.0	0.0	0.0	0.0
2455	25404	0.0	0.0	0.0	0.0
2455	25404	0.0	0.0	0.0	0.0
2455	25404	0.0	0.0	0.0	0.0
2455	25404	0.0	0.0	0.0	0.0
2455	25404	0.0	0.0	0.0	0.0
2455	25404	0.0	0.0	0.0	0.0
2455	25404	0.0	0.0	0.0	0.0
2455	25404	0.0	0.0	0.0	0.0
2455	25404	0.0	0.0	0.0	0.0
2455	25404	0.0	0.0	0.0	0.0
2455	25404	0.0	0.0	0.0	0.0
2455	25404	0.0	0.0	0.0	0.0
2455	25404	0.0	0.0	0.0	0.0
2455	25404	0.0	0.0	0.0	0.0
2455	25404	0.0	0.0	0.0	0.0
2455	25404	0.0	0.0	0.0	0.0
2455	25404	0.0	0.0	0.0	0.0
2455	25404	0.0	0.0	0.0	0.0
2455	25404	0.0	0.0	0.0	0.0
2455	25404	0.0	0.0	0.0	0.0
2455	25404	0.0	0.0	0.0	0.0
2455	25404	0.0	0.0	0.0	0.0
2455	25404	0.0	0.0	0.0	0.0
2455	25404	0.0	0.0	0.0	0.0
2455	25412	2.569	0.0	0.0	0.0
2455	25412	0.322	0.533	2.036	0.211
2455	25412	0.08	0.075	0.247	0.005
2455	25412	0.128	0.202	0.282	0.33
2455	25412	0.097	0.039	0.089	0.058
2455	25412	0.122	0.023	0.074	0.099
2455	25412	0.079	0.004	0.118	0.075
2455	25412	0.099	0.005	0.074	0.094
2455	25412	0.115	0.032	0.067	0.083
2455	25412	0.126	0.242	0.357	0.368
2455	25412	0.093	0.042	0.084	0.051
2455	25412	0.142	0.03	0.063	0.112
2455	25412	0.113	0.323	0.465	0.436
2455	25412	0.104	0.006	0.119	0.11
2455	25412	0.121	0.35	0.454	0.471
2455	25412	0.085	0.025	0.096	0.06
2455	25412	0.156	0.006	0.079	0.15
2455	25412	0.11	0.024	0.132	0.086
2455	25412	0.089	0.063	0.047	0.026
2455	25412	0.07	0.161	0.25	0.231
2455	25412	0.074	0.01	0.08	0.084
2455	25412	0.06	0.108	0.182	0.168
2455	25412	0.084	0.063	0.123	0.147
2455	25412	0.053	0.011	0.073	0.042
2455	25412	0.096	0.119	0.172	0.215
2455	25412	0.09	0.027	0.069	0.063
2455	25412	0.128	0.007	0.083	0.121
2455	25412	0.094	0.042	0.086	0.052
2455	25412	0.084	0.248	0.342	0.332
2455	25412	0.092	0.003	0.081	0.089
2455	25412	0.102	0.076	0.168	0.178
2455	25412	0.115	0.057	0.045	0.058
2455	25412	0.121	0.131	0.246	0.252
2455	25412	0.137	0.037	0.084	0.1
2455	25412	0.078	0.064	0.073	0.014
2455	25412	0.095	0.004	0.074	0.091
2455	25412	0.084	0.021	0.116	0.105
2455	25412	0.114	0.057	0.141	0.171
2455	25412	0.075	0.031	0.083	0.044
2455	25412	0.097	0.019	0.094	0.116
2455	25412	0.095	0.032	0.065	0.063
2455	25412	0.073	0.078	0.173	0.151
2455	25412	0.128	0.025	0.098	0.153
2455	25412	0.066	0.026	0.102	0.04
2455	25412	0.115	0.242	0.308	0.357
2455	25412	0.084	0.007	0.122	0.091
2455	25412	0.106	0.016	0.1	0.122
2455	25412	0.1	0.027	0.079	0.073
2455	25412	0.128	0.005	0.095	0.123
2455	25412	0.0	0.0	0.0	0.0
2455	25412	0.0	0.0	0.0	0.0
2455	25412	0.0	0.0	0.0	0.0
2455	25412	0.0	0.0	0.0	0.0
2455	25412	0.0	0.0	0.0	0.0
2455	25412	0.0	0.0	0.0	0.0
2455	25412	0.0	0.0	0.0	0.0
2455	25412	0.0	0.0	0.0	0.0
2455	25412	0.0	0.0	0.0	0.0
2455	25412	0.0	0.0	0.0	0.0
2455	25412	0.0	0.0	0.0	0.0
2455	25412	0.0	0.0	0.0	0.0
2455	25412	0.0	0.0	0.0	0.0
2455	25412	0.0	0.0	0.0	0.0
2455	25412	0.0	0.0	0.0	0.0
2455	25412	0.0	0.0	0.0	0.0
2455	25412	0.0	0.0	0.0	0.0
2455	25412	0.0	0.0	0.0	0.0
2455	25412	0.0	0.0	0.0	0.0
2455	25412	0.0	0.0	0.0	0.0
2455	25412	0.0	0.0	0.0	0.0
2455	25422	2.75	0.0	0.0	0.0
2455	25422	0.48	0.949	1.801	0.469
2455	25422	0.116	0.097	0.383	0.019
2455	25422	0.064	0.162	0.278	0.226
2455	25422	0.086	0.417	0.481	0.503
2455	25422	0.083	0.027	0.113	0.11
2455	25422	0.123	0.07	0.153	0.193
2455	25422	0.126	0.059	0.182	0.185
2455	25422	0.105	0.032	0.094	0.073
2455	25422	0.089	0.056	0.049	0.033
2455	25422	0.114	0.054	0.143	0.168
2455	25422	0.06	0.037	0.077	0.023
2455	25422	0.084	0.003	0.063	0.087
2455	25422	0.102	0.074	0.158	0.176
2455	25422	0.063	0.01	0.092	0.053
2455	25422	0.111	0.038	0.101	0.149
2455	25422	0.084	0.027	0.084	0.057
2455	25422	0.074	0.031	0.053	0.043
2455	25422	0.118	0.455	0.529	0.573
2455	25422	0.076	0.046	0.072	0.03
2455	25422	0.082	0.061	0.137	0.143
2455	25422	0.132	0.078	0.16	0.21
2455	25422	0.083	0.058	0.074	0.025
2455	25422	0.105	0.004	0.079	0.101
2455	25422	0.087	0.011	0.094	0.076
2455	25422	0.11	0.087	0.174	0.197
2455	25422	0.067	0.037	0.073	0.03
2455	25422	0.123	0.057	0.124	0.18
2455	25422	0.116	0.032	0.155	0.148
2455	25422	0.11	0.06	0.056	0.05
2455	25422	0.076	0.435	0.545	0.511
2455	25422	0.078	0.032	0.108	0.11
2455	25422	0.135	0.106	0.184	0.241
2455	25422	0.074	0.221	0.356	0.295
2455	25422	0.144	0.132	0.206	0.276
2455	25422	0.103	0.053	0.091	0.05
2455	25422	0.077	0.01	0.113	0.087
2455	25422	0.131	0.044	0.121	0.175
2455	25422	0.08	0.031	0.162	0.111
2455	25422	0.094	0.11	0.19	0.204
2455	25422	0.126	0.163	0.257	0.289
2455	25422	0.064	0.068	0.058	0.004
2455	25422	0.044	0.209	0.273	0.253
2455	25422	0.065	0.085	0.129	0.15
2455	25422	0.122	0.061	0.126	0.183
2455	25422	0.083	0.046	0.076	0.037
2455	25422	0.064	0.017	0.066	0.047
2455	25422	0.093	0.037	0.101	0.13
2455	25422	0.105	0.019	0.074	0.086
2455	25422	0.076	0.015	0.12	0.091
2455	25422	0.119	0.061	0.137	0.18
2455	25422	0.095	0.032	0.087	0.063
2455	25422	0.124	0.023	0.118	0.147
2455	25422	0.086	0.042	0.082	0.044
2455	25422	0.061	0.105	0.191	0.166
2455	25422	0.101	0.347	0.408	0.448
2455	25422	0.105	0.101	0.202	0.206
2455	25422	0.065	0.005	0.1	0.06
2455	25422	0.048	0.133	0.198	0.181
2455	25422	0.13	0.057	0.105	0.187
2455	25422	0.124	0.05	0.08	0.074
2455	25422	0.137	0.024	0.1	0.113
2455	25422	0.095	0.054	0.083	0.041
2455	25422	0.087	0.028	0.067	0.059
2455	25422	0.088	0.017	0.104	0.105
2455	25422	0.09	0.214	0.302	0.304
2455	25422	0.084	0.006	0.084	0.078
2455	25422	0.073	0.134	0.218	0.207
2455	25422	0.112	0.004	0.069	0.108
2455	25422	0.125	0.036	0.076	0.089
2455	25440	3.755	0.0	0.0	0.0
2455	25440	0.358	1.77	1.985	1.412
2455	25440	0.136	0.134	0.224	0.002
2455	25440	0.062	0.129	0.265	0.191
2455	25440	0.073	0.017	0.079	0.09
2455	25440	0.069	0.01	0.083	0.079
2455	25440	0.087	0.554	0.623	0.641
2455	25440	0.099	0.12	0.207	0.219
2455	25440	0.1	0.022	0.121	0.122
2455	25440	0.12	0.221	0.321	0.341
2455	25440	0.155	0.063	0.057	0.092
2455	25440	0.105	0.06	0.095	0.045
2455	25440	0.052	0.005	0.11	0.057
2455	25440	0.087	0.069	0.121	0.156
2455	25440	0.105	0.004	0.083	0.101
2455	25440	0.087	0.005	0.1	0.082
2455	25440	0.105	0.355	0.442	0.46
2455	25440	0.107	0.045	0.15	0.152
2455	25440	0.062	0.048	0.155	0.11
2455	25440	0.085	0.01	0.072	0.095
2455	25440	0.073	0.031	0.116	0.104
2455	25440	0.074	0.003	0.076	0.077
2455	25440	0.073	0.034	0.108	0.107
2455	25440	0.11	0.017	0.09	0.127
2455	25440	0.059	0.004	0.114	0.063
2455	25440	0.108	0.006	0.053	0.102
2455	25440	0.079	0.01	0.098	0.069
2455	25440	0.084	0.264	0.343	0.348
2455	25440	0.081	0.298	0.382	0.379
2455	25440	0.115	0.032	0.049	0.083
2455	25440	0.098	0.014	0.101	0.084
2455	25440	0.089	0.022	0.12	0.111
2455	25440	0.127	0.036	0.125	0.163
2455	25440	0.115	0.026	0.101	0.089
2455	25440	0.105	0.01	0.105	0.095
2455	25440	0.0	0.0	0.0	0.0
2455	25440	0.0	0.0	0.0	0.0
2455	25440	0.0	0.0	0.0	0.0
2455	25440	0.0	0.0	0.0	0.0
2455	25440	0.0	0.0	0.0	0.0
2455	25440	0.0	0.0	0.0	0.0
2455	25440	0.0	0.0	0.0	0.0
2455	25440	0.0	0.0	0.0	0.0
2455	25440	0.0	0.0	0.0	0.0
2455	25440	0.0	0.0	0.0	0.0
2455	25440	0.0	0.0	0.0	0.0
2455	25440	0.0	0.0	0.0	0.0
2455	25440	0.0	0.0	0.0	0.0
2455	25440	0.0	0.0	0.0	0.0
2455	25440	0.0	0.0	0.0	0.0
2455	25440	0.0	0.0	0.0	0.0
2455	25440	0.0	0.0	0.0	0.0
2455	25440	0.0	0.0	0.0	0.0
2455	25440	0.0	0.0	0.0	0.0
2455	25440	0.0	0.0	0.0	0.0
2455	25440	0.0	0.0	0.0	0.0
2455	25440	0.0	0.0	0.0	0.0
2455	25440	0.0	0.0	0.0	0.0
2455	25440	0.0	0.0	0.0	0.0
2455	25440	0.0	0.0	0.0	0.0
2455	25440	0.0	0.0	0.0	0.0
2455	25440	0.0	0.0	0.0	0.0
2455	25440	0.0	0.0	0.0	0.0
2455	25440	0.0	0.0	0.0	0.0
2455	25440	0.0	0.0	0.0	0.0
2455	25440	0.0	0.0	0.0	0.0
2455	25440	0.0	0.0	0.0	0.0
2455	25440	0.0	0.0	0.0	0.0
2455	25440	0.0	0.0	0.0	0.0
2455	25440	0.0	0.0	0.0	0.0
2455	25450	2.612	0.0	0.0	0.0
2455	25450	0.425	0.834	1.778	0.409
2455	25450	0.068	0.079	0.346	0.011
2455	25450	0.079	0.126	0.194	0.205
2455	25450	0.11	0.029	0.108	0.139
2455	25450	0.105	0.103	0.213	0.208
2455	25450	0.12	0.032	0.137	0.152
2455	25450	0.069	0.013	0.133	0.082
2455	25450	0.104	0.008	0.077	0.112
2455	25450	0.09	0.026	0.078	0.064
2455	25450	0.082	0.018	0.108	0.1
2455	25450	0.085	0.04	0.122	0.125
2455	25450	0.1	0.032	0.117	0.132
2455	25450	0.084	0.011	0.089	0.073
2455	25450	0.077	0.295	0.379	0.372
2455	25450	0.095	0.022	0.099	0.117
2455	25450	0.042	0.273	0.368	0.315
2455	25450	0.058	0.073	0.115	0.131
2455	25450	0.102	0.071	0.129	0.173
2455	25450	0.084	0.042	0.06	0.042
2455	25450	0.103	0.002	0.086	0.105
2455	25450	0.07	0.007	0.096	0.063
2455	25450	0.137	0.047	0.117	0.184
2455	25450	0.105	0.041	0.096	0.064
2455	25450	0.06	0.011	0.094	0.049
2455	25450	0.079	0.066	0.126	0.145
2455	25450	0.094	0.021	0.1	0.115
2455	25450	0.087	0.039	0.055	0.048
2455	25450	0.084	0.042	0.129	0.126
2455	25450	0.067	0.017	0.067	0.05
2455	25450	0.07	0.042	0.109	0.112
2455	25450	0.084	0.025	0.045	0.059
2455	25450	0.119	0.057	0.141	0.176
2455	25450	0.065	0.071	0.19	0.136
2455	25450	0.089	0.039	0.104	0.128
2455	25450	0.042	0.428	0.517	0.47
2455	25450	0.063	0.076	0.118	0.139
2455	25450	0.087	0.026	0.089	0.113
2455	25450	0.073	0.024	0.111	0.097
2455	25450	0.082	0.016	0.089	0.098
2455	25450	0.112	0.389	0.471	0.501
2455	25450	0.068	0.116	0.228	0.184
2455	25450	0.098	0.083	0.151	0.181
2455	25450	0.058	0.139	0.237	0.197
2455	25450	0.06	0.079	0.137	0.139
2455	25450	0.063	0.081	0.141	0.144
2455	25450	0.066	0.126	0.189	0.192
2455	25450	0.116	0.014	0.052	0.102
2455	25450	0.092	0.58	0.696	0.672
2455	25450	0.057	0.009	0.101	0.066
2455	25450	0.067	0.058	0.115	0.125
2455	25450	0.274	0.334	0.401	0.608
2455	25450	0.133	0.097	0.371	0.23
2455	25450	0.083	0.039	0.094	0.044
2455	25450	0.049	0.003	0.08	0.046
2455	25450	0.06	0.113	0.162	0.173
2455	25450	0.068	0.52	0.58	0.588
2455	25450	0.086	0.01	0.058	0.076
2455	25450	0.039	0.526	0.612	0.565
2455	25450	0.08	0.056	0.095	0.136
2455	25450	0.075	0.135	0.215	0.21
2455	25450	0.06	0.017	0.058	0.043
2455	25450	0.072	0.067	0.127	0.139
2455	25450	0.086	0.313	0.385	0.399
2455	25450	0.073	0.007	0.093	0.08
2455	25450	0.115	0.043	0.116	0.158
2455	25450	0.115	0.067	0.048	0.048
2455	25450	0.083	0.037	0.078	0.046
2455	25450	0.081	0.046	0.129	0.127
2455	25450	0.618	1.523	1.604	2.141
2455	25472	2.58	0.0	0.0	0.0
2455	25472	0.373	0.745	1.835	0.372
2455	25472	0.085	0.09	0.283	0.005
2455	25472	0.141	0.1	0.185	0.241
2455	25472	0.121	0.058	0.083	0.063
2455	25472	0.399	0.137	0.258	0.536
2455	25472	0.076	0.137	0.262	0.061
2455	25472	0.099	0.12	0.196	0.219
2455	25472	0.063	0.011	0.088	0.052
2455	25472	0.073	0.032	0.095	0.105
2455	25472	0.076	0.014	0.087	0.09
2455	25472	0.098	0.052	0.128	0.15
2455	25472	0.068	0.401	0.499	0.469
2455	25472	0.073	0.114	0.182	0.187
2455	25472	0.072	0.115	0.188	0.187
2455	25472	0.111	0.009	0.063	0.102
2455	25472	0.118	0.019	0.092	0.099
2455	25472	0.055	0.073	0.045	0.018
2455	25472	0.082	0.108	0.163	0.19
2455	25472	0.097	0.025	0.057	0.072
2455	25472	0.105	0.015	0.082	0.09
2455	25472	0.095	0.032	0.073	0.063
2455	25472	0.136	0.047	0.142	0.183
2455	25472	0.081	0.054	0.082	0.027
2455	25472	0.079	0.032	0.049	0.047
2455	25472	0.105	0.393	0.472	0.498
2455	25472	0.094	0.075	0.18	0.169
2455	25472	0.089	0.016	0.078	0.073
2455	25472	0.099	0.037	0.126	0.136
2455	25472	0.103	0.109	0.208	0.212
2455	25472	0.09	0.002	0.101	0.088
2455	25472	0.055	0.271	0.361	0.326
2455	25472	0.035	0.106	0.161	0.141
2455	25472	0.104	0.721	0.756	0.825
2455	25472	0.089	0.021	0.083	0.068
2455	25472	0.083	0.106	0.195	0.189
2455	25472	0.106	0.3	0.383	0.406
2455	25472	0.115	0.038	0.068	0.077
2455	25472	0.113	0.088	0.203	0.201
2455	25472	0.115	0.037	0.076	0.078
2455	25472	0.0	0.0	0.0	0.0
2455	25472	0.0	0.0	0.0	0.0
2455	25472	0.0	0.0	0.0	0.0
2455	25472	0.0	0.0	0.0	0.0
2455	25472	0.0	0.0	0.0	0.0
2455	25472	0.0	0.0	0.0	0.0
2455	25472	0.0	0.0	0.0	0.0
2455	25472	0.0	0.0	0.0	0.0
2455	25472	0.0	0.0	0.0	0.0
2455	25472	0.0	0.0	0.0	0.0
2455	25472	0.0	0.0	0.0	0.0
2455	25472	0.0	0.0	0.0	0.0
2455	25472	0.0	0.0	0.0	0.0
2455	25472	0.0	0.0	0.0	0.0
2455	25472	0.0	0.0	0.0	0.0
2455	25472	0.0	0.0	0.0	0.0
2455	25472	0.0	0.0	0.0	0.0
2455	25472	0.0	0.0	0.0	0.0
2455	25472	0.0	0.0	0.0	0.0
2455	25472	0.0	0.0	0.0	0.0
2455	25472	0.0	0.0	0.0	0.0
2455	25472	0.0	0.0	0.0	0.0
2455	25472	0.0	0.0	0.0	0.0
2455	25472	0.0	0.0	0.0	0.0
2455	25472	0.0	0.0	0.0	0.0
2455	25472	0.0	0.0	0.0	0.0
2455	25472	0.0	0.0	0.0	0.0
2455	25472	0.0	0.0	0.0	0.0
2455	25472	0.0	0.0	0.0	0.0
2455	25472	0.0	0.0	0.0	0.0
2455	25483	16.401	0.0	0.0	0.0
2455	25483	0.218	5.425	10.976	5.207
2455	25483	0.121	0.076	0.142	0.045
2455	25483	0.087	0.048	0.169	0.135
2455	25483	0.118	0.015	0.072	0.103
2455	25483	0.099	0.003	0.115	0.096
2455	25483	0.136	0.102	0.201	0.238
2455	25483	0.092	0.036	0.1	0.056
2455	25483	0.064	0.004	0.088	0.06
2455	25483	0.089	0.068	0.132	0.157
2455	25483	0.112	0.039	0.05	0.073
2455	25483	0.118	0.062	0.05	0.056
2455	25483	0.076	0.002	0.116	0.074
2455	25483	0.101	0.306	0.382	0.407
2455	25483	0.067	0.012	0.089	0.055
2455	25483	0.089	0.039	0.106	0.128
2455	25483	0.076	0.026	0.063	0.05
2455	25483	0.064	0.071	0.147	0.135
2455	25483	0.119	0.062	0.126	0.181
2455	25483	0.077	0.028	0.147	0.105
2455	25483	0.135	0.019	0.058	0.116
2455	25483	0.12	0.03	0.105	0.09
2455	25483	0.082	0.005	0.115	0.077
2455	25483	0.095	0.028	0.11	0.123
2455	25483	0.084	0.028	0.067	0.056
2455	25483	0.076	0.005	0.079	0.071
2455	25483	0.115	0.066	0.142	0.181
2455	25483	0.131	0.029	0.086	0.102
2455	25483	0.088	0.057	0.074	0.031
2455	25483	0.101	0.011	0.099	0.112
2455	25483	0.072	0.038	0.139	0.11
2455	25483	0.07	0.279	0.351	0.349
2455	25483	0.083	0.003	0.067	0.08
2455	25483	0.105	0.074	0.157	0.179
2455	25483	0.095	0.042	0.063	0.053
2455	25483	0.074	0.011	0.084	0.063
2455	25483	0.126	0.129	0.203	0.255
2455	25483	0.09	0.056	0.07	0.034
2455	25483	0.1	0.037	0.053	0.063
2455	25483	0.105	0.029	0.129	0.134
2455	25483	0.1	0.068	0.037	0.032
2455	25483	0.337	0.065	0.165	0.402
2455	25483	0.076	0.248	0.089	0.172
2455	25483	0.09	0.013	0.089	0.103
2455	25483	0.0	0.0	0.0	0.0
2455	25483	0.0	0.0	0.0	0.0
2455	25483	0.0	0.0	0.0	0.0
2455	25483	0.0	0.0	0.0	0.0
2455	25483	0.0	0.0	0.0	0.0
2455	25483	0.0	0.0	0.0	0.0
2455	25483	0.0	0.0	0.0	0.0
2455	25483	0.0	0.0	0.0	0.0
2455	25483	0.0	0.0	0.0	0.0
2455	25483	0.0	0.0	0.0	0.0
2455	25483	0.0	0.0	0.0	0.0
2455	25483	0.0	0.0	0.0	0.0
2455	25483	0.0	0.0	0.0	0.0
2455	25483	0.0	0.0	0.0	0.0
2455	25483	0.0	0.0	0.0	0.0
2455	25483	0.0	0.0	0.0	0.0
2455	25483	0.0	0.0	0.0	0.0
2455	25483	0.0	0.0	0.0	0.0
2455	25483	0.0	0.0	0.0	0.0
2455	25483	0.0	0.0	0.0	0.0
2455	25483	0.0	0.0	0.0	0.0
2455	25483	0.0	0.0	0.0	0.0
2455	25483	0.0	0.0	0.0	0.0
2455	25483	0.0	0.0	0.0	0.0
2455	25483	0.0	0.0	0.0	0.0
2455	25483	0.0	0.0	0.0	0.0
2455	25492	0.32	0.0	0.0	0.0
2455	25492	0.056	0.088	0.232	0.032
2455	25492	0.113	0.059	0.115	0.172
2455	25492	0.069	0.013	0.126	0.082
2455	25492	0.067	0.103	0.172	0.17
2455	25492	0.083	0.347	0.414	0.43
2455	25492	0.113	0.074	0.157	0.187
2455	25492	0.078	0.005	0.108	0.073
2455	25492	0.151	0.08	0.158	0.231
2455	25492	0.121	0.094	0.057	0.027
2455	25492	0.077	0.024	0.097	0.053
2455	25492	0.13	0.007	0.07	0.123
2455	25492	0.065	0.018	0.148	0.083
2455	25492	0.111	0.638	0.703	0.749
2455	25492	0.072	0.015	0.096	0.057
2455	25492	0.135	0.117	0.189	0.252
2455	25492	0.12	0.033	0.102	0.087
2455	25492	0.06	0.004	0.116	0.056
2455	25492	0.101	0.134	0.194	0.235
2455	25492	0.105	0.038	0.063	0.067
2455	25492	0.1	0.024	0.129	0.124
2455	25492	0.089	0.053	0.047	0.036
2455	25492	0.144	0.134	0.223	0.278
2455	25492	0.169	0.04	0.104	0.129
2455	25492	0.094	0.097	0.072	0.003
2455	25492	0.083	0.046	0.14	0.129
2455	25492	0.044	0.333	0.416	0.377
2455	25492	0.078	0.072	0.116	0.15
2455	25492	0.078	0.106	0.184	0.184
2455	25492	0.087	0.158	0.236	0.245
2455	25492	0.147	0.018	0.105	0.165
2455	25492	0.129	0.042	0.105	0.087
2455	25492	0.137	0.035	0.094	0.102
2455	25492	0.076	0.042	0.179	0.118
2455	25492	0.086	0.127	0.203	0.213
2455	25492	0.113	0.05	0.136	0.163
2455	25492	0.123	0.026	0.087	0.097
2455	25492	0.078	0.008	0.131	0.086
2455	25492	0.094	0.033	0.111	0.127
2455	25492	0.063	0.011	0.083	0.052
2455	25492	0.081	0.346	0.409	0.427
2455	25492	0.067	0.102	0.183	0.169
2455	25492	0.105	0.021	0.088	0.126
2455	25492	0.128	0.27	0.375	0.398
2455	25492	0.112	0.28	0.408	0.392
2455	25492	0.105	0.236	0.348	0.341
2455	25492	0.06	0.226	0.331	0.286
2455	25492	0.072	0.129	0.189	0.201
2455	25492	0.09	0.009	0.063	0.081
2455	25492	0.0	0.0	0.0	0.0
2455	25492	0.0	0.0	0.0	0.0
2455	25492	0.0	0.0	0.0	0.0
2455	25492	0.0	0.0	0.0	0.0
2455	25492	0.0	0.0	0.0	0.0
2455	25492	0.0	0.0	0.0	0.0
2455	25492	0.0	0.0	0.0	0.0
2455	25492	0.0	0.0	0.0	0.0
2455	25492	0.0	0.0	0.0	0.0
2455	25492	0.0	0.0	0.0	0.0
2455	25492	0.0	0.0	0.0	0.0
2455	25492	0.0	0.0	0.0	0.0
2455	25492	0.0	0.0	0.0	0.0
2455	25492	0.0	0.0	0.0	0.0
2455	25492	0.0	0.0	0.0	0.0
2455	25492	0.0	0.0	0.0	0.0
2455	25492	0.0	0.0	0.0	0.0
2455	25492	0.0	0.0	0.0	0.0
2455	25492	0.0	0.0	0.0	0.0
2455	25492	0.0	0.0	0.0	0.0
2455	25492	0.0	0.0	0.0	0.0
