PARTICIPANT_ID	TEST_SECTION_ID	HOLD_LATENCY	INTERKEY_LATENCY	PRESS_LATENCY	RELEASE_LATENCY
274	2377	0.657	0.0	0.0	0.0
274	2377	0.121	0.118	0.539	0.003
274	2377	0.059	0.002	0.119	0.057
274	2377	0.111	0.047	0.106	0.158
274	2377	0.175	0.016	0.095	0.159
274	2377	0.136	0.001	0.176	0.137
274	2377	0.147	0.005	0.141	0.152
274	2377	0.143	0.065	0.212	0.208
274	2377	0.159	0.081	0.224	0.24
274	2377	0.122	0.026	0.133	0.096
274	2377	0.07	0.074	0.196	0.144
274	2377	0.117	0.113	0.183	0.23
274	2377	0.208	0.038	0.079	0.17
274	2377	0.239	0.001	0.209	0.24
274	2377	0.128	0.096	0.143	0.032
274	2377	0.127	0.001	0.129	0.128
274	2377	0.122	0.208	0.335	0.33
274	2377	0.093	0.006	0.128	0.099
274	2377	0.144	0.115	0.208	0.259
274	2377	0.144	0.112	0.256	0.256
274	2377	0.128	0.0	0.144	0.128
274	2377	0.106	0.05	0.178	0.156
274	2377	0.064	0.036	0.142	0.1
274	2377	0.069	0.203	0.267	0.272
274	2377	0.064	0.064	0.133	0.128
274	2377	0.064	0.08	0.144	0.144
274	2377	0.127	0.001	0.065	0.128
274	2377	0.116	0.028	0.155	0.144
274	2377	0.144	0.048	0.164	0.192
274	2377	0.063	0.001	0.145	0.064
274	2377	0.096	0.064	0.127	0.16
274	2377	0.095	0.001	0.097	0.096
274	2377	0.105	0.071	0.166	0.176
274	2377	0.111	0.001	0.106	0.112
274	2377	0.086	0.096	0.207	0.182
274	2377	0.144	0.074	0.16	0.218
274	2377	0.128	0.032	0.112	0.096
274	2377	0.144	0.016	0.144	0.16
274	2377	0.096	0.032	0.112	0.064
274	2377	0.08	0.064	0.16	0.144
274	2377	0.048	0.128	0.208	0.176
274	2377	0.144	0.128	0.176	0.272
274	2377	0.125	0.003	0.147	0.128
274	2377	0.143	0.001	0.126	0.144
274	2377	0.08	0.016	0.127	0.064
274	2377	0.144	0.104	0.184	0.248
274	2377	0.074	0.002	0.142	0.072
274	2377	0.137	0.048	0.122	0.185
274	2377	0.165	0.07	0.207	0.235
274	2377	0.16	0.036	0.129	0.124
274	2377	0.064	0.256	0.416	0.32
274	2377	0.088	0.065	0.129	0.153
274	2377	0.16	0.057	0.031	0.103
274	2377	0.112	0.08	0.08	0.032
274	2377	0.112	0.128	0.24	0.24
274	2377	0.088	0.028	0.14	0.116
274	2377	0.128	0.075	0.163	0.203
274	2377	0.112	0.0	0.128	0.112
274	2377	0.096	0.049	0.161	0.145
274	2377	0.107	0.149	0.245	0.256
274	2377	0.128	0.048	0.155	0.176
274	2377	0.1	0.016	0.144	0.116
274	2377	0.143	0.061	0.161	0.204
274	2377	0.128	0.032	0.175	0.16
274	2377	0.095	0.001	0.129	0.096
274	2377	0.138	0.001	0.096	0.139
274	2377	0.111	0.038	0.176	0.149
274	2377	0.0	0.0	0.0	0.0
274	2377	0.0	0.0	0.0	0.0
274	2377	0.0	0.0	0.0	0.0
274	2385	1.292	0.0	0.0	0.0
274	2385	0.079	0.111	1.181	0.032
274	2385	0.08	0.24	0.319	0.32
274	2385	0.095	0.001	0.081	0.096
274	2385	0.1	0.081	0.176	0.181
274	2385	0.162	0.007	0.093	0.155
274	2385	0.048	0.144	0.306	0.192
274	2385	0.085	0.064	0.112	0.149
274	2385	0.192	0.037	0.048	0.155
274	2385	0.153	0.112	0.08	0.041
274	2385	0.144	0.04	0.113	0.104
274	2385	0.128	0.033	0.111	0.095
274	2385	0.079	0.001	0.129	0.08
274	2385	0.112	0.016	0.063	0.096
274	2385	0.025	0.024	0.136	0.049
274	2385	0.144	0.047	0.072	0.191
274	2385	0.047	0.241	0.385	0.288
274	2385	0.08	0.064	0.111	0.144
274	2385	0.128	0.032	0.048	0.096
274	2385	0.112	0.032	0.096	0.08
274	2385	0.128	0.016	0.096	0.112
274	2385	0.112	0.016	0.112	0.096
274	2385	0.095	0.001	0.113	0.096
274	2385	0.096	0.016	0.111	0.112
274	2385	0.128	0.08	0.176	0.208
274	2385	0.116	0.064	0.064	0.052
274	2385	0.107	0.001	0.117	0.108
274	2385	0.096	0.048	0.059	0.048
274	2385	0.127	0.001	0.097	0.128
274	2385	0.144	0.048	0.079	0.096
274	2385	0.096	0.032	0.112	0.064
274	2385	0.106	0.056	0.152	0.162
274	2385	0.117	0.007	0.099	0.11
274	2385	0.08	0.016	0.101	0.064
274	2385	0.107	0.021	0.101	0.128
274	2385	0.111	0.001	0.108	0.112
274	2385	0.125	0.003	0.114	0.128
274	2385	0.15	0.001	0.126	0.151
274	2385	0.096	0.055	0.095	0.041
274	2385	0.056	0.36	0.456	0.416
274	2385	0.13	0.016	0.072	0.146
274	2385	0.116	0.018	0.112	0.098
274	2385	0.096	0.012	0.128	0.108
274	2385	0.112	0.4	0.496	0.512
274	2385	0.032	0.192	0.304	0.224
274	2385	0.184	0.672	0.704	0.856
274	2385	0.096	0.056	0.128	0.04
274	2385	0.105	0.037	0.059	0.068
274	2385	0.084	0.008	0.097	0.076
274	2385	0.115	0.001	0.085	0.116
274	2385	0.12	0.02	0.095	0.1
274	2385	0.099	0.001	0.121	0.1
274	2385	0.081	0.003	0.102	0.084
274	2385	0.112	0.016	0.065	0.096
274	2385	0.095	0.001	0.113	0.096
274	2385	0.128	0.032	0.063	0.096
274	2385	0.127	0.001	0.129	0.128
274	2385	0.08	0.048	0.079	0.032
274	2385	0.064	0.112	0.192	0.176
274	2385	0.037	0.092	0.156	0.129
274	2385	0.128	0.015	0.052	0.143
274	2385	0.128	0.064	0.192	0.192
274	2385	0.084	0.028	0.156	0.112
274	2385	0.064	0.016	0.068	0.048
274	2385	0.087	0.08	0.144	0.167
274	2385	0.116	0.101	0.188	0.217
274	2385	0.16	0.064	0.18	0.224
274	2385	0.12	0.04	0.12	0.08
274	2385	0.144	0.016	0.104	0.128
274	2385	0.064	0.096	0.24	0.16
274	2389	1.133	0.0	0.0	0.0
274	2389	0.08	0.08	1.053	0.0
274	2389	0.1	0.06	0.14	0.16
274	2389	0.133	0.032	0.068	0.101
274	2389	0.112	0.037	0.096	0.075
274	2389	0.156	0.032	0.08	0.124
274	2389	0.144	0.044	0.112	0.1
274	2389	0.124	0.176	0.32	0.3
274	2389	0.084	0.0	0.124	0.084
274	2389	0.032	0.128	0.212	0.16
274	2389	0.616	0.056	0.088	0.672
274	2389	0.068	0.384	0.232	0.316
274	2389	0.192	0.156	0.224	0.348
274	2389	0.144	0.224	0.416	0.368
274	2389	0.08	0.368	0.512	0.448
274	2389	0.134	0.0	0.08	0.134
274	2389	0.144	0.106	0.24	0.25
274	2389	0.116	0.064	0.08	0.052
274	2389	0.093	0.05	0.066	0.043
274	2389	0.159	0.017	0.11	0.176
274	2389	0.128	0.015	0.144	0.113
274	2389	0.079	0.0	0.128	0.079
274	2389	0.127	0.001	0.08	0.128
274	2389	0.111	0.031	0.096	0.08
274	2389	0.096	0.015	0.096	0.081
274	2389	0.142	0.001	0.097	0.143
274	2389	0.079	0.241	0.383	0.32
274	2389	0.095	0.001	0.08	0.096
274	2389	0.08	0.24	0.335	0.32
274	2389	0.063	0.081	0.161	0.144
274	2389	0.127	0.129	0.192	0.256
274	2389	0.159	0.001	0.128	0.16
274	2389	0.152	0.04	0.119	0.112
274	2389	0.111	0.001	0.153	0.112
274	2389	0.127	0.017	0.128	0.144
274	2389	0.112	0.048	0.175	0.16
274	2389	0.112	0.048	0.16	0.16
274	2389	0.096	0.128	0.24	0.224
274	2389	0.0	0.0	0.0	0.0
274	2389	0.0	0.0	0.0	0.0
274	2389	0.0	0.0	0.0	0.0
274	2389	0.0	0.0	0.0	0.0
274	2389	0.0	0.0	0.0	0.0
274	2389	0.0	0.0	0.0	0.0
274	2389	0.0	0.0	0.0	0.0
274	2389	0.0	0.0	0.0	0.0
274	2389	0.0	0.0	0.0	0.0
274	2389	0.0	0.0	0.0	0.0
274	2389	0.0	0.0	0.0	0.0
274	2389	0.0	0.0	0.0	0.0
274	2389	0.0	0.0	0.0	0.0
274	2389	0.0	0.0	0.0	0.0
274	2389	0.0	0.0	0.0	0.0
274	2389	0.0	0.0	0.0	0.0
274	2389	0.0	0.0	0.0	0.0
274	2389	0.0	0.0	0.0	0.0
274	2389	0.0	0.0	0.0	0.0
274	2389	0.0	0.0	0.0	0.0
274	2389	0.0	0.0	0.0	0.0
274	2389	0.0	0.0	0.0	0.0
274	2389	0.0	0.0	0.0	0.0
274	2389	0.0	0.0	0.0	0.0
274	2389	0.0	0.0	0.0	0.0
274	2389	0.0	0.0	0.0	0.0
274	2389	0.0	0.0	0.0	0.0
274	2389	0.0	0.0	0.0	0.0
274	2389	0.0	0.0	0.0	0.0
274	2389	0.0	0.0	0.0	0.0
274	2389	0.0	0.0	0.0	0.0
274	2389	0.0	0.0	0.0	0.0
274	2393	1.584	0.0	0.0	0.0
274	2393	0.118	0.038	1.546	0.08
274	2393	0.08	0.032	0.15	0.112
274	2393	0.071	0.001	0.081	0.072
274	2393	0.067	0.101	0.172	0.168
274	2393	0.128	0.064	0.131	0.192
274	2393	0.157	0.016	0.112	0.141
274	2393	0.129	0.029	0.128	0.1
274	2393	0.096	0.017	0.112	0.079
274	2393	0.096	0.016	0.08	0.08
274	2393	0.115	0.141	0.237	0.256
274	2393	0.095	0.001	0.116	0.096
274	2393	0.137	0.048	0.047	0.089
274	2393	0.103	0.0	0.137	0.103
274	2393	0.196	0.001	0.104	0.197
274	2393	0.144	0.085	0.111	0.059
274	2393	0.137	0.096	0.048	0.041
274	2393	0.096	0.039	0.176	0.135
274	2393	0.115	0.035	0.061	0.08
274	2393	0.111	0.001	0.116	0.112
274	2393	0.095	0.001	0.112	0.096
274	2393	0.111	0.001	0.096	0.112
274	2393	0.079	0.001	0.112	0.08
274	2393	0.047	0.001	0.08	0.048
274	2393	0.08	0.08	0.127	0.16
274	2393	0.112	0.112	0.192	0.224
274	2393	0.111	0.001	0.113	0.112
274	2393	0.128	0.016	0.095	0.112
274	2393	0.129	0.048	0.176	0.177
274	2393	0.032	0.049	0.08	0.017
274	2393	0.16	0.224	0.256	0.384
274	2393	0.16	0.048	0.112	0.112
274	2393	0.139	0.027	0.133	0.112
274	2393	0.096	0.096	0.235	0.192
274	2393	0.095	0.001	0.097	0.096
274	2393	0.112	0.032	0.127	0.144
274	2393	0.08	0.112	0.224	0.192
274	2393	0.063	0.337	0.417	0.4
274	2393	0.096	0.016	0.047	0.08
274	2393	0.112	0.08	0.176	0.192
274	2393	0.127	0.065	0.177	0.192
274	2393	0.143	0.001	0.128	0.144
274	2393	0.096	0.048	0.095	0.048
274	2393	0.101	0.02	0.076	0.081
274	2393	0.112	0.031	0.132	0.143
274	2393	0.064	0.08	0.192	0.144
274	2393	0.116	0.096	0.16	0.212
274	2393	0.156	0.0	0.116	0.156
274	2393	0.097	0.048	0.108	0.049
274	2393	0.0	0.0	0.0	0.0
274	2393	0.0	0.0	0.0	0.0
274	2393	0.0	0.0	0.0	0.0
274	2393	0.0	0.0	0.0	0.0
274	2393	0.0	0.0	0.0	0.0
274	2393	0.0	0.0	0.0	0.0
274	2393	0.0	0.0	0.0	0.0
274	2393	0.0	0.0	0.0	0.0
274	2393	0.0	0.0	0.0	0.0
274	2393	0.0	0.0	0.0	0.0
274	2393	0.0	0.0	0.0	0.0
274	2393	0.0	0.0	0.0	0.0
274	2393	0.0	0.0	0.0	0.0
274	2393	0.0	0.0	0.0	0.0
274	2393	0.0	0.0	0.0	0.0
274	2393	0.0	0.0	0.0	0.0
274	2393	0.0	0.0	0.0	0.0
274	2393	0.0	0.0	0.0	0.0
274	2393	0.0	0.0	0.0	0.0
274	2393	0.0	0.0	0.0	0.0
274	2393	0.0	0.0	0.0	0.0
274	2397	1.213	0.0	0.0	0.0
274	2397	0.112	0.08	1.133	0.032
274	2397	0.128	0.144	0.256	0.272
274	2397	0.144	0.016	0.112	0.128
274	2397	0.128	0.032	0.112	0.096
274	2397	0.128	0.032	0.096	0.096
274	2397	0.095	0.001	0.129	0.096
274	2397	0.144	0.048	0.143	0.192
274	2397	0.128	0.032	0.112	0.096
274	2397	0.144	0.032	0.096	0.112
274	2397	0.128	0.016	0.16	0.144
274	2397	0.096	0.064	0.064	0.032
274	2397	0.112	0.032	0.128	0.144
274	2397	0.096	0.288	0.4	0.384
274	2397	0.166	0.233	0.329	0.399
274	2397	0.112	0.047	0.119	0.065
274	2397	0.111	0.0	0.112	0.111
274	2397	0.111	0.015	0.096	0.096
274	2397	0.111	0.177	0.288	0.288
274	2397	0.191	0.001	0.112	0.192
274	2397	0.127	0.063	0.128	0.064
274	2397	0.16	0.001	0.128	0.161
274	2397	0.127	0.0	0.16	0.127
274	2397	0.0	0.0	0.0	0.0
274	2397	0.0	0.0	0.0	0.0
274	2397	0.0	0.0	0.0	0.0
274	2397	0.0	0.0	0.0	0.0
274	2397	0.0	0.0	0.0	0.0
274	2397	0.0	0.0	0.0	0.0
274	2397	0.0	0.0	0.0	0.0
274	2397	0.0	0.0	0.0	0.0
274	2397	0.0	0.0	0.0	0.0
274	2397	0.0	0.0	0.0	0.0
274	2397	0.0	0.0	0.0	0.0
274	2397	0.0	0.0	0.0	0.0
274	2397	0.0	0.0	0.0	0.0
274	2397	0.0	0.0	0.0	0.0
274	2397	0.0	0.0	0.0	0.0
274	2397	0.0	0.0	0.0	0.0
274	2397	0.0	0.0	0.0	0.0
274	2397	0.0	0.0	0.0	0.0
274	2397	0.0	0.0	0.0	0.0
274	2397	0.0	0.0	0.0	0.0
274	2397	0.0	0.0	0.0	0.0
274	2397	0.0	0.0	0.0	0.0
274	2397	0.0	0.0	0.0	0.0
274	2397	0.0	0.0	0.0	0.0
274	2397	0.0	0.0	0.0	0.0
274	2397	0.0	0.0	0.0	0.0
274	2397	0.0	0.0	0.0	0.0
274	2397	0.0	0.0	0.0	0.0
274	2397	0.0	0.0	0.0	0.0
274	2397	0.0	0.0	0.0	0.0
274	2397	0.0	0.0	0.0	0.0
274	2397	0.0	0.0	0.0	0.0
274	2397	0.0	0.0	0.0	0.0
274	2397	0.0	0.0	0.0	0.0
274	2397	0.0	0.0	0.0	0.0
274	2397	0.0	0.0	0.0	0.0
274	2397	0.0	0.0	0.0	0.0
274	2397	0.0	0.0	0.0	0.0
274	2397	0.0	0.0	0.0	0.0
274	2397	0.0	0.0	0.0	0.0
274	2397	0.0	0.0	0.0	0.0
274	2397	0.0	0.0	0.0	0.0
274	2397	0.0	0.0	0.0	0.0
274	2397	0.0	0.0	0.0	0.0
274	2397	0.0	0.0	0.0	0.0
274	2397	0.0	0.0	0.0	0.0
274	2397	0.0	0.0	0.0	0.0
274	2401	0.879	0.0	0.0	0.0
274	2401	0.096	0.048	0.831	0.048
274	2401	0.112	0.064	0.16	0.176
274	2401	0.159	0.001	0.113	0.16
274	2401	0.128	0.032	0.127	0.096
274	2401	0.096	0.048	0.08	0.048
274	2401	0.096	0.096	0.192	0.192
274	2401	0.112	0.032	0.064	0.08
274	2401	0.16	0.016	0.096	0.144
274	2401	0.112	0.032	0.128	0.08
274	2401	0.144	0.016	0.128	0.16
274	2401	0.08	0.032	0.176	0.112
274	2401	0.08	0.128	0.208	0.208
274	2401	0.087	0.073	0.153	0.16
274	2401	0.112	0.08	0.167	0.192
274	2401	0.187	0.021	0.133	0.208
274	2401	0.08	0.048	0.139	0.032
274	2401	0.099	0.017	0.063	0.082
274	2401	0.118	0.018	0.081	0.1
274	2401	0.08	0.022	0.096	0.058
274	2401	0.064	0.256	0.336	0.32
274	2401	0.121	0.001	0.065	0.122
274	2401	0.128	0.038	0.159	0.166
274	2401	0.127	0.034	0.162	0.161
274	2401	0.111	0.0	0.127	0.111
274	2401	0.127	0.001	0.112	0.128
274	2401	0.135	0.001	0.128	0.136
274	2401	0.144	0.04	0.095	0.104
274	2401	0.112	0.032	0.112	0.08
274	2401	0.112	0.097	0.209	0.209
274	2401	0.144	0.079	0.191	0.223
274	2401	0.16	0.048	0.096	0.112
274	2401	0.128	0.016	0.144	0.112
274	2401	0.095	0.001	0.129	0.096
274	2401	0.128	0.064	0.159	0.192
274	2401	0.046	0.03	0.098	0.016
274	2401	0.048	0.208	0.254	0.256
274	2401	0.064	0.08	0.128	0.144
274	2401	0.077	0.003	0.067	0.08
274	2401	0.08	0.096	0.173	0.176
274	2401	0.112	0.144	0.224	0.256
274	2401	0.096	0.096	0.208	0.192
274	2401	0.141	0.051	0.147	0.192
274	2401	0.141	0.003	0.144	0.144
274	2401	0.112	0.048	0.189	0.16
274	2401	0.144	0.016	0.096	0.128
274	2401	0.095	0.001	0.145	0.096
274	2401	0.128	0.048	0.143	0.176
274	2401	0.144	0.032	0.16	0.176
274	2401	0.096	0.016	0.128	0.08
274	2401	0.132	0.032	0.064	0.1
274	2401	0.135	0.036	0.096	0.099
274	2401	0.136	0.001	0.136	0.137
274	2401	0.08	0.016	0.12	0.064
274	2401	0.048	0.576	0.656	0.624
274	2401	0.128	0.016	0.032	0.112
274	2401	0.08	0.032	0.16	0.112
274	2401	0.0	0.0	0.0	0.0
274	2401	0.0	0.0	0.0	0.0
274	2401	0.0	0.0	0.0	0.0
274	2401	0.0	0.0	0.0	0.0
274	2401	0.0	0.0	0.0	0.0
274	2401	0.0	0.0	0.0	0.0
274	2401	0.0	0.0	0.0	0.0
274	2401	0.0	0.0	0.0	0.0
274	2401	0.0	0.0	0.0	0.0
274	2401	0.0	0.0	0.0	0.0
274	2401	0.0	0.0	0.0	0.0
274	2401	0.0	0.0	0.0	0.0
274	2401	0.0	0.0	0.0	0.0
274	2406	0.561	0.0	0.0	0.0
274	2406	0.112	0.049	0.512	0.063
274	2406	0.075	0.037	0.149	0.112
274	2406	0.127	0.001	0.076	0.128
274	2406	0.144	0.016	0.111	0.128
274	2406	0.08	0.0	0.144	0.08
274	2406	0.16	0.112	0.192	0.272
274	2406	0.135	0.016	0.144	0.119
274	2406	0.128	0.055	0.08	0.073
274	2406	0.128	0.032	0.096	0.096
274	2406	0.073	0.256	0.384	0.329
274	2406	0.063	0.071	0.144	0.134
274	2406	0.063	0.209	0.272	0.272
274	2406	0.207	0.194	0.257	0.401
274	2406	0.053	0.006	0.201	0.047
274	2406	0.128	0.289	0.342	0.417
274	2406	0.144	0.0	0.128	0.144
274	2406	0.064	0.032	0.176	0.096
274	2406	0.12	0.391	0.455	0.511
274	2406	0.117	0.021	0.099	0.096
274	2406	0.125	0.083	0.2	0.208
274	2406	0.118	0.074	0.199	0.192
274	2406	0.132	0.048	0.07	0.084
274	2406	0.127	0.142	0.274	0.269
274	2406	0.111	0.0	0.127	0.111
274	2406	0.095	0.193	0.304	0.288
274	2406	0.127	0.065	0.16	0.192
274	2406	0.112	0.064	0.191	0.176
274	2406	0.111	0.193	0.305	0.304
274	2406	0.049	0.08	0.191	0.129
274	2406	0.112	0.031	0.08	0.143
274	2406	0.144	0.048	0.16	0.192
274	2406	0.096	0.576	0.72	0.672
274	2406	0.112	0.064	0.16	0.176
274	2406	0.096	0.352	0.464	0.448
274	2406	0.096	0.128	0.224	0.224
274	2406	0.112	0.048	0.144	0.16
274	2406	0.087	0.128	0.24	0.215
274	2406	0.0	0.0	0.0	0.0
274	2406	0.0	0.0	0.0	0.0
274	2406	0.0	0.0	0.0	0.0
274	2406	0.0	0.0	0.0	0.0
274	2406	0.0	0.0	0.0	0.0
274	2406	0.0	0.0	0.0	0.0
274	2406	0.0	0.0	0.0	0.0
274	2406	0.0	0.0	0.0	0.0
274	2406	0.0	0.0	0.0	0.0
274	2406	0.0	0.0	0.0	0.0
274	2406	0.0	0.0	0.0	0.0
274	2406	0.0	0.0	0.0	0.0
274	2406	0.0	0.0	0.0	0.0
274	2406	0.0	0.0	0.0	0.0
274	2406	0.0	0.0	0.0	0.0
274	2406	0.0	0.0	0.0	0.0
274	2406	0.0	0.0	0.0	0.0
274	2406	0.0	0.0	0.0	0.0
274	2406	0.0	0.0	0.0	0.0
274	2406	0.0	0.0	0.0	0.0
274	2406	0.0	0.0	0.0	0.0
274	2406	0.0	0.0	0.0	0.0
274	2406	0.0	0.0	0.0	0.0
274	2406	0.0	0.0	0.0	0.0
274	2406	0.0	0.0	0.0	0.0
274	2406	0.0	0.0	0.0	0.0
274	2406	0.0	0.0	0.0	0.0
274	2406	0.0	0.0	0.0	0.0
274	2406	0.0	0.0	0.0	0.0
274	2406	0.0	0.0	0.0	0.0
274	2406	0.0	0.0	0.0	0.0
274	2406	0.0	0.0	0.0	0.0
274	2413	0.816	0.0	0.0	0.0
274	2413	0.096	0.096	0.72	0.0
274	2413	0.032	0.192	0.288	0.224
274	2413	0.181	0.368	0.4	0.549
274	2413	0.063	0.187	0.368	0.25
274	2413	0.112	0.064	0.127	0.176
274	2413	0.127	0.001	0.113	0.128
274	2413	0.128	0.032	0.095	0.096
274	2413	0.399	0.001	0.129	0.4
274	2413	0.146	0.208	0.191	0.062
274	2413	0.112	0.158	0.304	0.27
274	2413	0.176	0.096	0.208	0.272
274	2413	0.081	1.312	1.488	1.393
274	2413	0.048	0.111	0.192	0.159
274	2413	0.112	0.208	0.256	0.32
274	2413	0.127	0.015	0.097	0.112
274	2413	0.128	0.016	0.111	0.112
274	2413	0.08	0.016	0.144	0.096
274	2413	0.048	0.016	0.064	0.032
274	2413	0.047	0.433	0.481	0.48
274	2413	0.08	0.065	0.112	0.145
274	2413	0.096	0.064	0.144	0.16
274	2413	0.112	0.224	0.32	0.336
274	2413	0.138	0.016	0.096	0.122
274	2413	0.064	0.022	0.16	0.086
274	2413	0.08	0.08	0.144	0.16
274	2413	0.144	0.032	0.048	0.112
274	2413	0.133	0.043	0.187	0.176
274	2413	0.118	0.048	0.181	0.166
274	2413	0.127	0.07	0.048	0.057
274	2413	0.112	0.017	0.144	0.129
274	2413	0.127	0.016	0.128	0.143
274	2413	0.109	0.028	0.099	0.081
274	2413	0.105	0.009	0.1	0.096
274	2413	0.272	0.0	0.105	0.272
274	2413	0.096	0.128	0.144	0.032
274	2413	0.16	0.112	0.208	0.272
274	2413	0.144	0.016	0.144	0.128
274	2413	0.096	0.64	0.784	0.736
274	2413	0.514	0.304	0.4	0.818
274	2413	0.144	0.29	0.224	0.146
274	2413	0.094	0.337	0.481	0.431
274	2413	0.096	0.416	0.51	0.512
274	2413	0.14	0.196	0.292	0.336
274	2413	0.112	0.16	0.3	0.272
274	2413	0.144	0.048	0.16	0.192
274	2413	0.208	0.048	0.096	0.16
274	2413	0.111	0.031	0.177	0.08
274	2413	0.191	0.017	0.128	0.208
274	2413	0.127	0.031	0.16	0.096
274	2413	0.096	0.081	0.208	0.177
274	2413	0.0	0.0	0.0	0.0
274	2413	0.0	0.0	0.0	0.0
274	2413	0.0	0.0	0.0	0.0
274	2413	0.0	0.0	0.0	0.0
274	2413	0.0	0.0	0.0	0.0
274	2413	0.0	0.0	0.0	0.0
274	2413	0.0	0.0	0.0	0.0
274	2413	0.0	0.0	0.0	0.0
274	2413	0.0	0.0	0.0	0.0
274	2413	0.0	0.0	0.0	0.0
274	2413	0.0	0.0	0.0	0.0
274	2413	0.0	0.0	0.0	0.0
274	2413	0.0	0.0	0.0	0.0
274	2413	0.0	0.0	0.0	0.0
274	2413	0.0	0.0	0.0	0.0
274	2413	0.0	0.0	0.0	0.0
274	2413	0.0	0.0	0.0	0.0
274	2413	0.0	0.0	0.0	0.0
274	2413	0.0	0.0	0.0	0.0
274	2419	0.72	0.0	0.0	0.0
274	2419	0.096	0.064	0.656	0.032
274	2419	0.111	0.033	0.129	0.144
274	2419	0.097	0.001	0.112	0.098
274	2419	0.096	0.238	0.335	0.334
274	2419	0.112	0.032	0.128	0.144
274	2419	0.144	0.016	0.096	0.128
274	2419	0.096	0.048	0.096	0.048
274	2419	0.128	0.064	0.16	0.192
274	2419	0.128	0.032	0.096	0.096
274	2419	0.16	0.016	0.112	0.144
274	2419	0.112	0.08	0.24	0.192
274	2419	0.095	0.003	0.115	0.098
274	2419	0.148	0.078	0.173	0.226
274	2419	0.144	0.028	0.176	0.172
274	2419	0.064	0.032	0.176	0.096
274	2419	0.048	0.24	0.304	0.288
274	2419	0.109	0.003	0.051	0.112
274	2419	0.128	0.016	0.125	0.144
274	2419	0.083	0.189	0.317	0.272
274	2419	0.064	0.064	0.147	0.128
274	2419	0.064	0.352	0.416	0.416
274	2419	0.064	0.016	0.08	0.08
274	2419	0.032	0.368	0.432	0.4
274	2419	0.064	0.144	0.176	0.208
274	2419	0.048	0.112	0.176	0.16
274	2419	0.064	0.4	0.448	0.464
274	2419	0.131	0.128	0.192	0.259
274	2419	0.096	0.237	0.368	0.333
274	2419	0.137	0.032	0.128	0.169
274	2419	0.128	0.055	0.192	0.183
274	2419	0.192	0.064	0.064	0.128
274	2419	0.127	0.001	0.193	0.128
274	2419	0.08	0.096	0.223	0.176
274	2419	0.099	0.085	0.165	0.184
274	2419	0.096	0.072	0.171	0.168
274	2419	0.112	0.144	0.24	0.256
274	2419	0.094	0.002	0.114	0.096
274	2419	0.111	0.081	0.175	0.192
274	2419	0.127	0.001	0.112	0.128
274	2419	0.112	0.064	0.191	0.176
274	2419	0.128	0.064	0.176	0.192
274	2419	0.14	0.048	0.08	0.092
274	2419	0.148	0.044	0.096	0.104
274	2419	0.132	0.036	0.112	0.096
274	2419	0.14	0.0	0.132	0.14
274	2419	0.096	0.064	0.076	0.032
274	2419	0.176	0.032	0.064	0.144
274	2419	0.096	0.032	0.144	0.064
274	2419	0.136	0.016	0.08	0.12
274	2419	0.192	0.008	0.144	0.2
274	2419	0.128	0.064	0.128	0.064
274	2419	0.096	0.0	0.128	0.096
274	2419	0.096	0.096	0.192	0.192
274	2419	0.094	0.066	0.162	0.16
274	2419	0.128	0.112	0.206	0.24
274	2419	0.148	0.052	0.076	0.096
274	2419	0.128	0.016	0.132	0.112
274	2419	0.104	0.04	0.168	0.144
274	2419	0.127	0.001	0.105	0.128
274	2419	0.176	0.0	0.127	0.176
274	2419	0.16	0.048	0.128	0.112
274	2419	0.096	0.048	0.208	0.144
274	2419	0.207	0.048	0.144	0.255
274	2419	0.144	0.047	0.16	0.097
274	2419	0.096	0.048	0.096	0.048
274	2419	0.176	0.096	0.192	0.272
274	2419	0.149	0.037	0.139	0.112
274	2419	0.096	0.032	0.181	0.128
274	2419	0.0	0.0	0.0	0.0
274	2422	0.768	0.0	0.0	0.0
274	2422	0.076	0.108	0.66	0.032
274	2422	0.109	0.034	0.11	0.143
274	2422	0.159	0.017	0.126	0.176
274	2422	0.128	0.064	0.095	0.064
274	2422	0.127	0.063	0.065	0.064
274	2422	0.064	0.016	0.111	0.048
274	2422	0.133	0.123	0.187	0.256
274	2422	0.144	0.015	0.118	0.129
274	2422	0.063	0.0	0.144	0.063
274	2422	0.047	0.097	0.16	0.144
274	2422	0.143	0.097	0.144	0.24
274	2422	0.08	0.048	0.191	0.128
274	2422	0.162	0.062	0.142	0.224
274	2422	0.127	0.063	0.099	0.064
274	2422	0.127	0.001	0.128	0.128
274	2422	0.135	0.054	0.073	0.081
274	2422	0.169	0.0	0.135	0.169
274	2422	0.153	0.057	0.112	0.096
274	2422	0.146	0.041	0.112	0.105
274	2422	0.13	0.035	0.111	0.095
274	2422	0.142	0.0	0.13	0.142
274	2422	0.122	0.042	0.1	0.08
274	2422	0.127	0.001	0.123	0.128
274	2422	0.095	0.015	0.112	0.08
274	2422	0.112	0.032	0.127	0.144
274	2422	0.112	0.032	0.08	0.08
274	2422	0.128	0.016	0.096	0.112
274	2422	0.118	0.016	0.144	0.134
274	2422	0.112	0.038	0.08	0.074
274	2422	0.122	0.074	0.038	0.048
274	2422	0.134	0.022	0.1	0.112
274	2422	0.04	0.264	0.398	0.304
274	2422	0.065	0.096	0.136	0.161
274	2422	0.064	0.303	0.368	0.367
274	2422	0.112	0.592	0.656	0.704
274	2422	0.112	0.032	0.144	0.144
274	2422	0.111	0.015	0.097	0.096
274	2422	0.159	0.001	0.112	0.16
274	2422	0.128	0.032	0.127	0.096
274	2422	0.186	0.048	0.176	0.234
274	2422	0.096	0.026	0.16	0.07
274	2422	0.143	0.001	0.097	0.144
274	2422	0.065	0.32	0.463	0.385
274	2422	0.0	0.0	0.0	0.0
274	2422	0.0	0.0	0.0	0.0
274	2422	0.0	0.0	0.0	0.0
274	2422	0.0	0.0	0.0	0.0
274	2422	0.0	0.0	0.0	0.0
274	2422	0.0	0.0	0.0	0.0
274	2422	0.0	0.0	0.0	0.0
274	2422	0.0	0.0	0.0	0.0
274	2422	0.0	0.0	0.0	0.0
274	2422	0.0	0.0	0.0	0.0
274	2422	0.0	0.0	0.0	0.0
274	2422	0.0	0.0	0.0	0.0
274	2422	0.0	0.0	0.0	0.0
274	2422	0.0	0.0	0.0	0.0
274	2422	0.0	0.0	0.0	0.0
274	2422	0.0	0.0	0.0	0.0
274	2422	0.0	0.0	0.0	0.0
274	2422	0.0	0.0	0.0	0.0
274	2422	0.0	0.0	0.0	0.0
274	2422	0.0	0.0	0.0	0.0
274	2422	0.0	0.0	0.0	0.0
274	2422	0.0	0.0	0.0	0.0
274	2422	0.0	0.0	0.0	0.0
274	2422	0.0	0.0	0.0	0.0
274	2422	0.0	0.0	0.0	0.0
274	2422	0.0	0.0	0.0	0.0
274	2425	1.28	0.0	0.0	0.0
274	2425	0.128	0.08	1.2	0.048
274	2425	0.096	0.08	0.208	0.176
274	2425	0.148	0.016	0.112	0.164
274	2425	0.128	0.052	0.096	0.076
274	2425	0.112	0.08	0.208	0.192
274	2425	0.112	0.144	0.256	0.256
274	2425	0.064	0.224	0.336	0.288
274	2425	0.08	0.064	0.128	0.144
274	2425	0.112	0.368	0.448	0.48
274	2425	0.122	0.07	0.182	0.192
274	2425	0.255	0.001	0.123	0.256
274	2425	0.192	0.144	0.111	0.048
274	2425	0.144	0.096	0.288	0.24
274	2425	0.176	0.032	0.112	0.144
274	2425	0.099	0.01	0.166	0.089
274	2425	0.112	0.151	0.25	0.263
274	2425	0.048	0.176	0.288	0.224
274	2425	0.048	0.08	0.128	0.128
274	2425	0.192	0.144	0.192	0.336
274	2425	0.113	0.049	0.143	0.064
274	2425	0.137	0.048	0.161	0.185
274	2425	0.112	0.025	0.112	0.087
274	2425	0.08	0.048	0.16	0.128
274	2425	0.144	0.288	0.368	0.432
274	2425	0.112	0.032	0.112	0.08
274	2425	0.172	0.0	0.112	0.172
274	2425	0.128	0.044	0.128	0.084
274	2425	0.128	0.048	0.08	0.08
274	2425	0.16	0.048	0.176	0.208
274	2425	0.135	0.071	0.089	0.064
274	2425	0.176	0.032	0.103	0.144
274	2425	0.128	0.144	0.32	0.272
274	2425	0.128	0.032	0.096	0.096
274	2425	0.128	0.016	0.112	0.112
274	2425	0.096	0.096	0.224	0.192
274	2425	0.153	0.096	0.192	0.249
274	2425	0.13	0.025	0.128	0.105
274	2425	0.144	0.034	0.096	0.11
274	2425	0.128	0.032	0.176	0.16
274	2425	0.095	0.064	0.192	0.159
274	2425	0.047	0.273	0.368	0.32
274	2425	0.063	0.097	0.144	0.16
274	2425	0.096	0.065	0.128	0.161
274	2425	0.111	0.048	0.144	0.159
274	2425	0.047	0.353	0.464	0.4
274	2425	0.063	0.385	0.432	0.448
274	2425	0.074	0.118	0.181	0.192
274	2425	0.0	0.0	0.0	0.0
274	2425	0.0	0.0	0.0	0.0
274	2425	0.0	0.0	0.0	0.0
274	2425	0.0	0.0	0.0	0.0
274	2425	0.0	0.0	0.0	0.0
274	2425	0.0	0.0	0.0	0.0
274	2425	0.0	0.0	0.0	0.0
274	2425	0.0	0.0	0.0	0.0
274	2425	0.0	0.0	0.0	0.0
274	2425	0.0	0.0	0.0	0.0
274	2425	0.0	0.0	0.0	0.0
274	2425	0.0	0.0	0.0	0.0
274	2425	0.0	0.0	0.0	0.0
274	2425	0.0	0.0	0.0	0.0
274	2425	0.0	0.0	0.0	0.0
274	2425	0.0	0.0	0.0	0.0
274	2425	0.0	0.0	0.0	0.0
274	2425	0.0	0.0	0.0	0.0
274	2425	0.0	0.0	0.0	0.0
274	2425	0.0	0.0	0.0	0.0
274	2425	0.0	0.0	0.0	0.0
274	2425	0.0	0.0	0.0	0.0
274	2430	2.175	0.0	0.0	0.0
274	2430	0.096	0.128	2.047	0.032
274	2430	0.128	0.096	0.192	0.224
274	2430	0.144	0.001	0.129	0.145
274	2430	0.078	0.001	0.145	0.079
274	2430	0.107	0.021	0.099	0.128
274	2430	0.16	0.064	0.171	0.224
274	2430	0.16	0.032	0.192	0.192
274	2430	0.112	0.016	0.144	0.096
274	2430	0.158	0.082	0.194	0.24
274	2430	0.096	0.352	0.51	0.448
274	2430	0.112	0.096	0.192	0.208
274	2430	0.127	0.001	0.113	0.128
274	2430	0.096	0.032	0.159	0.128
274	2430	0.16	0.08	0.176	0.24
274	2430	0.121	0.032	0.128	0.089
274	2430	0.128	0.023	0.144	0.151
274	2430	0.078	0.05	0.178	0.128
274	2430	0.128	0.208	0.286	0.336
274	2430	0.096	0.032	0.16	0.128
274	2430	0.095	0.001	0.097	0.096
274	2430	0.208	0.016	0.111	0.224
274	2430	0.085	0.139	0.347	0.224
274	2430	0.112	0.032	0.117	0.144
274	2430	0.176	0.096	0.208	0.272
274	2430	0.112	0.048	0.128	0.064
274	2430	0.096	0.016	0.096	0.08
274	2430	0.112	0.112	0.208	0.224
274	2430	0.1	0.032	0.144	0.132
274	2430	0.096	0.076	0.176	0.172
274	2430	0.118	0.026	0.122	0.144
274	2430	0.109	0.003	0.121	0.112
274	2430	0.168	0.001	0.11	0.169
274	2430	0.128	0.055	0.223	0.183
274	2430	0.151	0.032	0.096	0.119
274	2430	0.144	0.039	0.112	0.105
274	2430	0.099	0.096	0.24	0.195
274	2430	0.16	0.061	0.16	0.221
274	2430	0.128	0.016	0.176	0.144
274	2430	0.144	0.016	0.144	0.16
274	2430	0.144	0.064	0.08	0.08
274	2430	0.165	0.032	0.176	0.197
274	2430	0.208	0.037	0.128	0.171
274	2430	0.073	0.048	0.16	0.025
274	2430	0.076	0.203	0.276	0.279
274	2430	0.107	0.122	0.198	0.229
274	2430	0.112	0.037	0.07	0.075
274	2430	0.112	0.048	0.16	0.16
274	2430	0.096	0.112	0.224	0.208
274	2430	0.166	0.016	0.08	0.15
274	2430	0.095	0.027	0.193	0.122
274	2430	0.08	0.032	0.127	0.112
274	2430	0.096	0.08	0.16	0.176
274	2430	0.112	0.016	0.112	0.128
274	2430	0.095	0.001	0.113	0.096
274	2430	0.112	0.096	0.191	0.208
274	2430	0.112	0.032	0.08	0.08
274	2430	0.096	0.128	0.24	0.224
274	2430	0.096	0.208	0.304	0.304
274	2430	0.096	0.208	0.304	0.304
274	2430	0.128	0.032	0.064	0.096
274	2430	0.064	0.096	0.224	0.16
274	2430	0.07	0.09	0.154	0.16
274	2430	0.08	0.0	0.07	0.08
274	2430	0.096	0.112	0.192	0.208
274	2430	0.111	0.001	0.097	0.112
274	2430	0.096	0.016	0.127	0.112
274	2430	0.08	0.144	0.24	0.224
274	2430	0.175	0.193	0.273	0.368
274	2430	0.096	0.032	0.207	0.128
274	2438	0.223	0.0	0.0	0.0
274	2438	0.116	0.063	0.16	0.053
274	2438	0.144	0.076	0.192	0.22
274	2438	0.127	0.0	0.144	0.127
274	2438	0.142	0.05	0.177	0.192
274	2438	0.127	0.001	0.143	0.128
274	2438	0.109	0.003	0.13	0.112
274	2438	0.125	0.019	0.128	0.144
274	2438	0.127	0.001	0.126	0.128
274	2438	0.127	0.031	0.096	0.096
274	2438	0.128	0.256	0.383	0.384
274	2438	0.064	0.016	0.112	0.048
274	2438	0.134	0.016	0.048	0.118
274	2438	0.095	0.107	0.241	0.202
274	2438	0.144	0.032	0.063	0.112
274	2438	0.119	0.032	0.112	0.087
274	2438	0.144	0.023	0.096	0.121
274	2438	0.112	0.048	0.192	0.16
274	2438	0.118	0.001	0.113	0.119
274	2438	0.128	0.041	0.159	0.169
274	2438	0.111	0.001	0.129	0.112
274	2438	0.128	0.016	0.127	0.144
274	2438	0.143	0.001	0.129	0.144
274	2438	0.176	0.032	0.111	0.144
274	2438	0.112	0.032	0.144	0.08
274	2438	0.16	0.0	0.112	0.16
274	2438	0.145	0.048	0.112	0.097
274	2438	0.144	0.015	0.16	0.159
274	2438	0.0	0.0	0.0	0.0
274	2438	0.0	0.0	0.0	0.0
274	2438	0.0	0.0	0.0	0.0
274	2438	0.0	0.0	0.0	0.0
274	2438	0.0	0.0	0.0	0.0
274	2438	0.0	0.0	0.0	0.0
274	2438	0.0	0.0	0.0	0.0
274	2438	0.0	0.0	0.0	0.0
274	2438	0.0	0.0	0.0	0.0
274	2438	0.0	0.0	0.0	0.0
274	2438	0.0	0.0	0.0	0.0
274	2438	0.0	0.0	0.0	0.0
274	2438	0.0	0.0	0.0	0.0
274	2438	0.0	0.0	0.0	0.0
274	2438	0.0	0.0	0.0	0.0
274	2438	0.0	0.0	0.0	0.0
274	2438	0.0	0.0	0.0	0.0
274	2438	0.0	0.0	0.0	0.0
274	2438	0.0	0.0	0.0	0.0
274	2438	0.0	0.0	0.0	0.0
274	2438	0.0	0.0	0.0	0.0
274	2438	0.0	0.0	0.0	0.0
274	2438	0.0	0.0	0.0	0.0
274	2438	0.0	0.0	0.0	0.0
274	2438	0.0	0.0	0.0	0.0
274	2438	0.0	0.0	0.0	0.0
274	2438	0.0	0.0	0.0	0.0
274	2438	0.0	0.0	0.0	0.0
274	2438	0.0	0.0	0.0	0.0
274	2438	0.0	0.0	0.0	0.0
274	2438	0.0	0.0	0.0	0.0
274	2438	0.0	0.0	0.0	0.0
274	2438	0.0	0.0	0.0	0.0
274	2438	0.0	0.0	0.0	0.0
274	2438	0.0	0.0	0.0	0.0
274	2438	0.0	0.0	0.0	0.0
274	2438	0.0	0.0	0.0	0.0
274	2438	0.0	0.0	0.0	0.0
274	2438	0.0	0.0	0.0	0.0
274	2438	0.0	0.0	0.0	0.0
274	2438	0.0	0.0	0.0	0.0
274	2438	0.0	0.0	0.0	0.0
274	2442	0.349	0.0	0.0	0.0
274	2442	0.14	0.064	0.285	0.076
274	2442	0.102	0.001	0.141	0.103
274	2442	0.128	0.019	0.083	0.109
274	2442	0.143	0.031	0.097	0.112
274	2442	0.074	0.001	0.144	0.075
274	2442	0.131	0.069	0.143	0.2
274	2442	0.224	0.019	0.112	0.205
274	2442	0.096	0.272	0.496	0.368
274	2442	0.111	0.001	0.097	0.112
274	2442	0.128	0.064	0.175	0.192
274	2442	0.176	0.016	0.112	0.16
274	2442	0.112	0.08	0.096	0.032
274	2442	0.127	0.031	0.081	0.096
274	2442	0.192	0.016	0.143	0.208
274	2442	0.129	0.032	0.16	0.097
274	2442	0.16	0.015	0.144	0.175
274	2442	0.141	0.045	0.115	0.096
274	2442	0.116	0.06	0.201	0.176
274	2442	0.115	0.032	0.084	0.083
274	2442	0.099	0.001	0.116	0.1
274	2442	0.101	0.1	0.199	0.201
274	2442	0.144	0.064	0.165	0.208
274	2442	0.095	0.047	0.097	0.048
274	2442	0.16	0.048	0.143	0.208
274	2442	0.128	0.048	0.112	0.08
274	2442	0.128	0.032	0.096	0.096
274	2442	0.144	0.016	0.112	0.128
274	2442	0.128	0.016	0.16	0.144
274	2442	0.125	0.003	0.131	0.128
274	2442	0.112	0.032	0.157	0.144
274	2442	0.12	0.096	0.208	0.216
274	2442	0.136	0.0	0.12	0.136
274	2442	0.08	0.032	0.104	0.048
274	2442	0.128	0.032	0.112	0.16
274	2442	0.096	0.064	0.192	0.16
274	2442	0.096	0.032	0.128	0.128
274	2442	0.128	0.08	0.176	0.208
274	2442	0.111	0.001	0.129	0.112
274	2442	0.096	0.112	0.223	0.208
274	2442	0.0	0.0	0.0	0.0
274	2442	0.0	0.0	0.0	0.0
274	2442	0.0	0.0	0.0	0.0
274	2442	0.0	0.0	0.0	0.0
274	2442	0.0	0.0	0.0	0.0
274	2442	0.0	0.0	0.0	0.0
274	2442	0.0	0.0	0.0	0.0
274	2442	0.0	0.0	0.0	0.0
274	2442	0.0	0.0	0.0	0.0
274	2442	0.0	0.0	0.0	0.0
274	2442	0.0	0.0	0.0	0.0
274	2442	0.0	0.0	0.0	0.0
274	2442	0.0	0.0	0.0	0.0
274	2442	0.0	0.0	0.0	0.0
274	2442	0.0	0.0	0.0	0.0
274	2442	0.0	0.0	0.0	0.0
274	2442	0.0	0.0	0.0	0.0
274	2442	0.0	0.0	0.0	0.0
274	2442	0.0	0.0	0.0	0.0
274	2442	0.0	0.0	0.0	0.0
274	2442	0.0	0.0	0.0	0.0
274	2442	0.0	0.0	0.0	0.0
274	2442	0.0	0.0	0.0	0.0
274	2442	0.0	0.0	0.0	0.0
274	2442	0.0	0.0	0.0	0.0
274	2442	0.0	0.0	0.0	0.0
274	2442	0.0	0.0	0.0	0.0
274	2442	0.0	0.0	0.0	0.0
274	2442	0.0	0.0	0.0	0.0
274	2442	0.0	0.0	0.0	0.0
274	2445	0.415	0.0	0.0	0.0
274	2445	0.128	0.095	0.32	0.033
274	2445	0.112	0.08	0.208	0.192
274	2445	0.12	0.025	0.087	0.095
274	2445	0.127	0.047	0.073	0.08
274	2445	0.288	0.031	0.096	0.257
274	2445	0.17	0.128	0.16	0.042
274	2445	0.064	0.038	0.208	0.102
274	2445	0.064	0.112	0.176	0.176
274	2445	0.167	0.256	0.32	0.423
274	2445	0.272	0.441	0.608	0.713
274	2445	0.144	0.144	0.128	0.0
274	2445	0.124	0.064	0.208	0.188
274	2445	0.128	0.1	0.224	0.228
274	2445	0.064	0.208	0.336	0.272
274	2445	0.105	0.198	0.262	0.303
274	2445	0.1	0.196	0.301	0.296
274	2445	0.061	0.123	0.223	0.184
274	2445	0.111	0.081	0.142	0.192
274	2445	0.127	0.033	0.144	0.16
274	2445	0.287	0.001	0.128	0.288
274	2445	0.125	0.124	0.163	0.001
274	2445	0.08	0.047	0.172	0.127
274	2445	0.082	0.065	0.145	0.147
274	2445	0.127	0.078	0.16	0.205
274	2445	0.131	0.003	0.124	0.128
274	2445	0.117	0.048	0.083	0.069
274	2445	0.127	0.052	0.065	0.075
274	2445	0.095	0.001	0.128	0.096
274	2445	0.109	0.003	0.098	0.112
274	2445	0.08	0.016	0.093	0.064
274	2445	0.049	0.064	0.144	0.113
274	2445	0.064	0.095	0.144	0.159
274	2445	0.127	0.001	0.065	0.128
274	2445	0.1	0.048	0.079	0.052
274	2445	0.096	0.108	0.208	0.204
274	2445	0.112	0.032	0.064	0.08
274	2445	0.095	0.001	0.113	0.096
274	2445	0.095	0.001	0.096	0.096
274	2445	0.064	0.032	0.127	0.096
274	2445	0.08	0.176	0.24	0.256
274	2445	0.112	0.032	0.112	0.144
274	2445	0.264	0.064	0.176	0.328
274	2445	0.144	0.136	0.128	0.008
274	2445	0.112	0.192	0.336	0.304
274	2445	0.129	0.112	0.224	0.241
274	2445	0.157	0.002	0.131	0.159
274	2445	0.145	0.064	0.221	0.209
274	2445	0.133	0.022	0.123	0.111
274	2445	0.144	0.8	0.933	0.944
274	2445	0.096	0.56	0.704	0.656
274	2445	0.096	0.224	0.32	0.32
274	2445	0.336	0.016	0.08	0.32
274	2445	0.124	0.096	0.24	0.028
274	2445	0.079	0.101	0.225	0.18
274	2445	0.048	0.256	0.335	0.304
274	2445	0.072	0.144	0.192	0.216
274	2445	0.064	0.072	0.144	0.136
274	2445	0.08	0.096	0.16	0.176
274	2445	0.304	0.016	0.096	0.32
274	2445	0.133	0.132	0.172	0.001
274	2445	0.073	0.095	0.228	0.168
274	2445	0.112	0.103	0.176	0.215
274	2445	0.128	0.192	0.304	0.32
274	2445	0.0	0.0	0.0	0.0
274	2445	0.0	0.0	0.0	0.0
274	2445	0.0	0.0	0.0	0.0
274	2445	0.0	0.0	0.0	0.0
274	2445	0.0	0.0	0.0	0.0
274	2445	0.0	0.0	0.0	0.0
