PARTICIPANT_ID	TEST_SECTION_ID	HOLD_LATENCY	INTERKEY_LATENCY	PRESS_LATENCY	RELEASE_LATENCY
2863	30182	0.318	0.0	0.0	0.0
2863	30182	0.096	0.143	0.175	0.047
2863	30182	0.064	0.127	0.223	0.191
2863	30182	0.103	0.048	0.112	0.151
2863	30182	0.072	0.097	0.2	0.169
2863	30182	0.064	0.176	0.248	0.24
2863	30182	0.096	0.264	0.328	0.36
2863	30182	0.064	0.024	0.12	0.088
2863	30182	0.08	0.112	0.176	0.192
2863	30182	0.072	0.136	0.216	0.208
2863	30182	0.08	0.152	0.224	0.232
2863	30182	0.072	0.056	0.136	0.128
2863	30182	0.072	0.12	0.192	0.192
2863	30182	0.064	0.136	0.208	0.2
2863	30182	0.072	0.08	0.144	0.152
2863	30182	0.072	0.056	0.128	0.128
2863	30182	0.08	0.248	0.32	0.328
2863	30182	0.072	0.048	0.128	0.12
2863	30182	0.072	0.04	0.112	0.112
2863	30182	0.064	0.104	0.176	0.168
2863	30182	0.088	0.08	0.144	0.168
2863	30182	0.088	0.12	0.208	0.208
2863	30182	0.048	0.488	0.576	0.536
2863	30182	0.064	0.128	0.176	0.192
2863	30182	0.063	0.216	0.28	0.279
2863	30182	0.104	0.081	0.144	0.185
2863	30182	0.088	0.688	0.792	0.776
2863	30182	0.08	0.16	0.248	0.24
2863	30182	0.0	0.0	0.0	0.0
2863	30182	0.0	0.0	0.0	0.0
2863	30182	0.0	0.0	0.0	0.0
2863	30182	0.0	0.0	0.0	0.0
2863	30182	0.0	0.0	0.0	0.0
2863	30182	0.0	0.0	0.0	0.0
2863	30182	0.0	0.0	0.0	0.0
2863	30182	0.0	0.0	0.0	0.0
2863	30182	0.0	0.0	0.0	0.0
2863	30182	0.0	0.0	0.0	0.0
2863	30182	0.0	0.0	0.0	0.0
2863	30182	0.0	0.0	0.0	0.0
2863	30182	0.0	0.0	0.0	0.0
2863	30182	0.0	0.0	0.0	0.0
2863	30182	0.0	0.0	0.0	0.0
2863	30182	0.0	0.0	0.0	0.0
2863	30182	0.0	0.0	0.0	0.0
2863	30182	0.0	0.0	0.0	0.0
2863	30182	0.0	0.0	0.0	0.0
2863	30182	0.0	0.0	0.0	0.0
2863	30182	0.0	0.0	0.0	0.0
2863	30182	0.0	0.0	0.0	0.0
2863	30182	0.0	0.0	0.0	0.0
2863	30182	0.0	0.0	0.0	0.0
2863	30182	0.0	0.0	0.0	0.0
2863	30182	0.0	0.0	0.0	0.0
2863	30182	0.0	0.0	0.0	0.0
2863	30182	0.0	0.0	0.0	0.0
2863	30182	0.0	0.0	0.0	0.0
2863	30182	0.0	0.0	0.0	0.0
2863	30182	0.0	0.0	0.0	0.0
2863	30182	0.0	0.0	0.0	0.0
2863	30182	0.0	0.0	0.0	0.0
2863	30182	0.0	0.0	0.0	0.0
2863	30182	0.0	0.0	0.0	0.0
2863	30182	0.0	0.0	0.0	0.0
2863	30182	0.0	0.0	0.0	0.0
2863	30182	0.0	0.0	0.0	0.0
2863	30182	0.0	0.0	0.0	0.0
2863	30182	0.0	0.0	0.0	0.0
2863	30182	0.0	0.0	0.0	0.0
2863	30182	0.0	0.0	0.0	0.0
2863	30193	0.375	0.0	0.0	0.0
2863	30193	0.08	0.151	0.224	0.071
2863	30193	0.08	0.224	0.304	0.304
2863	30193	0.08	0.04	0.12	0.12
2863	30193	0.08	0.232	0.312	0.312
2863	30193	0.104	0.488	0.568	0.592
2863	30193	0.08	0.296	0.4	0.376
2863	30193	0.072	0.056	0.136	0.128
2863	30193	0.093	0.056	0.128	0.149
2863	30193	0.096	0.115	0.208	0.211
2863	30193	0.064	0.008	0.104	0.072
2863	30193	0.079	0.113	0.177	0.192
2863	30193	0.031	0.112	0.191	0.143
2863	30193	0.071	0.105	0.136	0.176
2863	30193	0.08	0.073	0.144	0.153
2863	30193	0.056	0.04	0.12	0.096
2863	30193	0.08	0.104	0.16	0.184
2863	30193	0.039	0.136	0.216	0.175
2863	30193	0.088	0.081	0.12	0.169
2863	30193	0.104	0.184	0.272	0.288
2863	30193	0.08	0.056	0.16	0.136
2863	30193	0.087	0.024	0.104	0.111
2863	30193	0.064	0.065	0.152	0.129
2863	30193	0.096	0.112	0.176	0.208
2863	30193	0.103	0.088	0.184	0.191
2863	30193	0.064	0.097	0.2	0.161
2863	30193	0.071	0.088	0.152	0.159
2863	30193	0.095	0.145	0.216	0.24
2863	30193	0.072	0.905	1.0	0.977
2863	30193	0.071	0.072	0.144	0.143
2863	30193	0.079	0.689	0.76	0.768
2863	30193	0.08	0.049	0.128	0.129
2863	30193	0.072	0.088	0.168	0.16
2863	30193	0.103	0.448	0.52	0.551
2863	30193	0.071	0.713	0.816	0.784
2863	30193	0.0	0.0	0.0	0.0
2863	30193	0.0	0.0	0.0	0.0
2863	30193	0.0	0.0	0.0	0.0
2863	30193	0.0	0.0	0.0	0.0
2863	30193	0.0	0.0	0.0	0.0
2863	30193	0.0	0.0	0.0	0.0
2863	30193	0.0	0.0	0.0	0.0
2863	30193	0.0	0.0	0.0	0.0
2863	30193	0.0	0.0	0.0	0.0
2863	30193	0.0	0.0	0.0	0.0
2863	30193	0.0	0.0	0.0	0.0
2863	30193	0.0	0.0	0.0	0.0
2863	30193	0.0	0.0	0.0	0.0
2863	30193	0.0	0.0	0.0	0.0
2863	30193	0.0	0.0	0.0	0.0
2863	30193	0.0	0.0	0.0	0.0
2863	30193	0.0	0.0	0.0	0.0
2863	30193	0.0	0.0	0.0	0.0
2863	30193	0.0	0.0	0.0	0.0
2863	30193	0.0	0.0	0.0	0.0
2863	30193	0.0	0.0	0.0	0.0
2863	30193	0.0	0.0	0.0	0.0
2863	30193	0.0	0.0	0.0	0.0
2863	30193	0.0	0.0	0.0	0.0
2863	30193	0.0	0.0	0.0	0.0
2863	30193	0.0	0.0	0.0	0.0
2863	30193	0.0	0.0	0.0	0.0
2863	30193	0.0	0.0	0.0	0.0
2863	30193	0.0	0.0	0.0	0.0
2863	30193	0.0	0.0	0.0	0.0
2863	30193	0.0	0.0	0.0	0.0
2863	30193	0.0	0.0	0.0	0.0
2863	30193	0.0	0.0	0.0	0.0
2863	30193	0.0	0.0	0.0	0.0
2863	30193	0.0	0.0	0.0	0.0
2863	30211	0.415	0.0	0.0	0.0
2863	30211	0.103	0.167	0.248	0.064
2863	30211	0.071	0.273	0.376	0.344
2863	30211	0.056	0.105	0.176	0.161
2863	30211	0.088	0.232	0.288	0.32
2863	30211	0.039	0.088	0.176	0.127
2863	30211	0.079	0.097	0.136	0.176
2863	30211	0.071	0.673	0.752	0.744
2863	30211	0.063	0.113	0.184	0.176
2863	30211	0.08	0.104	0.167	0.184
2863	30211	0.071	0.057	0.137	0.128
2863	30211	0.08	0.088	0.159	0.168
2863	30211	0.08	0.896	0.976	0.976
2863	30211	0.071	0.097	0.177	0.168
2863	30211	0.071	0.089	0.16	0.16
2863	30211	0.096	0.217	0.288	0.313
2863	30211	0.063	0.048	0.144	0.111
2863	30211	0.079	0.089	0.152	0.168
2863	30211	0.071	0.105	0.184	0.176
2863	30211	0.087	0.049	0.12	0.136
2863	30211	0.047	0.177	0.264	0.224
2863	30211	0.071	0.073	0.12	0.144
2863	30211	0.08	0.064	0.135	0.144
2863	30211	0.08	0.057	0.137	0.137
2863	30211	0.087	0.208	0.288	0.295
2863	30211	0.095	0.081	0.168	0.176
2863	30211	0.055	1.273	1.368	1.328
2863	30211	0.079	0.065	0.12	0.144
2863	30211	0.135	0.129	0.208	0.264
2863	30211	0.113	0.2	0.335	0.313
2863	30211	0.087	0.544	0.657	0.631
2863	30211	0.079	0.113	0.2	0.192
2863	30211	0.095	0.137	0.216	0.232
2863	30211	0.112	0.112	0.207	0.224
2863	30211	0.087	0.025	0.137	0.112
2863	30211	0.384	0.488	0.575	0.872
2863	30211	0.081	0.176	0.208	0.095
2863	30211	0.0	0.0	0.0	0.0
2863	30211	0.0	0.0	0.0	0.0
2863	30211	0.0	0.0	0.0	0.0
2863	30211	0.0	0.0	0.0	0.0
2863	30211	0.0	0.0	0.0	0.0
2863	30211	0.0	0.0	0.0	0.0
2863	30211	0.0	0.0	0.0	0.0
2863	30211	0.0	0.0	0.0	0.0
2863	30211	0.0	0.0	0.0	0.0
2863	30211	0.0	0.0	0.0	0.0
2863	30211	0.0	0.0	0.0	0.0
2863	30211	0.0	0.0	0.0	0.0
2863	30211	0.0	0.0	0.0	0.0
2863	30211	0.0	0.0	0.0	0.0
2863	30211	0.0	0.0	0.0	0.0
2863	30211	0.0	0.0	0.0	0.0
2863	30211	0.0	0.0	0.0	0.0
2863	30211	0.0	0.0	0.0	0.0
2863	30211	0.0	0.0	0.0	0.0
2863	30211	0.0	0.0	0.0	0.0
2863	30211	0.0	0.0	0.0	0.0
2863	30211	0.0	0.0	0.0	0.0
2863	30211	0.0	0.0	0.0	0.0
2863	30211	0.0	0.0	0.0	0.0
2863	30211	0.0	0.0	0.0	0.0
2863	30211	0.0	0.0	0.0	0.0
2863	30211	0.0	0.0	0.0	0.0
2863	30211	0.0	0.0	0.0	0.0
2863	30211	0.0	0.0	0.0	0.0
2863	30211	0.0	0.0	0.0	0.0
2863	30211	0.0	0.0	0.0	0.0
2863	30211	0.0	0.0	0.0	0.0
2863	30211	0.0	0.0	0.0	0.0
2863	30229	0.408	0.0	0.0	0.0
2863	30229	0.064	0.168	0.24	0.104
2863	30229	0.072	0.136	0.2	0.208
2863	30229	0.064	0.096	0.168	0.16
2863	30229	0.071	0.081	0.145	0.152
2863	30229	0.056	0.064	0.135	0.12
2863	30229	0.072	0.128	0.184	0.2
2863	30229	0.112	0.128	0.2	0.24
2863	30229	0.072	0.472	0.584	0.544
2863	30229	0.072	0.104	0.176	0.176
2863	30229	0.072	0.128	0.2	0.2
2863	30229	0.064	0.112	0.184	0.176
2863	30229	0.056	0.136	0.2	0.192
2863	30229	0.088	0.088	0.144	0.176
2863	30229	0.071	0.057	0.145	0.128
2863	30229	0.088	0.08	0.151	0.168
2863	30229	0.079	0.041	0.129	0.12
2863	30229	0.08	0.032	0.111	0.112
2863	30229	0.088	0.08	0.16	0.168
2863	30229	0.064	0.056	0.144	0.12
2863	30229	0.063	0.105	0.169	0.168
2863	30229	0.08	0.136	0.199	0.216
2863	30229	0.087	0.641	0.721	0.728
2863	30229	0.08	0.664	0.751	0.744
2863	30229	0.064	0.08	0.16	0.144
2863	30229	0.048	0.032	0.096	0.08
2863	30229	0.088	0.096	0.144	0.184
2863	30229	0.072	0.04	0.128	0.112
2863	30229	0.079	0.057	0.129	0.136
2863	30229	0.143	0.033	0.112	0.176
2863	30229	0.144	0.096	0.239	0.24
2863	30229	0.8	0.168	0.312	0.968
2863	30229	0.056	0.08	0.72	0.024
2863	30229	0.103	0.169	0.225	0.272
2863	30229	0.08	0.384	0.487	0.464
2863	30229	0.071	0.081	0.161	0.152
2863	30229	0.112	0.096	0.167	0.208
2863	30229	0.064	0.496	0.608	0.56
2863	30229	0.072	0.104	0.168	0.176
2863	30229	0.088	0.064	0.136	0.152
2863	30229	0.08	0.224	0.312	0.304
2863	30229	0.064	0.16	0.24	0.224
2863	30229	0.0	0.0	0.0	0.0
2863	30229	0.0	0.0	0.0	0.0
2863	30229	0.0	0.0	0.0	0.0
2863	30229	0.0	0.0	0.0	0.0
2863	30229	0.0	0.0	0.0	0.0
2863	30229	0.0	0.0	0.0	0.0
2863	30229	0.0	0.0	0.0	0.0
2863	30229	0.0	0.0	0.0	0.0
2863	30229	0.0	0.0	0.0	0.0
2863	30229	0.0	0.0	0.0	0.0
2863	30229	0.0	0.0	0.0	0.0
2863	30229	0.0	0.0	0.0	0.0
2863	30229	0.0	0.0	0.0	0.0
2863	30229	0.0	0.0	0.0	0.0
2863	30229	0.0	0.0	0.0	0.0
2863	30229	0.0	0.0	0.0	0.0
2863	30229	0.0	0.0	0.0	0.0
2863	30229	0.0	0.0	0.0	0.0
2863	30229	0.0	0.0	0.0	0.0
2863	30229	0.0	0.0	0.0	0.0
2863	30229	0.0	0.0	0.0	0.0
2863	30229	0.0	0.0	0.0	0.0
2863	30229	0.0	0.0	0.0	0.0
2863	30229	0.0	0.0	0.0	0.0
2863	30229	0.0	0.0	0.0	0.0
2863	30229	0.0	0.0	0.0	0.0
2863	30229	0.0	0.0	0.0	0.0
2863	30229	0.0	0.0	0.0	0.0
2863	30241	0.385	0.0	0.0	0.0
2863	30241	0.056	0.112	0.273	0.056
2863	30241	0.08	0.216	0.272	0.296
2863	30241	0.08	0.056	0.136	0.136
2863	30241	0.064	0.12	0.2	0.184
2863	30241	0.08	0.08	0.144	0.16
2863	30241	0.055	0.049	0.129	0.104
2863	30241	0.064	0.104	0.159	0.168
2863	30241	0.08	0.08	0.144	0.16
2863	30241	0.064	0.2	0.28	0.264
2863	30241	0.056	0.096	0.16	0.152
2863	30241	0.08	0.224	0.28	0.304
2863	30241	0.072	0.072	0.152	0.144
2863	30241	0.08	0.096	0.168	0.176
2863	30241	0.064	0.128	0.208	0.192
2863	30241	0.056	0.136	0.2	0.192
2863	30241	0.064	0.104	0.16	0.168
2863	30241	0.112	0.176	0.24	0.288
2863	30241	0.072	0.384	0.496	0.456
2863	30241	0.08	0.136	0.208	0.216
2863	30241	0.056	0.048	0.128	0.104
2863	30241	0.08	0.144	0.2	0.224
2863	30241	0.064	0.128	0.208	0.192
2863	30241	0.104	0.112	0.176	0.216
2863	30241	0.104	0.104	0.208	0.208
2863	30241	0.064	1.304	1.408	1.368
2863	30241	0.088	0.056	0.12	0.144
2863	30241	0.079	0.144	0.232	0.223
2863	30241	0.104	0.161	0.24	0.265
2863	30241	0.088	1.12	1.224	1.208
2863	30241	0.088	0.08	0.168	0.168
2863	30241	0.103	0.56	0.648	0.663
2863	30241	0.088	0.049	0.152	0.137
2863	30241	0.096	0.088	0.176	0.184
2863	30241	0.087	0.152	0.248	0.239
2863	30241	0.088	0.129	0.216	0.217
2863	30241	0.072	1.224	1.312	1.296
2863	30241	0.088	0.112	0.184	0.2
2863	30241	0.096	0.224	0.312	0.32
2863	30241	0.096	0.296	0.392	0.392
2863	30241	0.08	0.168	0.264	0.248
2863	30241	0.079	0.096	0.176	0.175
2863	30241	0.064	0.105	0.184	0.169
2863	30241	0.087	0.296	0.36	0.383
2863	30241	0.071	0.073	0.16	0.144
2863	30241	0.088	0.417	0.488	0.505
2863	30241	0.0	0.0	0.0	0.0
2863	30241	0.0	0.0	0.0	0.0
2863	30241	0.0	0.0	0.0	0.0
2863	30241	0.0	0.0	0.0	0.0
2863	30241	0.0	0.0	0.0	0.0
2863	30241	0.0	0.0	0.0	0.0
2863	30241	0.0	0.0	0.0	0.0
2863	30241	0.0	0.0	0.0	0.0
2863	30241	0.0	0.0	0.0	0.0
2863	30241	0.0	0.0	0.0	0.0
2863	30241	0.0	0.0	0.0	0.0
2863	30241	0.0	0.0	0.0	0.0
2863	30241	0.0	0.0	0.0	0.0
2863	30241	0.0	0.0	0.0	0.0
2863	30241	0.0	0.0	0.0	0.0
2863	30241	0.0	0.0	0.0	0.0
2863	30241	0.0	0.0	0.0	0.0
2863	30241	0.0	0.0	0.0	0.0
2863	30241	0.0	0.0	0.0	0.0
2863	30241	0.0	0.0	0.0	0.0
2863	30241	0.0	0.0	0.0	0.0
2863	30241	0.0	0.0	0.0	0.0
2863	30241	0.0	0.0	0.0	0.0
2863	30241	0.0	0.0	0.0	0.0
2863	30262	0.647	0.0	0.0	0.0
2863	30262	0.08	0.135	0.512	0.055
2863	30262	0.088	0.28	0.36	0.368
2863	30262	0.087	0.04	0.128	0.127
2863	30262	0.071	0.129	0.216	0.2
2863	30262	0.087	0.033	0.104	0.12
2863	30262	0.08	0.017	0.104	0.097
2863	30262	0.095	0.08	0.16	0.175
2863	30262	0.079	0.185	0.28	0.264
2863	30262	0.071	0.073	0.152	0.144
2863	30262	0.095	0.057	0.128	0.152
2863	30262	0.088	0.057	0.152	0.145
2863	30262	0.111	0.112	0.2	0.223
2863	30262	0.095	0.761	0.872	0.856
2863	30262	0.071	0.089	0.184	0.16
2863	30262	0.079	0.049	0.12	0.128
2863	30262	0.071	0.129	0.208	0.2
2863	30262	0.087	0.097	0.168	0.184
2863	30262	0.064	0.177	0.264	0.241
2863	30262	0.056	0.112	0.176	0.168
2863	30262	0.063	0.128	0.184	0.191
2863	30262	0.079	0.137	0.2	0.216
2863	30262	0.071	0.705	0.784	0.776
2863	30262	0.087	0.993	1.064	1.08
2863	30262	0.064	0.281	0.368	0.345
2863	30262	0.055	0.112	0.176	0.167
2863	30262	0.087	0.017	0.072	0.104
2863	30262	0.071	0.129	0.216	0.2
2863	30262	0.079	0.057	0.128	0.136
2863	30262	0.079	0.145	0.224	0.224
2863	30262	0.079	0.113	0.192	0.192
2863	30262	0.063	0.201	0.28	0.264
2863	30262	0.087	0.113	0.176	0.2
2863	30262	0.063	0.113	0.2	0.176
2863	30262	0.055	0.049	0.112	0.104
2863	30262	0.064	0.081	0.136	0.145
2863	30262	0.063	0.096	0.16	0.159
2863	30262	0.056	0.089	0.152	0.145
2863	30262	0.063	0.12	0.176	0.183
2863	30262	0.088	0.113	0.176	0.201
2863	30262	0.095	0.592	0.68	0.687
2863	30262	0.08	0.025	0.12	0.105
2863	30262	0.071	0.088	0.168	0.159
2863	30262	0.079	0.153	0.224	0.232
2863	30262	0.087	0.513	0.592	0.6
2863	30262	0.191	0.401	0.488	0.592
2863	30262	0.071	0.153	0.344	0.224
2863	30262	0.08	0.129	0.2	0.209
2863	30262	0.664	0.047	0.127	0.711
2863	30262	0.111	0.191	0.473	0.08
2863	30262	0.095	0.457	0.568	0.552
2863	30262	0.08	0.113	0.208	0.193
2863	30262	0.071	0.104	0.184	0.175
2863	30262	0.079	0.433	0.504	0.512
2863	30262	0.079	0.193	0.272	0.272
2863	30262	0.0	0.0	0.0	0.0
2863	30262	0.0	0.0	0.0	0.0
2863	30262	0.0	0.0	0.0	0.0
2863	30262	0.0	0.0	0.0	0.0
2863	30262	0.0	0.0	0.0	0.0
2863	30262	0.0	0.0	0.0	0.0
2863	30262	0.0	0.0	0.0	0.0
2863	30262	0.0	0.0	0.0	0.0
2863	30262	0.0	0.0	0.0	0.0
2863	30262	0.0	0.0	0.0	0.0
2863	30262	0.0	0.0	0.0	0.0
2863	30262	0.0	0.0	0.0	0.0
2863	30262	0.0	0.0	0.0	0.0
2863	30262	0.0	0.0	0.0	0.0
2863	30262	0.0	0.0	0.0	0.0
2863	30284	0.488	0.0	0.0	0.0
2863	30284	0.08	0.16	0.328	0.08
2863	30284	0.071	0.265	0.345	0.336
2863	30284	0.088	0.136	0.207	0.224
2863	30284	0.08	0.048	0.136	0.128
2863	30284	0.08	0.072	0.152	0.152
2863	30284	0.08	0.08	0.16	0.16
2863	30284	0.04	0.144	0.224	0.184
2863	30284	0.088	0.12	0.16	0.208
2863	30284	0.095	0.145	0.233	0.24
2863	30284	0.087	0.113	0.208	0.2
2863	30284	0.071	0.185	0.272	0.256
2863	30284	0.088	0.128	0.199	0.216
2863	30284	0.119	0.049	0.137	0.168
2863	30284	0.096	0.184	0.303	0.28
2863	30284	0.104	0.216	0.312	0.32
2863	30284	0.103	0.153	0.257	0.256
2863	30284	0.064	0.192	0.295	0.256
2863	30284	0.048	0.168	0.232	0.216
2863	30284	0.064	0.104	0.152	0.168
2863	30284	0.096	0.304	0.368	0.4
2863	30284	0.119	0.057	0.153	0.176
2863	30284	0.088	0.104	0.223	0.192
2863	30284	0.071	0.073	0.161	0.144
2863	30284	0.096	0.432	0.503	0.528
2863	30284	0.096	0.12	0.216	0.216
2863	30284	0.072	0.104	0.2	0.176
2863	30284	0.096	0.096	0.168	0.192
2863	30284	0.088	0.064	0.16	0.152
2863	30284	0.144	0.232	0.32	0.376
2863	30284	0.096	0.4	0.544	0.496
2863	30284	0.096	0.096	0.192	0.192
2863	30284	0.128	0.16	0.256	0.288
2863	30284	0.088	0.2	0.328	0.288
2863	30284	0.088	0.04	0.128	0.128
2863	30284	0.072	0.136	0.224	0.208
2863	30284	0.072	0.072	0.144	0.144
2863	30284	0.096	0.144	0.216	0.24
2863	30284	0.111	0.313	0.409	0.424
2863	30284	0.072	0.056	0.167	0.128
2863	30284	0.072	0.136	0.208	0.208
2863	30284	0.4	0.048	0.12	0.448
2863	30284	0.12	0.16	0.24	0.04
2863	30284	0.08	0.184	0.304	0.264
2863	30284	0.096	0.096	0.176	0.192
2863	30284	0.096	0.12	0.216	0.216
2863	30284	0.072	0.168	0.264	0.24
2863	30284	0.104	0.064	0.136	0.168
2863	30284	0.064	0.368	0.472	0.432
2863	30284	0.0	0.0	0.0	0.0
2863	30284	0.0	0.0	0.0	0.0
2863	30284	0.0	0.0	0.0	0.0
2863	30284	0.0	0.0	0.0	0.0
2863	30284	0.0	0.0	0.0	0.0
2863	30284	0.0	0.0	0.0	0.0
2863	30284	0.0	0.0	0.0	0.0
2863	30284	0.0	0.0	0.0	0.0
2863	30284	0.0	0.0	0.0	0.0
2863	30284	0.0	0.0	0.0	0.0
2863	30284	0.0	0.0	0.0	0.0
2863	30284	0.0	0.0	0.0	0.0
2863	30284	0.0	0.0	0.0	0.0
2863	30284	0.0	0.0	0.0	0.0
2863	30284	0.0	0.0	0.0	0.0
2863	30284	0.0	0.0	0.0	0.0
2863	30284	0.0	0.0	0.0	0.0
2863	30284	0.0	0.0	0.0	0.0
2863	30284	0.0	0.0	0.0	0.0
2863	30284	0.0	0.0	0.0	0.0
2863	30284	0.0	0.0	0.0	0.0
2863	30302	0.568	0.0	0.0	0.0
2863	30302	0.072	0.216	0.352	0.144
2863	30302	0.087	0.273	0.345	0.36
2863	30302	0.056	0.136	0.223	0.192
2863	30302	0.072	0.144	0.2	0.216
2863	30302	0.08	0.08	0.152	0.16
2863	30302	0.129	0.064	0.144	0.193
2863	30302	0.064	0.039	0.168	0.103
2863	30302	0.08	0.12	0.184	0.2
2863	30302	0.055	0.232	0.312	0.287
2863	30302	0.08	0.081	0.136	0.161
2863	30302	0.096	0.08	0.16	0.176
2863	30302	0.096	0.112	0.208	0.208
2863	30302	0.096	0.04	0.136	0.136
2863	30302	0.105	0.104	0.2	0.209
2863	30302	0.064	0.503	0.608	0.567
2863	30302	0.071	0.049	0.113	0.12
2863	30302	0.088	0.04	0.111	0.128
2863	30302	0.088	0.088	0.176	0.176
2863	30302	0.064	0.088	0.176	0.152
2863	30302	0.096	0.136	0.2	0.232
2863	30302	0.072	0.136	0.232	0.208
2863	30302	0.072	0.08	0.152	0.152
2863	30302	0.08	0.096	0.168	0.176
2863	30302	0.087	0.089	0.169	0.176
2863	30302	0.152	0.24	0.327	0.392
2863	30302	0.08	0.352	0.504	0.432
2863	30302	0.088	0.048	0.128	0.136
2863	30302	0.096	0.032	0.12	0.128
2863	30302	0.071	0.048	0.144	0.119
2863	30302	0.096	0.041	0.112	0.137
2863	30302	0.072	0.088	0.184	0.16
2863	30302	0.064	0.096	0.168	0.16
2863	30302	0.064	0.072	0.136	0.136
2863	30302	0.056	0.072	0.136	0.128
2863	30302	0.08	0.112	0.168	0.192
2863	30302	0.072	0.152	0.232	0.224
2863	30302	0.08	0.072	0.144	0.152
2863	30302	0.12	0.096	0.176	0.216
2863	30302	0.088	0.592	0.712	0.68
2863	30302	0.048	0.096	0.184	0.144
2863	30302	0.056	0.08	0.128	0.136
2863	30302	0.08	0.216	0.272	0.296
2863	30302	0.119	0.12	0.2	0.239
2863	30302	0.08	0.361	0.48	0.441
2863	30302	0.079	0.04	0.12	0.119
2863	30302	0.096	0.065	0.144	0.161
2863	30302	0.064	0.008	0.104	0.072
2863	30302	0.064	0.112	0.176	0.176
2863	30302	0.079	0.176	0.24	0.255
2863	30302	0.096	0.497	0.576	0.593
2863	30302	0.096	0.08	0.176	0.176
2863	30302	0.064	0.064	0.16	0.128
2863	30302	0.12	0.144	0.208	0.264
2863	30302	0.111	0.592	0.712	0.703
2863	30302	0.111	0.097	0.208	0.208
2863	30302	0.095	0.041	0.152	0.136
2863	30302	0.079	0.041	0.136	0.12
2863	30302	0.111	0.057	0.136	0.168
2863	30302	0.191	0.089	0.2	0.28
2863	30302	0.002	0.374	0.565	0.376
2863	30302	0.071	0.257	0.259	0.328
2863	30302	0.0	0.0	0.0	0.0
2863	30302	0.0	0.0	0.0	0.0
2863	30302	0.0	0.0	0.0	0.0
2863	30302	0.0	0.0	0.0	0.0
2863	30302	0.0	0.0	0.0	0.0
2863	30302	0.0	0.0	0.0	0.0
2863	30302	0.0	0.0	0.0	0.0
2863	30302	0.0	0.0	0.0	0.0
2863	30325	0.416	0.0	0.0	0.0
2863	30325	0.087	0.175	0.241	0.088
2863	30325	0.111	0.145	0.232	0.256
2863	30325	0.079	0.057	0.168	0.136
2863	30325	0.063	0.105	0.184	0.168
2863	30325	0.055	0.097	0.16	0.152
2863	30325	0.087	0.481	0.536	0.568
2863	30325	0.063	0.113	0.2	0.176
2863	30325	0.055	0.145	0.208	0.2
2863	30325	0.087	0.081	0.136	0.168
2863	30325	0.095	0.041	0.128	0.136
2863	30325	0.376	0.152	0.247	0.528
2863	30325	0.064	0.231	0.145	0.167
2863	30325	0.104	0.16	0.224	0.264
2863	30325	0.087	0.536	0.64	0.623
2863	30325	0.111	0.145	0.232	0.256
2863	30325	0.191	0.201	0.312	0.392
2863	30325	0.055	0.177	0.368	0.232
2863	30325	0.0	0.0	0.0	0.0
2863	30325	0.0	0.0	0.0	0.0
2863	30325	0.0	0.0	0.0	0.0
2863	30325	0.0	0.0	0.0	0.0
2863	30325	0.0	0.0	0.0	0.0
2863	30325	0.0	0.0	0.0	0.0
2863	30325	0.0	0.0	0.0	0.0
2863	30325	0.0	0.0	0.0	0.0
2863	30325	0.0	0.0	0.0	0.0
2863	30325	0.0	0.0	0.0	0.0
2863	30325	0.0	0.0	0.0	0.0
2863	30325	0.0	0.0	0.0	0.0
2863	30325	0.0	0.0	0.0	0.0
2863	30325	0.0	0.0	0.0	0.0
2863	30325	0.0	0.0	0.0	0.0
2863	30325	0.0	0.0	0.0	0.0
2863	30325	0.0	0.0	0.0	0.0
2863	30325	0.0	0.0	0.0	0.0
2863	30325	0.0	0.0	0.0	0.0
2863	30325	0.0	0.0	0.0	0.0
2863	30325	0.0	0.0	0.0	0.0
2863	30325	0.0	0.0	0.0	0.0
2863	30325	0.0	0.0	0.0	0.0
2863	30325	0.0	0.0	0.0	0.0
2863	30325	0.0	0.0	0.0	0.0
2863	30325	0.0	0.0	0.0	0.0
2863	30325	0.0	0.0	0.0	0.0
2863	30325	0.0	0.0	0.0	0.0
2863	30325	0.0	0.0	0.0	0.0
2863	30325	0.0	0.0	0.0	0.0
2863	30325	0.0	0.0	0.0	0.0
2863	30325	0.0	0.0	0.0	0.0
2863	30325	0.0	0.0	0.0	0.0
2863	30325	0.0	0.0	0.0	0.0
2863	30325	0.0	0.0	0.0	0.0
2863	30325	0.0	0.0	0.0	0.0
2863	30325	0.0	0.0	0.0	0.0
2863	30325	0.0	0.0	0.0	0.0
2863	30325	0.0	0.0	0.0	0.0
2863	30325	0.0	0.0	0.0	0.0
2863	30325	0.0	0.0	0.0	0.0
2863	30325	0.0	0.0	0.0	0.0
2863	30325	0.0	0.0	0.0	0.0
2863	30325	0.0	0.0	0.0	0.0
2863	30325	0.0	0.0	0.0	0.0
2863	30325	0.0	0.0	0.0	0.0
2863	30325	0.0	0.0	0.0	0.0
2863	30325	0.0	0.0	0.0	0.0
2863	30325	0.0	0.0	0.0	0.0
2863	30325	0.0	0.0	0.0	0.0
2863	30325	0.0	0.0	0.0	0.0
2863	30325	0.0	0.0	0.0	0.0
2863	30331	0.768	0.0	0.0	0.0
2863	30331	0.087	0.111	0.657	0.024
2863	30331	0.087	0.257	0.344	0.344
2863	30331	0.095	0.153	0.24	0.248
2863	30331	0.072	0.52	0.615	0.592
2863	30331	0.079	0.521	0.593	0.6
2863	30331	0.071	0.089	0.168	0.16
2863	30331	0.072	0.176	0.247	0.248
2863	30331	0.048	0.184	0.256	0.232
2863	30331	0.095	0.073	0.121	0.168
2863	30331	0.071	0.369	0.464	0.44
2863	30331	0.079	0.041	0.112	0.12
2863	30331	0.063	0.065	0.144	0.128
2863	30331	0.079	0.081	0.144	0.16
2863	30331	0.047	0.073	0.152	0.12
2863	30331	0.079	0.137	0.184	0.216
2863	30331	0.055	0.209	0.288	0.264
2863	30331	0.079	0.073	0.128	0.152
2863	30331	0.064	0.12	0.199	0.184
2863	30331	0.079	0.209	0.273	0.288
2863	30331	0.055	0.121	0.2	0.176
2863	30331	0.08	0.12	0.175	0.2
2863	30331	0.08	0.12	0.2	0.2
2863	30331	0.087	0.105	0.185	0.192
2863	30331	0.071	0.153	0.24	0.224
2863	30331	0.081	0.064	0.135	0.145
2863	30331	0.104	0.087	0.168	0.191
2863	30331	0.063	0.041	0.145	0.104
2863	30331	0.087	0.177	0.24	0.264
2863	30331	0.08	0.312	0.399	0.392
2863	30331	0.136	0.144	0.224	0.28
2863	30331	0.079	0.505	0.641	0.584
2863	30331	0.063	0.073	0.152	0.136
2863	30331	0.088	0.12	0.183	0.208
2863	30331	0.096	0.168	0.256	0.264
2863	30331	0.087	0.065	0.161	0.152
2863	30331	0.096	0.168	0.255	0.264
2863	30331	0.087	0.153	0.249	0.24
2863	30331	0.08	0.304	0.391	0.384
2863	30331	0.08	0.032	0.112	0.112
2863	30331	0.088	0.064	0.144	0.152
2863	30331	0.079	0.073	0.161	0.152
2863	30331	0.087	0.145	0.224	0.232
2863	30331	0.08	0.096	0.183	0.176
2863	30331	0.08	0.08	0.16	0.16
2863	30331	0.079	0.137	0.217	0.216
2863	30331	0.103	0.913	0.992	1.016
2863	30331	0.079	0.697	0.8	0.776
2863	30331	0.072	0.08	0.159	0.152
2863	30331	0.064	0.08	0.152	0.144
2863	30331	0.056	0.088	0.152	0.144
2863	30331	0.064	0.08	0.136	0.144
2863	30331	0.056	0.08	0.144	0.136
2863	30331	0.056	0.104	0.16	0.16
2863	30331	0.088	1.368	1.424	1.456
2863	30331	0.088	0.088	0.176	0.176
2863	30331	0.088	0.072	0.16	0.16
2863	30331	0.08	0.04	0.128	0.12
2863	30331	0.063	0.137	0.217	0.2
2863	30331	0.072	0.096	0.159	0.168
2863	30331	0.08	0.2	0.272	0.28
2863	30331	0.071	0.097	0.177	0.168
2863	30331	0.08	0.136	0.207	0.216
2863	30331	0.0	0.0	0.0	0.0
2863	30331	0.0	0.0	0.0	0.0
2863	30331	0.0	0.0	0.0	0.0
2863	30331	0.0	0.0	0.0	0.0
2863	30331	0.0	0.0	0.0	0.0
2863	30331	0.0	0.0	0.0	0.0
2863	30331	0.0	0.0	0.0	0.0
2863	30358	0.424	0.0	0.0	0.0
2863	30358	0.072	0.128	0.296	0.056
2863	30358	0.056	0.144	0.216	0.2
2863	30358	0.088	0.12	0.176	0.208
2863	30358	0.08	0.128	0.216	0.208
2863	30358	0.072	0.104	0.184	0.176
2863	30358	0.056	0.112	0.184	0.168
2863	30358	0.08	0.12	0.176	0.2
2863	30358	0.08	0.056	0.136	0.136
2863	30358	0.064	0.04	0.12	0.104
2863	30358	0.088	0.096	0.16	0.184
2863	30358	0.08	0.36	0.448	0.44
2863	30358	0.071	0.081	0.161	0.152
2863	30358	0.088	0.032	0.103	0.12
2863	30358	0.104	0.112	0.2	0.216
2863	30358	0.096	0.72	0.824	0.816
2863	30358	0.08	0.064	0.16	0.144
2863	30358	0.088	0.008	0.088	0.096
2863	30358	0.111	0.128	0.216	0.239
2863	30358	0.12	0.081	0.192	0.201
2863	30358	0.103	0.129	0.249	0.232
2863	30358	0.112	0.056	0.159	0.168
2863	30358	0.039	0.104	0.216	0.143
2863	30358	0.047	0.106	0.145	0.153
2863	30358	0.072	0.144	0.191	0.216
2863	30358	0.0	0.0	0.0	0.0
2863	30358	0.0	0.0	0.0	0.0
2863	30358	0.0	0.0	0.0	0.0
2863	30358	0.0	0.0	0.0	0.0
2863	30358	0.0	0.0	0.0	0.0
2863	30358	0.0	0.0	0.0	0.0
2863	30358	0.0	0.0	0.0	0.0
2863	30358	0.0	0.0	0.0	0.0
2863	30358	0.0	0.0	0.0	0.0
2863	30358	0.0	0.0	0.0	0.0
2863	30358	0.0	0.0	0.0	0.0
2863	30358	0.0	0.0	0.0	0.0
2863	30358	0.0	0.0	0.0	0.0
2863	30358	0.0	0.0	0.0	0.0
2863	30358	0.0	0.0	0.0	0.0
2863	30358	0.0	0.0	0.0	0.0
2863	30358	0.0	0.0	0.0	0.0
2863	30358	0.0	0.0	0.0	0.0
2863	30358	0.0	0.0	0.0	0.0
2863	30358	0.0	0.0	0.0	0.0
2863	30358	0.0	0.0	0.0	0.0
2863	30358	0.0	0.0	0.0	0.0
2863	30358	0.0	0.0	0.0	0.0
2863	30358	0.0	0.0	0.0	0.0
2863	30358	0.0	0.0	0.0	0.0
2863	30358	0.0	0.0	0.0	0.0
2863	30358	0.0	0.0	0.0	0.0
2863	30358	0.0	0.0	0.0	0.0
2863	30358	0.0	0.0	0.0	0.0
2863	30358	0.0	0.0	0.0	0.0
2863	30358	0.0	0.0	0.0	0.0
2863	30358	0.0	0.0	0.0	0.0
2863	30358	0.0	0.0	0.0	0.0
2863	30358	0.0	0.0	0.0	0.0
2863	30358	0.0	0.0	0.0	0.0
2863	30358	0.0	0.0	0.0	0.0
2863	30358	0.0	0.0	0.0	0.0
2863	30358	0.0	0.0	0.0	0.0
2863	30358	0.0	0.0	0.0	0.0
2863	30358	0.0	0.0	0.0	0.0
2863	30358	0.0	0.0	0.0	0.0
2863	30358	0.0	0.0	0.0	0.0
2863	30358	0.0	0.0	0.0	0.0
2863	30358	0.0	0.0	0.0	0.0
2863	30358	0.0	0.0	0.0	0.0
2863	30369	0.304	0.0	0.0	0.0
2863	30369	0.104	0.152	0.152	0.048
2863	30369	0.072	0.176	0.28	0.248
2863	30369	0.096	0.088	0.16	0.184
2863	30369	0.064	0.032	0.128	0.096
2863	30369	0.103	0.168	0.232	0.271
2863	30369	0.08	1.009	1.112	1.089
2863	30369	0.095	0.432	0.512	0.527
2863	30369	0.072	0.129	0.224	0.201
2863	30369	0.074	0.08	0.152	0.154
2863	30369	0.08	0.002	0.072	0.078
2863	30369	0.064	0.12	0.2	0.184
2863	30369	0.079	0.112	0.176	0.191
2863	30369	0.096	0.065	0.144	0.161
2863	30369	0.073	0.023	0.119	0.096
2863	30369	0.08	0.032	0.105	0.112
2863	30369	0.08	0.088	0.168	0.168
2863	30369	0.104	0.08	0.16	0.184
2863	30369	0.064	0.024	0.128	0.088
2863	30369	0.064	0.072	0.136	0.136
2863	30369	0.088	0.12	0.184	0.208
2863	30369	0.095	0.264	0.352	0.359
2863	30369	0.08	0.009	0.104	0.089
2863	30369	0.096	0.12	0.2	0.216
2863	30369	0.096	0.08	0.176	0.176
2863	30369	0.111	0.064	0.16	0.175
2863	30369	0.103	0.161	0.272	0.264
2863	30369	0.104	0.057	0.16	0.161
2863	30369	0.125	0.048	0.152	0.173
2863	30369	0.096	0.323	0.448	0.419
2863	30369	0.079	0.216	0.312	0.295
2863	30369	0.0	0.0	0.0	0.0
2863	30369	0.0	0.0	0.0	0.0
2863	30369	0.0	0.0	0.0	0.0
2863	30369	0.0	0.0	0.0	0.0
2863	30369	0.0	0.0	0.0	0.0
2863	30369	0.0	0.0	0.0	0.0
2863	30369	0.0	0.0	0.0	0.0
2863	30369	0.0	0.0	0.0	0.0
2863	30369	0.0	0.0	0.0	0.0
2863	30369	0.0	0.0	0.0	0.0
2863	30369	0.0	0.0	0.0	0.0
2863	30369	0.0	0.0	0.0	0.0
2863	30369	0.0	0.0	0.0	0.0
2863	30369	0.0	0.0	0.0	0.0
2863	30369	0.0	0.0	0.0	0.0
2863	30369	0.0	0.0	0.0	0.0
2863	30369	0.0	0.0	0.0	0.0
2863	30369	0.0	0.0	0.0	0.0
2863	30369	0.0	0.0	0.0	0.0
2863	30369	0.0	0.0	0.0	0.0
2863	30369	0.0	0.0	0.0	0.0
2863	30369	0.0	0.0	0.0	0.0
2863	30369	0.0	0.0	0.0	0.0
2863	30369	0.0	0.0	0.0	0.0
2863	30369	0.0	0.0	0.0	0.0
2863	30369	0.0	0.0	0.0	0.0
2863	30369	0.0	0.0	0.0	0.0
2863	30369	0.0	0.0	0.0	0.0
2863	30369	0.0	0.0	0.0	0.0
2863	30369	0.0	0.0	0.0	0.0
2863	30369	0.0	0.0	0.0	0.0
2863	30369	0.0	0.0	0.0	0.0
2863	30369	0.0	0.0	0.0	0.0
2863	30369	0.0	0.0	0.0	0.0
2863	30369	0.0	0.0	0.0	0.0
2863	30369	0.0	0.0	0.0	0.0
2863	30369	0.0	0.0	0.0	0.0
2863	30369	0.0	0.0	0.0	0.0
2863	30369	0.0	0.0	0.0	0.0
2863	30382	0.824	0.0	0.0	0.0
2863	30382	0.088	0.415	0.409	0.327
2863	30382	0.08	0.184	0.272	0.264
2863	30382	0.055	0.088	0.168	0.143
2863	30382	0.063	0.185	0.24	0.248
2863	30382	0.087	0.049	0.112	0.136
2863	30382	0.055	0.153	0.24	0.208
2863	30382	0.056	0.073	0.128	0.129
2863	30382	0.095	0.12	0.176	0.215
2863	30382	0.071	0.113	0.208	0.184
2863	30382	0.087	0.089	0.16	0.176
2863	30382	0.144	0.128	0.215	0.272
2863	30382	0.087	0.553	0.697	0.64
2863	30382	0.088	0.105	0.192	0.193
2863	30382	0.055	0.128	0.216	0.183
2863	30382	0.056	0.081	0.136	0.137
2863	30382	0.08	0.24	0.296	0.32
2863	30382	0.102	0.433	0.513	0.535
2863	30382	0.111	0.281	0.383	0.392
2863	30382	0.063	0.137	0.248	0.2
2863	30382	0.088	0.081	0.144	0.169
2863	30382	0.087	0.04	0.128	0.127
2863	30382	0.079	0.497	0.584	0.576
2863	30382	0.119	0.129	0.208	0.248
2863	30382	0.088	0.049	0.168	0.137
2863	30382	0.111	0.2	0.288	0.311
2863	30382	0.071	0.033	0.144	0.104
2863	30382	0.063	0.137	0.208	0.2
2863	30382	0.088	0.064	0.127	0.152
2863	30382	0.079	0.137	0.225	0.216
2863	30382	0.095	0.073	0.152	0.168
2863	30382	0.087	0.065	0.16	0.152
2863	30382	0.087	0.129	0.216	0.216
2863	30382	0.119	0.145	0.232	0.264
2863	30382	0.087	0.049	0.168	0.136
2863	30382	0.08	0.072	0.159	0.152
2863	30382	0.096	0.16	0.24	0.256
2863	30382	0.071	0.281	0.377	0.352
2863	30382	0.079	0.097	0.168	0.176
2863	30382	0.08	0.088	0.167	0.168
2863	30382	0.079	0.121	0.201	0.2
2863	30382	0.071	0.113	0.192	0.184
2863	30382	0.063	0.081	0.152	0.144
2863	30382	0.087	0.105	0.168	0.192
2863	30382	0.063	0.017	0.104	0.08
2863	30382	0.088	0.128	0.191	0.216
2863	30382	0.079	0.609	0.697	0.688
2863	30382	0.096	0.632	0.711	0.728
2863	30382	0.079	0.193	0.289	0.272
2863	30382	0.095	0.081	0.16	0.176
2863	30382	0.063	0.049	0.144	0.112
2863	30382	0.095	0.225	0.288	0.32
2863	30382	0.071	0.073	0.168	0.144
2863	30382	0.047	0.569	0.64	0.616
2863	30382	0.0	0.0	0.0	0.0
2863	30382	0.0	0.0	0.0	0.0
2863	30382	0.0	0.0	0.0	0.0
2863	30382	0.0	0.0	0.0	0.0
2863	30382	0.0	0.0	0.0	0.0
2863	30382	0.0	0.0	0.0	0.0
2863	30382	0.0	0.0	0.0	0.0
2863	30382	0.0	0.0	0.0	0.0
2863	30382	0.0	0.0	0.0	0.0
2863	30382	0.0	0.0	0.0	0.0
2863	30382	0.0	0.0	0.0	0.0
2863	30382	0.0	0.0	0.0	0.0
2863	30382	0.0	0.0	0.0	0.0
2863	30382	0.0	0.0	0.0	0.0
2863	30382	0.0	0.0	0.0	0.0
2863	30382	0.0	0.0	0.0	0.0
2863	30402	0.936	0.0	0.0	0.0
2863	30402	0.095	0.183	0.753	0.088
2863	30402	0.096	0.224	0.319	0.32
2863	30402	0.08	0.272	0.368	0.352
2863	30402	0.087	0.073	0.153	0.16
2863	30402	0.064	0.136	0.223	0.2
2863	30402	0.072	0.536	0.6	0.608
2863	30402	0.088	0.216	0.288	0.304
2863	30402	0.096	0.104	0.192	0.2
2863	30402	0.087	0.369	0.465	0.456
2863	30402	0.104	0.104	0.191	0.208
2863	30402	0.096	0.096	0.2	0.192
2863	30402	0.063	0.065	0.161	0.128
2863	30402	0.096	0.048	0.111	0.144
2863	30402	0.104	0.072	0.168	0.176
2863	30402	0.071	0.009	0.113	0.08
2863	30402	0.079	0.113	0.184	0.192
2863	30402	0.063	0.105	0.184	0.168
2863	30402	0.096	0.048	0.111	0.144
2863	30402	0.096	0.136	0.232	0.232
2863	30402	0.048	0.04	0.136	0.088
2863	30402	0.08	0.12	0.168	0.2
2863	30402	0.096	0.12	0.2	0.216
2863	30402	0.112	0.056	0.152	0.168
2863	30402	0.087	0.849	0.961	0.936
2863	30402	0.064	0.016	0.103	0.08
2863	30402	0.04	0.088	0.152	0.128
2863	30402	0.056	0.08	0.12	0.136
2863	30402	0.072	0.152	0.208	0.224
2863	30402	0.104	0.192	0.264	0.296
2863	30402	0.08	1.832	1.936	1.912
2863	30402	0.056	0.064	0.144	0.12
2863	30402	0.08	0.128	0.184	0.208
2863	30402	0.064	0.088	0.168	0.152
2863	30402	0.072	0.072	0.136	0.144
2863	30402	0.088	0.312	0.384	0.4
2863	30402	0.088	0.032	0.12	0.12
2863	30402	0.096	0.04	0.128	0.136
2863	30402	0.088	0.208	0.304	0.296
2863	30402	0.08	0.056	0.144	0.136
2863	30402	0.096	0.048	0.128	0.144
2863	30402	0.096	0.128	0.224	0.224
2863	30402	0.056	0.024	0.12	0.08
2863	30402	0.064	0.152	0.208	0.216
2863	30402	0.072	0.136	0.2	0.208
2863	30402	0.079	0.024	0.096	0.103
2863	30402	0.071	0.073	0.152	0.144
2863	30402	0.017	0.151	0.222	0.168
2863	30402	0.078	0.114	0.131	0.192
2863	30402	0.103	0.089	0.167	0.192
2863	30402	0.001	0.325	0.428	0.326
2863	30402	0.104	0.475	0.476	0.579
2863	30402	0.112	0.304	0.408	0.416
2863	30402	0.088	0.103	0.215	0.191
2863	30402	0.232	0.041	0.129	0.273
2863	30402	0.001	0.001	0.233	0.002
2863	30402	0.079	0.062	0.063	0.141
2863	30402	0.072	0.121	0.2	0.193
2863	30402	0.184	0.128	0.2	0.312
2863	30402	0.127	0.144	0.328	0.271
2863	30402	0.088	0.113	0.24	0.201
2863	30402	0.072	0.064	0.152	0.136
2863	30402	0.096	0.104	0.176	0.2
2863	30402	0.08	0.04	0.136	0.12
2863	30402	0.072	0.576	0.656	0.648
2863	30402	0.0	0.0	0.0	0.0
2863	30402	0.0	0.0	0.0	0.0
2863	30402	0.0	0.0	0.0	0.0
2863	30402	0.0	0.0	0.0	0.0
2863	30402	0.0	0.0	0.0	0.0
2863	30421	0.785	0.0	0.0	0.0
2863	30421	0.119	0.184	0.601	0.065
2863	30421	0.056	0.113	0.232	0.169
2863	30421	0.088	0.072	0.128	0.16
2863	30421	0.04	0.04	0.128	0.08
2863	30421	0.063	0.152	0.192	0.215
2863	30421	0.088	0.041	0.104	0.129
2863	30421	0.104	0.08	0.168	0.184
2863	30421	0.103	0.024	0.128	0.127
2863	30421	0.088	0.097	0.2	0.185
2863	30421	0.072	0.032	0.12	0.104
2863	30421	0.064	0.224	0.296	0.288
2863	30421	0.096	0.064	0.128	0.16
2863	30421	0.056	0.104	0.2	0.16
2863	30421	0.088	0.144	0.2	0.232
2863	30421	0.096	0.064	0.152	0.16
2863	30421	0.088	1.384	1.48	1.472
2863	30421	0.096	0.112	0.2	0.208
2863	30421	0.087	0.192	0.288	0.279
2863	30421	0.023	0.049	0.136	0.072
2863	30421	0.104	0.089	0.112	0.193
2863	30421	0.08	0.088	0.192	0.168
2863	30421	0.088	0.048	0.128	0.136
2863	30421	0.344	0.151	0.239	0.495
2863	30421	0.064	0.167	0.177	0.103
2863	30421	0.0	0.0	0.0	0.0
2863	30421	0.0	0.0	0.0	0.0
2863	30421	0.0	0.0	0.0	0.0
2863	30421	0.0	0.0	0.0	0.0
2863	30421	0.0	0.0	0.0	0.0
2863	30421	0.0	0.0	0.0	0.0
2863	30421	0.0	0.0	0.0	0.0
2863	30421	0.0	0.0	0.0	0.0
2863	30421	0.0	0.0	0.0	0.0
2863	30421	0.0	0.0	0.0	0.0
2863	30421	0.0	0.0	0.0	0.0
2863	30421	0.0	0.0	0.0	0.0
2863	30421	0.0	0.0	0.0	0.0
2863	30421	0.0	0.0	0.0	0.0
2863	30421	0.0	0.0	0.0	0.0
2863	30421	0.0	0.0	0.0	0.0
2863	30421	0.0	0.0	0.0	0.0
2863	30421	0.0	0.0	0.0	0.0
2863	30421	0.0	0.0	0.0	0.0
2863	30421	0.0	0.0	0.0	0.0
2863	30421	0.0	0.0	0.0	0.0
2863	30421	0.0	0.0	0.0	0.0
2863	30421	0.0	0.0	0.0	0.0
2863	30421	0.0	0.0	0.0	0.0
2863	30421	0.0	0.0	0.0	0.0
2863	30421	0.0	0.0	0.0	0.0
2863	30421	0.0	0.0	0.0	0.0
2863	30421	0.0	0.0	0.0	0.0
2863	30421	0.0	0.0	0.0	0.0
2863	30421	0.0	0.0	0.0	0.0
2863	30421	0.0	0.0	0.0	0.0
2863	30421	0.0	0.0	0.0	0.0
2863	30421	0.0	0.0	0.0	0.0
2863	30421	0.0	0.0	0.0	0.0
2863	30421	0.0	0.0	0.0	0.0
2863	30421	0.0	0.0	0.0	0.0
2863	30421	0.0	0.0	0.0	0.0
2863	30421	0.0	0.0	0.0	0.0
2863	30421	0.0	0.0	0.0	0.0
2863	30421	0.0	0.0	0.0	0.0
2863	30421	0.0	0.0	0.0	0.0
2863	30421	0.0	0.0	0.0	0.0
2863	30421	0.0	0.0	0.0	0.0
2863	30421	0.0	0.0	0.0	0.0
2863	30421	0.0	0.0	0.0	0.0
