PARTICIPANT_ID	TEST_SECTION_ID	HOLD_LATENCY	INTERKEY_LATENCY	PRESS_LATENCY	RELEASE_LATENCY
3072	32406	0.562	0.0	0.0	0.0
3072	32406	0.099	0.255	0.307	0.156
3072	32406	0.106	0.411	0.51	0.517
3072	32406	0.072	0.079	0.185	0.151
3072	32406	0.103	0.078	0.15	0.181
3072	32406	0.059	0.128	0.231	0.187
3072	32406	0.121	0.125	0.184	0.246
3072	32406	0.042	0.156	0.277	0.198
3072	32406	0.117	0.05	0.092	0.167
3072	32406	0.437	0.098	0.215	0.535
3072	32406	0.04	0.164	0.273	0.124
3072	32406	0.078	0.499	0.539	0.577
3072	32406	0.09	0.36	0.438	0.45
3072	32406	0.09	0.109	0.199	0.199
3072	32406	0.032	0.252	0.342	0.284
3072	32406	0.092	0.631	0.663	0.723
3072	32406	0.067	0.762	0.854	0.829
3072	32406	0.113	0.219	0.286	0.332
3072	32406	0.111	0.102	0.215	0.213
3072	32406	0.104	0.613	0.724	0.717
3072	32406	0.093	0.125	0.229	0.218
3072	32406	0.102	0.282	0.375	0.384
3072	32406	0.059	0.093	0.195	0.152
3072	32406	0.086	0.336	0.395	0.422
3072	32406	0.095	0.087	0.173	0.182
3072	32406	0.13	0.528	0.623	0.658
3072	32406	0.123	0.063	0.193	0.186
3072	32406	0.098	0.235	0.358	0.333
3072	32406	0.096	0.104	0.202	0.2
3072	32406	0.094	0.465	0.561	0.559
3072	32406	0.091	0.65	0.744	0.741
3072	32406	0.105	0.062	0.153	0.167
3072	32406	0.099	0.493	0.598	0.592
3072	32406	0.115	0.078	0.177	0.193
3072	32406	0.108	0.065	0.18	0.173
3072	32406	0.065	0.112	0.22	0.177
3072	32406	0.119	0.044	0.109	0.163
3072	32406	0.093	0.094	0.213	0.187
3072	32406	0.104	0.094	0.187	0.198
3072	32406	0.11	0.956	1.06	1.066
3072	32406	0.078	0.047	0.157	0.125
3072	32406	0.059	0.366	0.444	0.425
3072	32406	0.091	0.293	0.352	0.384
3072	32406	0.078	0.089	0.18	0.167
3072	32406	0.01	0.989	1.067	0.999
3072	32406	0.116	0.851	0.861	0.967
3072	32406	0.116	0.109	0.225	0.225
3072	32406	0.051	0.359	0.475	0.41
3072	32406	0.101	0.463	0.514	0.564
3072	32406	0.107	0.103	0.204	0.21
3072	32406	0.128	0.094	0.201	0.222
3072	32406	0.108	0.877	1.005	0.985
3072	32406	0.103	0.282	0.39	0.385
3072	32406	0.118	0.121	0.224	0.239
3072	32406	0.083	0.478	0.596	0.561
3072	32406	0.119	0.079	0.162	0.198
3072	32406	0.116	0.016	0.135	0.132
3072	32406	0.104	0.375	0.491	0.479
3072	32406	0.113	0.093	0.197	0.206
3072	32406	0.102	0.782	0.895	0.884
3072	32406	0.107	0.109	0.211	0.216
3072	32406	0.092	1.129	1.236	1.221
3072	32406	0.114	0.624	0.716	0.738
3072	32406	0.115	0.104	0.218	0.219
3072	32406	0.11	0.062	0.177	0.172
3072	32406	0.089	0.129	0.239	0.218
3072	32406	0.076	0.549	0.638	0.625
3072	32406	0.074	0.205	0.281	0.279
3072	32406	0.12	0.532	0.606	0.652
3072	32406	0.098	0.094	0.214	0.192
3072	32445	0.353	0.0	0.0	0.0
3072	32445	0.102	0.165	0.188	0.063
3072	32445	0.175	0.203	0.305	0.378
3072	32445	0.125	0.016	0.191	0.141
3072	32445	0.081	0.149	0.274	0.23
3072	32445	0.068	0.335	0.416	0.403
3072	32445	0.125	0.104	0.172	0.229
3072	32445	0.076	0.219	0.344	0.295
3072	32445	0.073	0.101	0.177	0.174
3072	32445	0.076	0.391	0.464	0.467
3072	32445	0.139	0.063	0.139	0.202
3072	32445	0.122	0.333	0.472	0.455
3072	32445	0.124	0.016	0.138	0.14
3072	32445	0.068	0.312	0.436	0.38
3072	32445	0.103	0.094	0.162	0.197
3072	32445	0.089	0.697	0.8	0.786
3072	32445	0.062	0.068	0.021	0.006
3072	32445	0.138	0.413	0.475	0.551
3072	32445	0.058	0.204	0.342	0.262
3072	32445	0.085	0.016	0.074	0.101
3072	32445	0.092	0.157	0.242	0.249
3072	32445	0.11	0.188	0.28	0.298
3072	32445	0.096	0.173	0.283	0.269
3072	32445	0.127	0.449	0.545	0.576
3072	32445	0.094	0.044	0.171	0.138
3072	32445	0.1	0.534	0.628	0.634
3072	32445	0.128	0.203	0.303	0.331
3072	32445	0.119	0.281	0.409	0.4
3072	32445	0.081	0.142	0.261	0.223
3072	32445	0.084	0.122	0.203	0.206
3072	32445	0.059	0.409	0.493	0.468
3072	32445	0.0	0.0	0.0	0.0
3072	32445	0.0	0.0	0.0	0.0
3072	32445	0.0	0.0	0.0	0.0
3072	32445	0.0	0.0	0.0	0.0
3072	32445	0.0	0.0	0.0	0.0
3072	32445	0.0	0.0	0.0	0.0
3072	32445	0.0	0.0	0.0	0.0
3072	32445	0.0	0.0	0.0	0.0
3072	32445	0.0	0.0	0.0	0.0
3072	32445	0.0	0.0	0.0	0.0
3072	32445	0.0	0.0	0.0	0.0
3072	32445	0.0	0.0	0.0	0.0
3072	32445	0.0	0.0	0.0	0.0
3072	32445	0.0	0.0	0.0	0.0
3072	32445	0.0	0.0	0.0	0.0
3072	32445	0.0	0.0	0.0	0.0
3072	32445	0.0	0.0	0.0	0.0
3072	32445	0.0	0.0	0.0	0.0
3072	32445	0.0	0.0	0.0	0.0
3072	32445	0.0	0.0	0.0	0.0
3072	32445	0.0	0.0	0.0	0.0
3072	32445	0.0	0.0	0.0	0.0
3072	32445	0.0	0.0	0.0	0.0
3072	32445	0.0	0.0	0.0	0.0
3072	32445	0.0	0.0	0.0	0.0
3072	32445	0.0	0.0	0.0	0.0
3072	32445	0.0	0.0	0.0	0.0
3072	32445	0.0	0.0	0.0	0.0
3072	32445	0.0	0.0	0.0	0.0
3072	32445	0.0	0.0	0.0	0.0
3072	32445	0.0	0.0	0.0	0.0
3072	32445	0.0	0.0	0.0	0.0
3072	32445	0.0	0.0	0.0	0.0
3072	32445	0.0	0.0	0.0	0.0
3072	32445	0.0	0.0	0.0	0.0
3072	32445	0.0	0.0	0.0	0.0
3072	32445	0.0	0.0	0.0	0.0
3072	32445	0.0	0.0	0.0	0.0
3072	32445	0.0	0.0	0.0	0.0
3072	32461	0.532	0.0	0.0	0.0
3072	32461	0.094	0.188	0.344	0.094
3072	32461	0.117	0.141	0.235	0.258
3072	32461	0.111	0.25	0.367	0.361
3072	32461	0.111	0.042	0.153	0.153
3072	32461	0.098	0.131	0.242	0.229
3072	32461	0.098	0.25	0.348	0.348
3072	32461	0.106	0.094	0.192	0.2
3072	32461	0.063	0.422	0.528	0.485
3072	32461	0.167	0.125	0.188	0.292
3072	32461	0.129	0.031	0.136	0.098
3072	32461	0.088	0.19	0.319	0.278
3072	32461	0.117	0.312	0.4	0.429
3072	32461	0.111	0.157	0.274	0.268
3072	32461	0.135	0.171	0.282	0.306
3072	32461	0.117	0.125	0.26	0.242
3072	32461	0.074	0.323	0.44	0.397
3072	32461	0.066	0.28	0.354	0.346
3072	32461	0.06	0.185	0.251	0.245
3072	32461	0.061	0.031	0.091	0.092
3072	32461	0.057	0.156	0.217	0.213
3072	32461	0.082	0.246	0.303	0.328
3072	32461	0.105	0.109	0.191	0.214
3072	32461	0.125	0.058	0.163	0.183
3072	32461	0.07	0.235	0.36	0.305
3072	32461	0.065	0.058	0.012	0.007
3072	32461	0.067	0.109	0.174	0.176
3072	32461	0.046	0.053	0.014	0.007
3072	32461	0.137	0.253	0.299	0.39
3072	32461	0.04	0.622	0.759	0.662
3072	32461	0.043	0.42	0.46	0.463
3072	32461	0.118	0.336	0.379	0.454
3072	32461	0.096	0.387	0.505	0.483
3072	32461	0.086	0.565	0.661	0.651
3072	32461	0.089	0.062	0.148	0.151
3072	32461	0.0	0.0	0.0	0.0
3072	32461	0.0	0.0	0.0	0.0
3072	32461	0.0	0.0	0.0	0.0
3072	32461	0.0	0.0	0.0	0.0
3072	32461	0.0	0.0	0.0	0.0
3072	32461	0.0	0.0	0.0	0.0
3072	32461	0.0	0.0	0.0	0.0
3072	32461	0.0	0.0	0.0	0.0
3072	32461	0.0	0.0	0.0	0.0
3072	32461	0.0	0.0	0.0	0.0
3072	32461	0.0	0.0	0.0	0.0
3072	32461	0.0	0.0	0.0	0.0
3072	32461	0.0	0.0	0.0	0.0
3072	32461	0.0	0.0	0.0	0.0
3072	32461	0.0	0.0	0.0	0.0
3072	32461	0.0	0.0	0.0	0.0
3072	32461	0.0	0.0	0.0	0.0
3072	32461	0.0	0.0	0.0	0.0
3072	32461	0.0	0.0	0.0	0.0
3072	32461	0.0	0.0	0.0	0.0
3072	32461	0.0	0.0	0.0	0.0
3072	32461	0.0	0.0	0.0	0.0
3072	32461	0.0	0.0	0.0	0.0
3072	32461	0.0	0.0	0.0	0.0
3072	32461	0.0	0.0	0.0	0.0
3072	32461	0.0	0.0	0.0	0.0
3072	32461	0.0	0.0	0.0	0.0
3072	32461	0.0	0.0	0.0	0.0
3072	32461	0.0	0.0	0.0	0.0
3072	32461	0.0	0.0	0.0	0.0
3072	32461	0.0	0.0	0.0	0.0
3072	32461	0.0	0.0	0.0	0.0
3072	32461	0.0	0.0	0.0	0.0
3072	32461	0.0	0.0	0.0	0.0
3072	32461	0.0	0.0	0.0	0.0
3072	32482	0.317	0.0	0.0	0.0
3072	32482	0.095	0.157	0.16	0.062
3072	32482	0.11	0.276	0.371	0.386
3072	32482	0.046	1.066	1.176	1.112
3072	32482	0.075	0.385	0.431	0.46
3072	32482	0.054	0.089	0.164	0.143
3072	32482	0.035	0.097	0.151	0.132
3072	32482	0.033	0.844	0.879	0.877
3072	32482	0.061	0.051	0.084	0.112
3072	32482	0.051	0.078	0.139	0.129
3072	32482	0.436	0.791	0.842	1.227
3072	32482	0.086	0.226	0.21	0.14
3072	32482	0.07	0.421	0.507	0.491
3072	32482	0.093	0.156	0.226	0.249
3072	32482	0.14	0.944	1.037	1.084
3072	32482	0.176	0.066	0.074	0.11
3072	32482	0.189	0.047	0.223	0.236
3072	32482	0.119	0.05	0.139	0.069
3072	32482	0.342	1.137	1.256	1.479
3072	32482	0.097	0.174	0.168	0.077
3072	32482	0.098	0.259	0.356	0.357
3072	32482	0.12	0.219	0.317	0.339
3072	32482	0.1	0.252	0.372	0.352
3072	32482	0.061	0.125	0.225	0.186
3072	32482	0.092	0.172	0.233	0.264
3072	32482	0.085	0.5	0.592	0.585
3072	32482	0.131	0.114	0.199	0.245
3072	32482	0.072	0.078	0.209	0.15
3072	32482	0.055	0.084	0.156	0.139
3072	32482	0.078	0.203	0.258	0.281
3072	32482	0.108	0.208	0.286	0.316
3072	32482	0.214	0.291	0.399	0.505
3072	32482	0.08	0.433	0.647	0.513
3072	32482	0.111	1.271	1.351	1.382
3072	32482	0.378	1.613	1.724	1.991
3072	32482	0.104	0.268	0.11	0.164
3072	32482	0.152	0.134	0.238	0.286
3072	32482	0.061	0.856	1.008	0.917
3072	32482	0.0	0.0	0.0	0.0
3072	32482	0.0	0.0	0.0	0.0
3072	32482	0.0	0.0	0.0	0.0
3072	32482	0.0	0.0	0.0	0.0
3072	32482	0.0	0.0	0.0	0.0
3072	32482	0.0	0.0	0.0	0.0
3072	32482	0.0	0.0	0.0	0.0
3072	32482	0.0	0.0	0.0	0.0
3072	32482	0.0	0.0	0.0	0.0
3072	32482	0.0	0.0	0.0	0.0
3072	32482	0.0	0.0	0.0	0.0
3072	32482	0.0	0.0	0.0	0.0
3072	32482	0.0	0.0	0.0	0.0
3072	32482	0.0	0.0	0.0	0.0
3072	32482	0.0	0.0	0.0	0.0
3072	32482	0.0	0.0	0.0	0.0
3072	32482	0.0	0.0	0.0	0.0
3072	32482	0.0	0.0	0.0	0.0
3072	32482	0.0	0.0	0.0	0.0
3072	32482	0.0	0.0	0.0	0.0
3072	32482	0.0	0.0	0.0	0.0
3072	32482	0.0	0.0	0.0	0.0
3072	32482	0.0	0.0	0.0	0.0
3072	32482	0.0	0.0	0.0	0.0
3072	32482	0.0	0.0	0.0	0.0
3072	32482	0.0	0.0	0.0	0.0
3072	32482	0.0	0.0	0.0	0.0
3072	32482	0.0	0.0	0.0	0.0
3072	32482	0.0	0.0	0.0	0.0
3072	32482	0.0	0.0	0.0	0.0
3072	32482	0.0	0.0	0.0	0.0
3072	32482	0.0	0.0	0.0	0.0
3072	32511	6.618	0.0	0.0	0.0
3072	32511	0.072	0.166	6.452	0.094
3072	32511	0.053	0.487	0.559	0.54
3072	32511	0.096	0.47	0.523	0.566
3072	32511	0.09	0.094	0.19	0.184
3072	32511	0.196	0.706	0.796	0.902
3072	32511	0.149	0.038	0.158	0.111
3072	32511	0.145	0.031	0.18	0.176
3072	32511	0.159	0.118	0.263	0.277
3072	32511	0.092	0.125	0.284	0.217
3072	32511	0.038	0.339	0.431	0.377
3072	32511	0.074	0.04	0.078	0.114
3072	32511	0.031	0.021	0.053	0.01
3072	32511	0.044	0.417	0.448	0.461
3072	32511	0.077	0.078	0.122	0.155
3072	32511	0.101	0.218	0.295	0.319
3072	32511	0.118	0.138	0.239	0.256
3072	32511	0.108	0.157	0.275	0.265
3072	32511	0.098	0.062	0.17	0.16
3072	32511	0.127	0.094	0.192	0.221
3072	32511	0.117	0.21	0.337	0.327
3072	32511	0.086	0.827	0.944	0.913
3072	32511	0.127	0.067	0.153	0.194
3072	32511	0.101	0.059	0.186	0.16
3072	32511	0.096	0.031	0.132	0.127
3072	32511	0.107	0.125	0.221	0.232
3072	32511	0.1	0.885	0.992	0.985
3072	32511	0.114	0.057	0.157	0.171
3072	32511	0.093	0.066	0.18	0.159
3072	32511	0.116	0.51	0.603	0.626
3072	32511	0.098	0.219	0.335	0.317
3072	32511	0.102	0.063	0.161	0.165
3072	32511	0.107	0.094	0.196	0.201
3072	32511	0.134	0.063	0.17	0.197
3072	32511	0.146	0.141	0.275	0.287
3072	32511	0.1	0.107	0.253	0.207
3072	32511	0.141	0.445	0.545	0.586
3072	32511	0.098	0.709	0.85	0.807
3072	32511	0.0	0.0	0.0	0.0
3072	32511	0.0	0.0	0.0	0.0
3072	32511	0.0	0.0	0.0	0.0
3072	32511	0.0	0.0	0.0	0.0
3072	32511	0.0	0.0	0.0	0.0
3072	32511	0.0	0.0	0.0	0.0
3072	32511	0.0	0.0	0.0	0.0
3072	32511	0.0	0.0	0.0	0.0
3072	32511	0.0	0.0	0.0	0.0
3072	32511	0.0	0.0	0.0	0.0
3072	32511	0.0	0.0	0.0	0.0
3072	32511	0.0	0.0	0.0	0.0
3072	32511	0.0	0.0	0.0	0.0
3072	32511	0.0	0.0	0.0	0.0
3072	32511	0.0	0.0	0.0	0.0
3072	32511	0.0	0.0	0.0	0.0
3072	32511	0.0	0.0	0.0	0.0
3072	32511	0.0	0.0	0.0	0.0
3072	32511	0.0	0.0	0.0	0.0
3072	32511	0.0	0.0	0.0	0.0
3072	32511	0.0	0.0	0.0	0.0
3072	32511	0.0	0.0	0.0	0.0
3072	32511	0.0	0.0	0.0	0.0
3072	32511	0.0	0.0	0.0	0.0
3072	32511	0.0	0.0	0.0	0.0
3072	32511	0.0	0.0	0.0	0.0
3072	32511	0.0	0.0	0.0	0.0
3072	32511	0.0	0.0	0.0	0.0
3072	32511	0.0	0.0	0.0	0.0
3072	32511	0.0	0.0	0.0	0.0
3072	32511	0.0	0.0	0.0	0.0
3072	32511	0.0	0.0	0.0	0.0
3072	32534	0.385	0.0	0.0	0.0
3072	32534	0.09	0.197	0.188	0.107
3072	32534	0.109	0.243	0.333	0.352
3072	32534	0.152	0.047	0.156	0.199
3072	32534	0.239	0.078	0.23	0.317
3072	32534	0.164	0.053	0.186	0.111
3072	32534	0.134	0.016	0.18	0.15
3072	32534	0.134	0.109	0.243	0.243
3072	32534	0.132	0.047	0.181	0.179
3072	32534	0.076	0.188	0.32	0.264
3072	32534	0.086	0.42	0.496	0.506
3072	32534	0.056	0.147	0.233	0.203
3072	32534	0.121	0.141	0.197	0.262
3072	32534	0.07	0.449	0.57	0.519
3072	32534	0.127	0.406	0.476	0.533
3072	32534	0.094	0.156	0.283	0.25
3072	32534	0.085	0.333	0.427	0.418
3072	32534	0.09	0.093	0.178	0.183
3072	32534	0.077	0.156	0.246	0.233
3072	32534	0.089	0.36	0.437	0.449
3072	32534	0.138	0.343	0.432	0.481
3072	32534	0.114	0.063	0.201	0.177
3072	32534	0.095	0.015	0.129	0.11
3072	32534	0.304	0.61	0.705	0.914
3072	32534	0.101	0.148	0.156	0.047
3072	32534	0.094	0.188	0.289	0.282
3072	32534	0.089	0.094	0.188	0.183
3072	32534	0.104	0.494	0.583	0.598
3072	32534	0.132	0.047	0.151	0.179
3072	32534	0.092	0.298	0.43	0.39
3072	32534	0.084	0.115	0.207	0.199
3072	32534	0.11	0.422	0.506	0.532
3072	32534	0.164	0.06	0.17	0.224
3072	32534	0.146	0.125	0.289	0.271
3072	32534	0.123	1.459	1.605	1.582
3072	32534	0.079	0.063	0.186	0.142
3072	32534	0.062	0.078	0.157	0.14
3072	32534	0.086	0.106	0.168	0.192
3072	32534	0.083	0.094	0.18	0.177
3072	32534	0.098	0.083	0.166	0.181
3072	32534	0.077	0.043	0.141	0.12
3072	32534	0.088	0.052	0.129	0.14
3072	32534	0.083	0.034	0.122	0.117
3072	32534	0.087	0.063	0.146	0.15
3072	32534	0.065	0.078	0.165	0.143
3072	32534	0.131	1.082	1.147	1.213
3072	32534	0.091	0.87	1.001	0.961
3072	32534	0.095	0.203	0.294	0.298
3072	32534	0.094	0.078	0.173	0.172
3072	32534	0.157	0.85	0.944	1.007
3072	32534	0.167	0.015	0.172	0.182
3072	32534	0.122	0.266	0.433	0.388
3072	32534	0.139	0.125	0.247	0.264
3072	32534	0.06	0.047	0.186	0.107
3072	32534	0.1	0.047	0.107	0.147
3072	32534	0.101	0.234	0.334	0.335
3072	32534	0.056	0.206	0.307	0.262
3072	32534	0.1	0.663	0.719	0.763
3072	32534	0.096	0.078	0.178	0.174
3072	32534	0.119	0.046	0.142	0.165
3072	32534	0.111	0.089	0.208	0.2
3072	32534	0.092	0.41	0.521	0.502
3072	32534	0.118	0.077	0.169	0.195
3072	32534	0.097	0.257	0.375	0.354
3072	32534	0.102	0.125	0.222	0.227
3072	32534	0.084	0.093	0.195	0.177
3072	32534	0.129	0.042	0.126	0.171
3072	32534	0.082	0.094	0.223	0.176
3072	32534	0.119	0.063	0.145	0.182
3072	32534	0.237	0.27	0.389	0.507
3072	32591	0.471	0.0	0.0	0.0
3072	32591	0.109	0.171	0.3	0.062
3072	32591	0.139	0.265	0.374	0.404
3072	32591	0.06	0.078	0.217	0.138
3072	32591	0.096	0.269	0.329	0.365
3072	32591	0.105	0.627	0.723	0.732
3072	32591	0.124	0.063	0.168	0.187
3072	32591	0.107	0.058	0.182	0.165
3072	32591	0.432	0.258	0.365	0.69
3072	32591	0.062	0.218	0.214	0.156
3072	32591	0.121	0.36	0.422	0.481
3072	32591	0.074	0.078	0.199	0.152
3072	32591	0.051	0.094	0.168	0.145
3072	32591	0.075	0.945	0.996	1.02
3072	32591	0.088	0.078	0.153	0.166
3072	32591	0.091	0.518	0.606	0.609
3072	32591	0.15	0.047	0.138	0.197
3072	32591	0.09	0.047	0.197	0.137
3072	32591	0.125	0.063	0.153	0.188
3072	32591	0.06	0.047	0.172	0.107
3072	32591	0.108	0.563	0.623	0.671
3072	32591	0.099	0.125	0.233	0.224
3072	32591	0.112	0.047	0.146	0.159
3072	32591	0.071	0.455	0.567	0.526
3072	32591	0.101	0.265	0.336	0.366
3072	32591	0.644	0.085	0.186	0.729
3072	32591	0.044	0.309	0.335	0.265
3072	32591	0.087	0.849	0.893	0.936
3072	32591	0.091	0.344	0.431	0.435
3072	32591	0.124	0.396	0.487	0.52
3072	32591	0.102	0.094	0.218	0.196
3072	32591	0.088	0.093	0.195	0.181
3072	32591	0.056	0.25	0.338	0.306
3072	32591	0.027	0.036	0.02	0.009
3072	32591	0.097	0.555	0.582	0.652
3072	32591	0.079	0.157	0.254	0.236
3072	32591	0.086	0.564	0.643	0.65
3072	32591	0.088	0.078	0.164	0.166
3072	32591	0.126	0.188	0.276	0.314
3072	32591	0.065	0.074	0.2	0.139
3072	32591	0.079	0.453	0.518	0.532
3072	32591	0.0	0.0	0.0	0.0
3072	32591	0.0	0.0	0.0	0.0
3072	32591	0.0	0.0	0.0	0.0
3072	32591	0.0	0.0	0.0	0.0
3072	32591	0.0	0.0	0.0	0.0
3072	32591	0.0	0.0	0.0	0.0
3072	32591	0.0	0.0	0.0	0.0
3072	32591	0.0	0.0	0.0	0.0
3072	32591	0.0	0.0	0.0	0.0
3072	32591	0.0	0.0	0.0	0.0
3072	32591	0.0	0.0	0.0	0.0
3072	32591	0.0	0.0	0.0	0.0
3072	32591	0.0	0.0	0.0	0.0
3072	32591	0.0	0.0	0.0	0.0
3072	32591	0.0	0.0	0.0	0.0
3072	32591	0.0	0.0	0.0	0.0
3072	32591	0.0	0.0	0.0	0.0
3072	32591	0.0	0.0	0.0	0.0
3072	32591	0.0	0.0	0.0	0.0
3072	32591	0.0	0.0	0.0	0.0
3072	32591	0.0	0.0	0.0	0.0
3072	32591	0.0	0.0	0.0	0.0
3072	32591	0.0	0.0	0.0	0.0
3072	32591	0.0	0.0	0.0	0.0
3072	32591	0.0	0.0	0.0	0.0
3072	32591	0.0	0.0	0.0	0.0
3072	32591	0.0	0.0	0.0	0.0
3072	32591	0.0	0.0	0.0	0.0
3072	32591	0.0	0.0	0.0	0.0
3072	32613	0.772	0.0	0.0	0.0
3072	32613	0.149	0.267	0.505	0.118
3072	32613	0.123	1.505	1.654	1.628
3072	32613	0.099	0.509	0.632	0.608
3072	32613	0.166	0.047	0.146	0.213
3072	32613	0.113	0.016	0.182	0.129
3072	32613	0.13	0.136	0.249	0.266
3072	32613	0.087	0.407	0.537	0.494
3072	32613	0.114	0.431	0.518	0.545
3072	32613	0.072	0.117	0.231	0.189
3072	32613	0.099	0.11	0.182	0.209
3072	32613	0.16	0.375	0.474	0.535
3072	32613	0.105	0.125	0.285	0.23
3072	32613	0.11	0.793	0.898	0.903
3072	32613	0.125	0.405	0.515	0.53
3072	32613	0.128	0.046	0.171	0.174
3072	32613	0.128	0.199	0.327	0.327
3072	32613	0.12	0.988	1.116	1.108
3072	32613	0.177	1.629	1.749	1.806
3072	32613	0.161	0.017	0.194	0.178
3072	32613	0.112	0.219	0.38	0.331
3072	32613	0.111	1.824	1.936	1.935
3072	32613	0.141	0.031	0.142	0.172
3072	32613	0.087	0.251	0.392	0.338
3072	32613	0.1	0.156	0.243	0.256
3072	32613	0.159	0.875	0.975	1.034
3072	32613	0.114	0.033	0.126	0.081
3072	32613	0.077	0.109	0.223	0.186
3072	32613	0.064	0.12	0.197	0.184
3072	32613	0.097	0.078	0.142	0.175
3072	32613	0.085	0.422	0.519	0.507
3072	32613	0.096	0.063	0.148	0.159
3072	32613	0.084	1.637	1.733	1.721
3072	32613	0.098	0.093	0.177	0.191
3072	32613	0.131	1.517	1.615	1.648
3072	32613	0.133	0.029	0.102	0.104
3072	32613	0.128	0.063	0.196	0.191
3072	32613	0.185	0.104	0.232	0.289
3072	32613	0.107	1.066	1.251	1.173
3072	32613	0.14	0.047	0.154	0.187
3072	32613	0.148	0.062	0.202	0.21
3072	32613	0.082	0.128	0.276	0.21
3072	32613	0.128	0.153	0.235	0.281
3072	32613	0.086	0.532	0.66	0.618
3072	32613	0.111	0.031	0.117	0.142
3072	32613	0.127	0.047	0.158	0.174
3072	32613	0.067	0.752	0.879	0.819
3072	32613	0.078	0.138	0.205	0.216
3072	32613	0.068	0.156	0.234	0.224
3072	32613	0.143	0.621	0.689	0.764
3072	32613	0.163	0.056	0.087	0.107
3072	32613	0.184	0.047	0.21	0.231
3072	32613	0.125	0.063	0.247	0.188
3072	32613	0.122	0.078	0.203	0.2
3072	32613	0.136	0.545	0.667	0.681
3072	32613	0.118	0.152	0.288	0.27
3072	32613	0.138	0.219	0.337	0.357
3072	32613	0.107	0.635	0.773	0.742
3072	32613	0.125	1.138	1.245	1.263
3072	32613	0.106	0.015	0.14	0.121
3072	32613	0.125	0.11	0.216	0.235
3072	32613	0.096	0.881	1.006	0.977
3072	32613	0.171	0.251	0.347	0.422
3072	32613	0.133	0.035	0.136	0.098
3072	32613	0.106	0.172	0.305	0.278
3072	32613	0.093	0.649	0.755	0.742
3072	32613	0.117	0.047	0.14	0.164
3072	32613	0.107	0.36	0.477	0.467
3072	32613	0.082	0.112	0.219	0.194
3072	32613	0.059	0.683	0.765	0.742
3072	32660	0.584	0.0	0.0	0.0
3072	32660	0.097	0.175	0.409	0.078
3072	32660	0.127	0.328	0.425	0.455
3072	32660	0.153	0.041	0.168	0.194
3072	32660	0.201	0.052	0.205	0.253
3072	32660	0.136	0.053	0.148	0.083
3072	32660	0.16	0.016	0.152	0.176
3072	32660	0.161	1.244	1.404	1.405
3072	32660	0.093	0.013	0.174	0.106
3072	32660	0.136	0.146	0.239	0.282
3072	32660	0.1	0.093	0.229	0.193
3072	32660	0.064	0.089	0.189	0.153
3072	32660	0.059	0.184	0.248	0.243
3072	32660	0.107	0.171	0.23	0.278
3072	32660	0.085	0.459	0.566	0.544
3072	32660	0.117	0.047	0.132	0.164
3072	32660	0.113	0.572	0.689	0.685
3072	32660	0.117	0.125	0.238	0.242
3072	32660	0.112	0.07	0.187	0.182
3072	32660	0.111	0.54	0.652	0.651
3072	32660	0.107	0.38	0.491	0.487
3072	32660	0.076	0.105	0.212	0.181
3072	32660	0.104	0.078	0.154	0.182
3072	32660	0.117	0.265	0.369	0.382
3072	32660	0.115	0.078	0.195	0.193
3072	32660	0.113	0.312	0.427	0.425
3072	32660	0.118	0.047	0.16	0.165
3072	32660	0.093	0.249	0.367	0.342
3072	32660	0.124	0.094	0.187	0.218
3072	32660	0.114	0.109	0.233	0.223
3072	32660	0.116	0.235	0.349	0.351
3072	32660	0.13	0.306	0.422	0.436
3072	32660	0.104	0.994	1.124	1.098
3072	32660	0.102	0.665	0.769	0.767
3072	32660	0.148	0.109	0.211	0.257
3072	32660	0.156	0.024	0.124	0.132
3072	32660	0.149	0.109	0.265	0.258
3072	32660	0.088	0.876	1.025	0.964
3072	32660	0.128	0.109	0.197	0.237
3072	32660	0.117	0.501	0.629	0.618
3072	32660	0.19	0.234	0.351	0.424
3072	32660	0.168	0.026	0.164	0.142
3072	32660	0.155	0.077	0.245	0.232
3072	32660	0.101	1.144	1.299	1.245
3072	32660	0.167	0.094	0.195	0.261
3072	32660	0.127	0.032	0.199	0.159
3072	32660	0.092	0.129	0.256	0.221
3072	32660	0.088	0.112	0.204	0.2
3072	32660	0.111	0.354	0.442	0.465
3072	32660	0.135	0.047	0.158	0.182
3072	32660	0.116	0.203	0.338	0.319
3072	32660	0.082	0.219	0.335	0.301
3072	32660	0.092	0.501	0.583	0.593
3072	32660	0.202	0.047	0.139	0.249
3072	32660	0.168	0.031	0.171	0.137
3072	32660	0.094	0.093	0.261	0.187
3072	32660	0.102	0.68	0.774	0.782
3072	32660	0.085	0.323	0.425	0.408
3072	32660	0.0	0.0	0.0	0.0
3072	32660	0.0	0.0	0.0	0.0
3072	32660	0.0	0.0	0.0	0.0
3072	32660	0.0	0.0	0.0	0.0
3072	32660	0.0	0.0	0.0	0.0
3072	32660	0.0	0.0	0.0	0.0
3072	32660	0.0	0.0	0.0	0.0
3072	32660	0.0	0.0	0.0	0.0
3072	32660	0.0	0.0	0.0	0.0
3072	32660	0.0	0.0	0.0	0.0
3072	32660	0.0	0.0	0.0	0.0
3072	32660	0.0	0.0	0.0	0.0
3072	32685	0.422	0.0	0.0	0.0
3072	32685	0.119	0.235	0.187	0.116
3072	32685	0.088	0.593	0.712	0.681
3072	32685	0.049	0.06	0.028	0.011
3072	32685	0.151	0.121	0.17	0.272
3072	32685	0.094	0.311	0.462	0.405
3072	32685	0.103	0.328	0.422	0.431
3072	32685	0.103	0.742	0.845	0.845
3072	32685	0.107	0.125	0.228	0.232
3072	32685	0.074	0.728	0.835	0.802
3072	32685	0.084	0.073	0.147	0.157
3072	32685	0.159	0.769	0.853	0.928
3072	32685	0.107	0.439	0.598	0.546
3072	32685	0.127	0.062	0.169	0.189
3072	32685	0.088	0.297	0.424	0.385
3072	32685	0.113	0.367	0.455	0.48
3072	32685	0.105	0.927	1.04	1.032
3072	32685	0.089	0.017	0.088	0.072
3072	32685	0.107	0.109	0.198	0.216
3072	32685	0.134	0.031	0.138	0.165
3072	32685	0.134	0.61	0.744	0.744
3072	32685	0.116	0.141	0.275	0.257
3072	32685	0.085	0.234	0.35	0.319
3072	32685	0.107	0.125	0.21	0.232
3072	32685	0.11	0.156	0.263	0.266
3072	32685	0.408	0.266	0.376	0.674
3072	32685	0.09	0.185	0.223	0.095
3072	32685	0.109	0.314	0.404	0.423
3072	32685	0.137	0.109	0.218	0.246
3072	32685	0.117	0.784	0.921	0.901
3072	32685	0.115	0.079	0.196	0.194
3072	32685	0.135	0.681	0.796	0.816
3072	32685	0.113	0.277	0.412	0.39
3072	32685	0.155	0.063	0.176	0.218
3072	32685	0.157	0.018	0.137	0.139
3072	32685	0.095	0.622	0.779	0.717
3072	32685	0.104	0.575	0.67	0.679
3072	32685	0.083	0.083	0.021	0.0
3072	32685	0.12	0.745	0.828	0.865
3072	32685	0.085	0.078	0.198	0.163
3072	32685	0.132	0.853	0.938	0.985
3072	32685	0.088	0.565	0.697	0.653
3072	32685	0.112	0.063	0.151	0.175
3072	32685	0.095	0.047	0.159	0.142
3072	32685	0.08	1.003	1.098	1.083
3072	32685	0.065	0.219	0.299	0.284
3072	32685	0.12	0.896	0.961	1.016
3072	32685	0.146	0.034	0.154	0.18
3072	32685	0.154	0.078	0.224	0.232
3072	32685	0.11	0.81	0.964	0.92
3072	32685	0.137	0.188	0.298	0.325
3072	32685	0.129	0.047	0.184	0.176
3072	32685	0.115	0.072	0.201	0.187
3072	32685	0.092	1.249	1.364	1.341
3072	32685	0.079	0.387	0.479	0.466
3072	32685	0.109	0.078	0.157	0.187
3072	32685	0.15	0.099	0.208	0.249
3072	32685	0.126	1.192	1.342	1.318
3072	32685	0.182	0.062	0.188	0.244
3072	32685	0.104	0.036	0.218	0.14
3072	32685	0.127	1.005	1.109	1.132
3072	32685	0.089	0.676	0.803	0.765
3072	32685	0.142	0.376	0.465	0.518
3072	32685	0.12	0.047	0.189	0.167
3072	32685	0.102	0.893	1.013	0.995
3072	32685	0.0	0.0	0.0	0.0
3072	32685	0.0	0.0	0.0	0.0
3072	32685	0.0	0.0	0.0	0.0
3072	32685	0.0	0.0	0.0	0.0
3072	32685	0.0	0.0	0.0	0.0
3072	32725	0.376	0.0	0.0	0.0
3072	32725	0.09	0.215	0.161	0.125
3072	32725	0.15	0.597	0.687	0.747
3072	32725	0.169	0.062	0.212	0.231
3072	32725	0.177	0.0	0.169	0.177
3072	32725	0.147	0.25	0.427	0.397
3072	32725	0.139	0.022	0.125	0.117
3072	32725	0.092	0.056	0.195	0.148
3072	32725	0.074	0.078	0.17	0.152
3072	32725	0.099	0.332	0.406	0.431
3072	32725	0.104	0.078	0.177	0.182
3072	32725	0.091	0.094	0.198	0.185
3072	32725	0.063	0.125	0.216	0.188
3072	32725	0.098	0.763	0.826	0.861
3072	32725	0.135	0.047	0.145	0.182
3072	32725	0.125	0.375	0.51	0.5
3072	32725	0.118	0.172	0.297	0.29
3072	32725	0.074	0.089	0.207	0.163
3072	32725	0.078	0.172	0.246	0.25
3072	32725	0.089	0.439	0.517	0.528
3072	32725	0.109	0.22	0.309	0.329
3072	32725	0.082	0.094	0.203	0.176
3072	32725	0.133	0.157	0.239	0.29
3072	32725	0.17	0.094	0.227	0.264
3072	32725	0.092	0.57	0.74	0.662
3072	32725	0.091	0.051	0.143	0.142
3072	32725	0.064	1.308	1.399	1.372
3072	32725	0.0	0.0	0.0	0.0
3072	32725	0.0	0.0	0.0	0.0
3072	32725	0.0	0.0	0.0	0.0
3072	32725	0.0	0.0	0.0	0.0
3072	32725	0.0	0.0	0.0	0.0
3072	32725	0.0	0.0	0.0	0.0
3072	32725	0.0	0.0	0.0	0.0
3072	32725	0.0	0.0	0.0	0.0
3072	32725	0.0	0.0	0.0	0.0
3072	32725	0.0	0.0	0.0	0.0
3072	32725	0.0	0.0	0.0	0.0
3072	32725	0.0	0.0	0.0	0.0
3072	32725	0.0	0.0	0.0	0.0
3072	32725	0.0	0.0	0.0	0.0
3072	32725	0.0	0.0	0.0	0.0
3072	32725	0.0	0.0	0.0	0.0
3072	32725	0.0	0.0	0.0	0.0
3072	32725	0.0	0.0	0.0	0.0
3072	32725	0.0	0.0	0.0	0.0
3072	32725	0.0	0.0	0.0	0.0
3072	32725	0.0	0.0	0.0	0.0
3072	32725	0.0	0.0	0.0	0.0
3072	32725	0.0	0.0	0.0	0.0
3072	32725	0.0	0.0	0.0	0.0
3072	32725	0.0	0.0	0.0	0.0
3072	32725	0.0	0.0	0.0	0.0
3072	32725	0.0	0.0	0.0	0.0
3072	32725	0.0	0.0	0.0	0.0
3072	32725	0.0	0.0	0.0	0.0
3072	32725	0.0	0.0	0.0	0.0
3072	32725	0.0	0.0	0.0	0.0
3072	32725	0.0	0.0	0.0	0.0
3072	32725	0.0	0.0	0.0	0.0
3072	32725	0.0	0.0	0.0	0.0
3072	32725	0.0	0.0	0.0	0.0
3072	32725	0.0	0.0	0.0	0.0
3072	32725	0.0	0.0	0.0	0.0
3072	32725	0.0	0.0	0.0	0.0
3072	32725	0.0	0.0	0.0	0.0
3072	32725	0.0	0.0	0.0	0.0
3072	32725	0.0	0.0	0.0	0.0
3072	32725	0.0	0.0	0.0	0.0
3072	32725	0.0	0.0	0.0	0.0
3072	32738	0.477	0.0	0.0	0.0
3072	32738	0.164	0.274	0.203	0.11
3072	32738	0.085	0.36	0.524	0.445
3072	32738	0.137	0.079	0.164	0.216
3072	32738	0.073	0.262	0.399	0.335
3072	32738	0.101	0.506	0.579	0.607
3072	32738	0.132	0.09	0.191	0.222
3072	32738	0.105	0.047	0.179	0.152
3072	32738	0.12	0.112	0.217	0.232
3072	32738	0.105	0.079	0.199	0.184
3072	32738	0.084	0.078	0.183	0.162
3072	32738	0.08	0.271	0.355	0.351
3072	32738	0.109	0.141	0.221	0.25
3072	32738	0.115	0.415	0.524	0.53
3072	32738	0.157	0.125	0.24	0.282
3072	32738	0.158	0.031	0.188	0.189
3072	32738	0.062	0.46	0.618	0.522
3072	32738	0.118	0.051	0.113	0.169
3072	32738	0.118	0.37	0.488	0.488
3072	32738	0.066	0.11	0.228	0.176
3072	32738	0.124	0.156	0.222	0.28
3072	32738	0.099	0.203	0.327	0.302
3072	32738	0.102	0.125	0.224	0.227
3072	32738	0.095	0.295	0.397	0.39
3072	32738	0.083	0.125	0.22	0.208
3072	32738	0.102	0.332	0.415	0.434
3072	32738	0.093	0.075	0.177	0.168
3072	32738	0.137	0.109	0.202	0.246
3072	32738	0.105	0.237	0.374	0.342
3072	32738	0.105	0.313	0.418	0.418
3072	32738	0.082	0.183	0.288	0.265
3072	32738	0.09	0.121	0.203	0.211
3072	32738	0.12	0.219	0.309	0.339
3072	32738	0.122	0.078	0.198	0.2
3072	32738	0.121	0.063	0.185	0.184
3072	32738	0.099	0.486	0.607	0.585
3072	32738	0.08	0.229	0.328	0.309
3072	32738	0.146	0.171	0.251	0.317
3072	32738	0.081	0.094	0.24	0.175
3072	32738	0.093	0.391	0.472	0.484
3072	32738	0.09	0.125	0.218	0.215
3072	32738	0.068	0.41	0.5	0.478
3072	32738	0.0	0.0	0.0	0.0
3072	32738	0.0	0.0	0.0	0.0
3072	32738	0.0	0.0	0.0	0.0
3072	32738	0.0	0.0	0.0	0.0
3072	32738	0.0	0.0	0.0	0.0
3072	32738	0.0	0.0	0.0	0.0
3072	32738	0.0	0.0	0.0	0.0
3072	32738	0.0	0.0	0.0	0.0
3072	32738	0.0	0.0	0.0	0.0
3072	32738	0.0	0.0	0.0	0.0
3072	32738	0.0	0.0	0.0	0.0
3072	32738	0.0	0.0	0.0	0.0
3072	32738	0.0	0.0	0.0	0.0
3072	32738	0.0	0.0	0.0	0.0
3072	32738	0.0	0.0	0.0	0.0
3072	32738	0.0	0.0	0.0	0.0
3072	32738	0.0	0.0	0.0	0.0
3072	32738	0.0	0.0	0.0	0.0
3072	32738	0.0	0.0	0.0	0.0
3072	32738	0.0	0.0	0.0	0.0
3072	32738	0.0	0.0	0.0	0.0
3072	32738	0.0	0.0	0.0	0.0
3072	32738	0.0	0.0	0.0	0.0
3072	32738	0.0	0.0	0.0	0.0
3072	32738	0.0	0.0	0.0	0.0
3072	32738	0.0	0.0	0.0	0.0
3072	32738	0.0	0.0	0.0	0.0
3072	32738	0.0	0.0	0.0	0.0
3072	32762	0.224	0.0	0.0	0.0
3072	32762	0.103	0.071	0.153	0.032
3072	32762	0.131	0.515	0.618	0.646
3072	32762	0.106	0.079	0.21	0.185
3072	32762	0.107	0.272	0.378	0.379
3072	32762	0.079	0.178	0.285	0.257
3072	32762	0.091	0.125	0.204	0.216
3072	32762	0.066	0.484	0.575	0.55
3072	32762	0.127	0.047	0.113	0.174
3072	32762	0.084	0.109	0.236	0.193
3072	32762	0.165	0.063	0.147	0.228
3072	32762	0.144	1.106	1.271	1.25
3072	32762	0.11	0.376	0.52	0.486
3072	32762	0.104	0.063	0.173	0.167
3072	32762	0.106	0.338	0.442	0.444
3072	32762	0.126	0.097	0.203	0.223
3072	32762	0.075	0.094	0.22	0.169
3072	32762	0.073	0.203	0.278	0.276
3072	32762	0.108	0.964	1.037	1.072
3072	32762	0.062	0.078	0.186	0.14
3072	32762	0.084	0.361	0.423	0.445
3072	32762	0.107	0.183	0.267	0.29
3072	32762	0.101	0.541	0.648	0.642
3072	32762	0.13	0.219	0.32	0.349
3072	32762	0.125	0.358	0.488	0.483
3072	32762	0.121	0.046	0.171	0.167
3072	32762	0.121	0.011	0.132	0.132
3072	32762	0.131	0.487	0.608	0.618
3072	32762	0.125	0.125	0.256	0.25
3072	32762	0.061	0.109	0.234	0.17
3072	32762	0.121	0.125	0.186	0.246
3072	32762	0.095	1.756	1.877	1.851
3072	32762	0.119	0.063	0.158	0.182
3072	32762	0.118	0.109	0.228	0.227
3072	32762	0.109	0.109	0.227	0.218
3072	32762	0.146	0.092	0.201	0.238
3072	32762	0.079	0.642	0.788	0.721
3072	32762	0.12	0.125	0.204	0.245
3072	32762	0.098	0.972	1.092	1.07
3072	32762	0.088	1.097	1.195	1.185
3072	32762	0.114	0.109	0.197	0.223
3072	32762	0.268	0.379	0.493	0.647
3072	32762	0.055	0.109	0.377	0.164
3072	32762	0.076	0.157	0.212	0.233
3072	32762	0.065	0.078	0.154	0.143
3072	32762	0.111	0.109	0.174	0.22
3072	32762	0.156	0.868	0.979	1.024
3072	32762	0.142	0.052	0.104	0.09
3072	32762	0.166	0.25	0.392	0.416
3072	32762	0.216	0.063	0.229	0.279
3072	32762	0.147	0.03	0.186	0.117
3072	32762	0.117	0.416	0.563	0.533
3072	32762	0.127	0.031	0.148	0.158
3072	32762	0.103	1.748	1.875	1.851
3072	32762	0.129	0.078	0.181	0.207
3072	32762	0.107	0.147	0.276	0.254
3072	32762	0.098	0.091	0.198	0.189
3072	32762	0.095	0.706	0.804	0.801
3072	32762	0.189	0.094	0.189	0.283
3072	32762	0.108	0.061	0.128	0.047
3072	32762	0.093	0.836	0.944	0.929
3072	32762	0.109	0.062	0.155	0.171
3072	32762	0.088	0.581	0.69	0.669
3072	32762	0.029	0.124	0.212	0.153
3072	32762	0.073	1.435	1.464	1.508
3072	32762	0.101	0.086	0.159	0.187
3072	32762	0.08	0.389	0.49	0.469
3072	32762	0.123	0.125	0.205	0.248
3072	32762	0.129	0.737	0.86	0.866
3072	32762	0.149	0.109	0.238	0.258
3072	32821	0.474	0.0	0.0	0.0
3072	32821	0.084	0.224	0.25	0.14
3072	32821	0.136	1.684	1.768	1.82
3072	32821	0.122	0.047	0.183	0.169
3072	32821	0.135	0.156	0.278	0.291
3072	32821	0.124	0.11	0.245	0.234
3072	32821	0.135	0.107	0.231	0.242
3072	32821	0.108	1.126	1.261	1.234
3072	32821	0.189	0.078	0.186	0.267
3072	32821	0.126	0.013	0.176	0.113
3072	32821	0.111	0.265	0.391	0.376
3072	32821	0.147	0.058	0.169	0.205
3072	32821	0.098	1.224	1.371	1.322
3072	32821	0.177	0.511	0.609	0.688
3072	32821	0.15	0.026	0.151	0.124
3072	32821	0.138	0.156	0.306	0.294
3072	32821	0.138	0.064	0.074	0.074
3072	32821	0.134	0.448	0.586	0.582
3072	32821	0.135	0.016	0.15	0.151
3072	32821	0.082	0.172	0.307	0.254
3072	32821	0.098	0.078	0.16	0.176
3072	32821	0.121	0.302	0.4	0.423
3072	32821	0.089	1.23	1.351	1.319
3072	32821	0.108	0.11	0.199	0.218
3072	32821	0.099	0.114	0.222	0.213
3072	32821	0.166	0.363	0.462	0.529
3072	32821	0.092	0.078	0.244	0.17
3072	32821	0.135	0.063	0.155	0.198
3072	32821	0.11	0.125	0.26	0.235
3072	32821	0.125	0.051	0.161	0.176
3072	32821	0.109	0.359	0.484	0.468
3072	32821	0.163	0.076	0.185	0.239
3072	32821	0.152	0.022	0.141	0.13
3072	32821	0.093	0.863	1.015	0.956
3072	32821	0.0	0.0	0.0	0.0
3072	32821	0.0	0.0	0.0	0.0
3072	32821	0.0	0.0	0.0	0.0
3072	32821	0.0	0.0	0.0	0.0
3072	32821	0.0	0.0	0.0	0.0
3072	32821	0.0	0.0	0.0	0.0
3072	32821	0.0	0.0	0.0	0.0
3072	32821	0.0	0.0	0.0	0.0
3072	32821	0.0	0.0	0.0	0.0
3072	32821	0.0	0.0	0.0	0.0
3072	32821	0.0	0.0	0.0	0.0
3072	32821	0.0	0.0	0.0	0.0
3072	32821	0.0	0.0	0.0	0.0
3072	32821	0.0	0.0	0.0	0.0
3072	32821	0.0	0.0	0.0	0.0
3072	32821	0.0	0.0	0.0	0.0
3072	32821	0.0	0.0	0.0	0.0
3072	32821	0.0	0.0	0.0	0.0
3072	32821	0.0	0.0	0.0	0.0
3072	32821	0.0	0.0	0.0	0.0
3072	32821	0.0	0.0	0.0	0.0
3072	32821	0.0	0.0	0.0	0.0
3072	32821	0.0	0.0	0.0	0.0
3072	32821	0.0	0.0	0.0	0.0
3072	32821	0.0	0.0	0.0	0.0
3072	32821	0.0	0.0	0.0	0.0
3072	32821	0.0	0.0	0.0	0.0
3072	32821	0.0	0.0	0.0	0.0
3072	32821	0.0	0.0	0.0	0.0
3072	32821	0.0	0.0	0.0	0.0
3072	32821	0.0	0.0	0.0	0.0
3072	32821	0.0	0.0	0.0	0.0
3072	32821	0.0	0.0	0.0	0.0
3072	32821	0.0	0.0	0.0	0.0
3072	32821	0.0	0.0	0.0	0.0
3072	32821	0.0	0.0	0.0	0.0
3072	32846	0.494	0.0	0.0	0.0
3072	32846	0.155	0.236	0.258	0.081
3072	32846	0.132	0.422	0.577	0.554
3072	32846	0.098	0.281	0.413	0.379
3072	32846	0.123	0.157	0.255	0.28
3072	32846	0.143	0.156	0.279	0.299
3072	32846	0.154	0.011	0.154	0.165
3072	32846	0.125	0.047	0.201	0.172
3072	32846	0.122	0.577	0.702	0.699
3072	32846	0.184	0.478	0.6	0.662
3072	32846	0.174	0.024	0.16	0.15
3072	32846	0.1	0.222	0.396	0.322
3072	32846	0.132	0.104	0.204	0.236
3072	32846	0.111	1.186	1.318	1.297
3072	32846	0.122	0.094	0.205	0.216
3072	32846	0.17	0.141	0.263	0.311
3072	32846	0.169	0.029	0.141	0.14
3072	32846	0.106	0.108	0.277	0.214
3072	32846	0.09	0.347	0.453	0.437
3072	32846	0.098	0.509	0.599	0.607
3072	32846	0.144	0.094	0.192	0.238
3072	32846	0.118	1.019	1.163	1.137
3072	32846	0.105	0.093	0.211	0.198
3072	32846	0.132	0.368	0.473	0.5
3072	32846	0.134	0.016	0.148	0.15
3072	32846	0.091	0.694	0.828	0.785
3072	32846	0.148	0.031	0.122	0.179
3072	32846	0.096	0.058	0.206	0.154
3072	32846	0.113	0.503	0.599	0.616
3072	32846	0.139	0.109	0.222	0.248
3072	32846	0.087	0.716	0.855	0.803
3072	32846	0.106	0.375	0.462	0.481
3072	32846	0.09	0.246	0.352	0.336
3072	32846	0.151	0.078	0.168	0.229
3072	32846	0.136	0.157	0.308	0.293
3072	32846	0.157	0.109	0.245	0.266
3072	32846	0.117	1.026	1.183	1.143
3072	32846	0.131	0.135	0.252	0.266
3072	32846	0.105	0.047	0.178	0.152
3072	32846	0.063	0.517	0.622	0.58
3072	32846	0.103	0.217	0.28	0.32
3072	32846	0.105	0.229	0.332	0.334
3072	32846	0.147	0.026	0.131	0.173
3072	32846	0.173	0.046	0.193	0.219
3072	32846	0.118	0.771	0.944	0.889
3072	32846	0.133	0.533	0.651	0.666
3072	32846	0.122	0.295	0.428	0.417
3072	32846	0.074	0.658	0.78	0.732
3072	32846	0.045	0.055	0.019	0.01
3072	32846	0.117	0.258	0.303	0.375
3072	32846	0.109	0.138	0.255	0.247
3072	32846	0.113	0.094	0.203	0.207
3072	32846	0.093	0.691	0.804	0.784
3072	32846	0.112	0.172	0.265	0.284
3072	32846	0.095	0.121	0.233	0.216
3072	32846	0.074	0.4	0.495	0.474
3072	32846	0.136	0.138	0.212	0.274
3072	32846	0.119	0.031	0.167	0.15
3072	32846	0.083	0.187	0.306	0.27
3072	32846	0.081	1.024	1.107	1.105
3072	32846	0.0	0.0	0.0	0.0
3072	32846	0.0	0.0	0.0	0.0
3072	32846	0.0	0.0	0.0	0.0
3072	32846	0.0	0.0	0.0	0.0
3072	32846	0.0	0.0	0.0	0.0
3072	32846	0.0	0.0	0.0	0.0
3072	32846	0.0	0.0	0.0	0.0
3072	32846	0.0	0.0	0.0	0.0
3072	32846	0.0	0.0	0.0	0.0
3072	32846	0.0	0.0	0.0	0.0
