PARTICIPANT_ID	TEST_SECTION_ID	HOLD_LATENCY	INTERKEY_LATENCY	PRESS_LATENCY	RELEASE_LATENCY
3523	37254	0.223	0.0	0.0	0.0
3523	37254	0.167	0.055	0.168	0.112
3523	37254	0.143	0.087	0.08	0.056
3523	37254	0.168	0.023	0.12	0.145
3523	37254	0.129	0.033	0.135	0.096
3523	37254	0.136	0.056	0.185	0.192
3523	37254	0.151	0.024	0.112	0.127
3523	37254	0.135	0.014	0.137	0.121
3523	37254	0.144	0.048	0.087	0.096
3523	37254	0.119	0.008	0.152	0.127
3523	37254	0.128	0.047	0.072	0.081
3523	37254	0.12	0.04	0.168	0.16
3523	37254	0.144	0.016	0.136	0.16
3523	37254	0.111	0.001	0.145	0.112
3523	37254	0.183	0.136	0.247	0.319
3523	37254	0.144	0.007	0.176	0.137
3523	37254	0.08	0.152	0.296	0.232
3523	37254	0.152	0.232	0.312	0.384
3523	37254	0.097	0.135	0.287	0.232
3523	37254	0.096	0.128	0.225	0.224
3523	37254	0.159	0.088	0.184	0.247
3523	37254	0.103	0.017	0.176	0.12
3523	37254	0.223	0.065	0.168	0.288
3523	37254	0.137	0.04	0.183	0.097
3523	37254	0.135	0.088	0.225	0.223
3523	37254	0.144	0.072	0.207	0.216
3523	37254	0.175	0.087	0.057	0.088
3523	37254	0.073	0.016	0.191	0.089
3523	37254	0.135	0.0	0.073	0.135
3523	37254	0.12	0.024	0.159	0.144
3523	37254	0.152	0.08	0.2	0.232
3523	37254	0.151	0.055	0.097	0.096
3523	37254	0.152	0.024	0.175	0.176
3523	37254	0.096	0.128	0.28	0.224
3523	37254	0.185	0.352	0.448	0.537
3523	37254	0.127	0.0	0.185	0.127
3523	37254	0.176	0.032	0.159	0.208
3523	37254	0.184	0.088	0.264	0.272
3523	37254	0.168	0.128	0.312	0.296
3523	37254	0.136	0.032	0.136	0.104
3523	37254	0.184	0.032	0.168	0.216
3523	37254	0.136	0.056	0.128	0.08
3523	37254	0.152	0.048	0.184	0.2
3523	37254	0.145	0.015	0.167	0.16
3523	37254	0.136	0.368	0.513	0.504
3523	37254	0.12	0.352	0.488	0.472
3523	37254	0.0	0.0	0.0	0.0
3523	37254	0.0	0.0	0.0	0.0
3523	37254	0.0	0.0	0.0	0.0
3523	37254	0.0	0.0	0.0	0.0
3523	37254	0.0	0.0	0.0	0.0
3523	37254	0.0	0.0	0.0	0.0
3523	37254	0.0	0.0	0.0	0.0
3523	37254	0.0	0.0	0.0	0.0
3523	37254	0.0	0.0	0.0	0.0
3523	37254	0.0	0.0	0.0	0.0
3523	37254	0.0	0.0	0.0	0.0
3523	37254	0.0	0.0	0.0	0.0
3523	37254	0.0	0.0	0.0	0.0
3523	37254	0.0	0.0	0.0	0.0
3523	37254	0.0	0.0	0.0	0.0
3523	37254	0.0	0.0	0.0	0.0
3523	37254	0.0	0.0	0.0	0.0
3523	37254	0.0	0.0	0.0	0.0
3523	37254	0.0	0.0	0.0	0.0
3523	37254	0.0	0.0	0.0	0.0
3523	37254	0.0	0.0	0.0	0.0
3523	37254	0.0	0.0	0.0	0.0
3523	37254	0.0	0.0	0.0	0.0
3523	37254	0.0	0.0	0.0	0.0
3523	37272	0.198	0.0	0.0	0.0
3523	37272	0.157	0.085	0.113	0.072
3523	37272	0.159	0.249	0.406	0.408
3523	37272	0.087	0.225	0.384	0.312
3523	37272	0.096	0.072	0.159	0.168
3523	37272	0.135	0.057	0.153	0.192
3523	37272	0.184	0.088	0.223	0.272
3523	37272	0.224	0.04	0.144	0.184
3523	37272	0.103	0.047	0.177	0.056
3523	37272	0.16	0.168	0.271	0.328
3523	37272	0.159	0.055	0.105	0.104
3523	37272	0.128	0.032	0.191	0.16
3523	37272	0.175	0.121	0.249	0.296
3523	37272	0.193	0.04	0.135	0.153
3523	37272	0.168	0.041	0.152	0.127
3523	37272	0.16	0.024	0.192	0.184
3523	37272	0.144	0.056	0.104	0.088
3523	37272	0.136	0.024	0.12	0.112
3523	37272	0.144	0.04	0.096	0.104
3523	37272	0.143	0.001	0.145	0.144
3523	37272	0.143	0.08	0.223	0.223
3523	37272	0.168	0.031	0.112	0.137
3523	37272	0.176	0.064	0.104	0.112
3523	37272	0.2	0.016	0.16	0.184
3523	37272	0.16	0.256	0.456	0.416
3523	37272	0.112	0.016	0.144	0.096
3523	37272	0.096	0.096	0.208	0.192
3523	37272	0.119	0.136	0.232	0.255
3523	37272	0.096	0.057	0.176	0.153
3523	37272	0.119	0.448	0.544	0.567
3523	37272	0.088	0.007	0.112	0.081
3523	37272	0.131	0.055	0.143	0.186
3523	37272	0.152	0.034	0.097	0.118
3523	37272	0.144	0.016	0.168	0.16
3523	37272	0.119	0.08	0.224	0.199
3523	37272	0.0	0.0	0.0	0.0
3523	37272	0.0	0.0	0.0	0.0
3523	37272	0.0	0.0	0.0	0.0
3523	37272	0.0	0.0	0.0	0.0
3523	37272	0.0	0.0	0.0	0.0
3523	37272	0.0	0.0	0.0	0.0
3523	37272	0.0	0.0	0.0	0.0
3523	37272	0.0	0.0	0.0	0.0
3523	37272	0.0	0.0	0.0	0.0
3523	37272	0.0	0.0	0.0	0.0
3523	37272	0.0	0.0	0.0	0.0
3523	37272	0.0	0.0	0.0	0.0
3523	37272	0.0	0.0	0.0	0.0
3523	37272	0.0	0.0	0.0	0.0
3523	37272	0.0	0.0	0.0	0.0
3523	37272	0.0	0.0	0.0	0.0
3523	37272	0.0	0.0	0.0	0.0
3523	37272	0.0	0.0	0.0	0.0
3523	37272	0.0	0.0	0.0	0.0
3523	37272	0.0	0.0	0.0	0.0
3523	37272	0.0	0.0	0.0	0.0
3523	37272	0.0	0.0	0.0	0.0
3523	37272	0.0	0.0	0.0	0.0
3523	37272	0.0	0.0	0.0	0.0
3523	37272	0.0	0.0	0.0	0.0
3523	37272	0.0	0.0	0.0	0.0
3523	37272	0.0	0.0	0.0	0.0
3523	37272	0.0	0.0	0.0	0.0
3523	37272	0.0	0.0	0.0	0.0
3523	37272	0.0	0.0	0.0	0.0
3523	37272	0.0	0.0	0.0	0.0
3523	37272	0.0	0.0	0.0	0.0
3523	37272	0.0	0.0	0.0	0.0
3523	37272	0.0	0.0	0.0	0.0
3523	37272	0.0	0.0	0.0	0.0
3523	37288	0.296	0.0	0.0	0.0
3523	37288	0.232	0.104	0.192	0.128
3523	37288	0.168	0.048	0.184	0.12
3523	37288	0.143	0.001	0.169	0.144
3523	37288	0.158	0.041	0.184	0.199
3523	37288	0.159	0.049	0.207	0.208
3523	37288	0.159	0.081	0.24	0.24
3523	37288	0.176	0.047	0.112	0.129
3523	37288	0.136	0.064	0.112	0.072
3523	37288	0.184	0.048	0.088	0.136
3523	37288	0.152	0.04	0.224	0.192
3523	37288	0.137	0.041	0.111	0.096
3523	37288	0.16	0.032	0.105	0.128
3523	37288	0.104	0.064	0.096	0.04
3523	37288	0.569	0.063	0.167	0.632
3523	37288	0.136	0.464	0.105	0.328
3523	37288	0.201	0.128	0.264	0.329
3523	37288	0.104	0.103	0.304	0.207
3523	37288	0.088	0.192	0.296	0.28
3523	37288	0.112	0.064	0.152	0.176
3523	37288	0.24	0.096	0.016	0.144
3523	37288	0.184	0.136	0.104	0.048
3523	37288	0.153	0.048	0.232	0.201
3523	37288	0.112	0.263	0.416	0.375
3523	37288	0.128	0.08	0.192	0.208
3523	37288	0.151	0.024	0.104	0.127
3523	37288	0.177	0.008	0.143	0.169
3523	37288	0.161	0.065	0.112	0.096
3523	37288	0.151	0.001	0.162	0.152
3523	37288	0.128	0.08	0.071	0.048
3523	37288	0.136	0.087	0.215	0.223
3523	37288	0.159	0.039	0.097	0.12
3523	37288	0.136	0.039	0.12	0.097
3523	37288	0.119	0.008	0.128	0.111
3523	37288	0.143	0.039	0.08	0.104
3523	37288	0.151	0.023	0.12	0.128
3523	37288	0.152	0.015	0.136	0.137
3523	37288	0.12	0.017	0.135	0.103
3523	37288	0.208	0.001	0.121	0.209
3523	37288	0.127	0.072	0.136	0.055
3523	37288	0.121	0.096	0.223	0.217
3523	37288	0.168	0.063	0.184	0.231
3523	37288	0.152	0.08	0.088	0.072
3523	37288	0.087	0.009	0.161	0.096
3523	37288	0.128	0.272	0.359	0.4
3523	37288	0.12	0.44	0.568	0.56
3523	37288	0.095	0.113	0.233	0.208
3523	37288	0.216	0.304	0.399	0.52
3523	37288	0.224	0.144	0.072	0.08
3523	37288	0.112	0.2	0.424	0.312
3523	37288	0.08	0.08	0.192	0.16
3523	37288	0.144	0.944	1.024	1.088
3523	37288	0.272	0.04	0.104	0.232
3523	37288	0.144	0.104	0.168	0.04
3523	37288	0.0	0.0	0.0	0.0
3523	37288	0.0	0.0	0.0	0.0
3523	37288	0.0	0.0	0.0	0.0
3523	37288	0.0	0.0	0.0	0.0
3523	37288	0.0	0.0	0.0	0.0
3523	37288	0.0	0.0	0.0	0.0
3523	37288	0.0	0.0	0.0	0.0
3523	37288	0.0	0.0	0.0	0.0
3523	37288	0.0	0.0	0.0	0.0
3523	37288	0.0	0.0	0.0	0.0
3523	37288	0.0	0.0	0.0	0.0
3523	37288	0.0	0.0	0.0	0.0
3523	37288	0.0	0.0	0.0	0.0
3523	37288	0.0	0.0	0.0	0.0
3523	37288	0.0	0.0	0.0	0.0
3523	37288	0.0	0.0	0.0	0.0
3523	37311	0.392	0.0	0.0	0.0
3523	37311	0.16	0.152	0.24	0.008
3523	37311	0.169	0.048	0.112	0.121
3523	37311	0.119	0.024	0.145	0.095
3523	37311	0.151	0.025	0.144	0.176
3523	37311	0.162	0.055	0.096	0.107
3523	37311	0.119	0.034	0.128	0.085
3523	37311	0.145	0.104	0.223	0.249
3523	37311	0.168	0.159	0.304	0.327
3523	37311	0.151	0.023	0.145	0.128
3523	37311	0.135	0.009	0.16	0.144
3523	37311	0.112	0.288	0.423	0.4
3523	37311	0.128	0.12	0.232	0.248
3523	37311	0.08	0.56	0.688	0.64
3523	37311	0.152	0.08	0.16	0.232
3523	37311	0.137	0.016	0.168	0.153
3523	37311	0.115	0.004	0.141	0.119
3523	37311	0.144	0.024	0.091	0.12
3523	37311	0.103	0.001	0.145	0.104
3523	37311	0.127	0.024	0.127	0.151
3523	37311	0.128	0.073	0.2	0.201
3523	37311	0.152	0.104	0.024	0.048
3523	37311	0.129	0.095	0.247	0.224
3523	37311	0.167	0.024	0.153	0.191
3523	37311	0.168	0.033	0.2	0.201
3523	37311	0.128	0.128	0.296	0.256
3523	37311	0.13	0.024	0.152	0.154
3523	37311	0.144	0.026	0.104	0.118
3523	37311	0.129	0.071	0.215	0.2
3523	37311	0.143	0.032	0.161	0.175
3523	37311	0.136	0.039	0.104	0.097
3523	37311	0.127	0.016	0.12	0.111
3523	37311	0.117	0.048	0.079	0.069
3523	37311	0.192	0.332	0.449	0.524
3523	37311	0.176	0.104	0.088	0.072
3523	37311	0.17	0.12	0.296	0.29
3523	37311	0.143	0.034	0.136	0.109
3523	37311	0.119	0.065	0.208	0.184
3523	37311	0.096	0.121	0.24	0.217
3523	37311	0.176	0.072	0.168	0.248
3523	37311	0.151	0.048	0.224	0.199
3523	37311	0.167	0.129	0.28	0.296
3523	37311	0.105	0.048	0.119	0.057
3523	37311	0.167	0.28	0.385	0.447
3523	37311	0.143	0.031	0.136	0.112
3523	37311	0.151	0.033	0.176	0.184
3523	37311	0.112	0.113	0.264	0.225
3523	37311	0.128	0.119	0.231	0.247
3523	37311	0.136	0.04	0.168	0.176
3523	37311	0.152	0.056	0.08	0.096
3523	37311	0.112	0.016	0.168	0.128
3523	37311	0.2	0.032	0.08	0.168
3523	37311	0.104	0.048	0.152	0.056
3523	37311	0.144	0.12	0.224	0.264
3523	37311	0.16	0.032	0.112	0.128
3523	37311	0.175	0.072	0.088	0.103
3523	37311	0.169	0.031	0.144	0.138
3523	37311	0.12	0.033	0.136	0.087
3523	37311	0.128	0.088	0.208	0.216
3523	37311	0.12	0.016	0.112	0.104
3523	37311	0.144	0.112	0.232	0.256
3523	37311	0.152	0.12	0.264	0.272
3523	37311	0.152	0.016	0.168	0.168
3523	37311	0.168	0.208	0.36	0.376
3523	37311	0.128	0.064	0.104	0.064
3523	37311	0.152	0.048	0.176	0.2
3523	37311	0.111	0.001	0.153	0.112
3523	37311	0.136	0.272	0.383	0.408
3523	37311	0.0	0.0	0.0	0.0
3523	37311	0.0	0.0	0.0	0.0
3523	37332	0.495	0.0	0.0	0.0
3523	37332	0.191	0.175	0.32	0.016
3523	37332	0.136	0.095	0.096	0.041
3523	37332	0.112	0.032	0.168	0.144
3523	37332	0.103	0.088	0.2	0.191
3523	37332	0.199	0.025	0.128	0.224
3523	37332	0.239	0.071	0.128	0.168
3523	37332	0.247	0.071	0.168	0.176
3523	37332	0.135	0.009	0.256	0.144
3523	37332	0.2	0.08	0.215	0.28
3523	37332	0.128	0.08	0.28	0.208
3523	37332	0.128	0.312	0.44	0.44
3523	37332	0.327	0.032	0.16	0.359
3523	37332	0.198	0.182	0.145	0.016
3523	37332	0.224	0.055	0.143	0.169
3523	37332	0.224	0.104	0.12	0.12
3523	37332	0.216	0.048	0.176	0.168
3523	37332	0.104	0.184	0.4	0.288
3523	37332	0.049	0.096	0.2	0.145
3523	37332	0.104	0.095	0.144	0.199
3523	37332	0.192	0.0	0.104	0.192
3523	37332	0.184	0.112	0.08	0.072
3523	37332	0.216	0.088	0.096	0.128
3523	37332	0.206	0.062	0.154	0.144
3523	37332	0.087	0.016	0.222	0.103
3523	37332	0.096	0.465	0.552	0.561
3523	37332	0.105	0.063	0.159	0.168
3523	37332	0.128	0.136	0.241	0.264
3523	37332	0.16	0.024	0.104	0.136
3523	37332	0.12	0.064	0.224	0.184
3523	37332	0.131	0.009	0.111	0.122
3523	37332	0.107	0.051	0.182	0.158
3523	37332	0.136	0.072	0.179	0.208
3523	37332	0.104	0.016	0.152	0.12
3523	37332	0.129	0.087	0.191	0.216
3523	37332	0.128	0.048	0.177	0.176
3523	37332	0.128	0.032	0.16	0.16
3523	37332	0.12	0.016	0.144	0.136
3523	37332	0.112	0.024	0.144	0.136
3523	37332	0.095	0.088	0.2	0.183
3523	37332	0.143	0.081	0.176	0.224
3523	37332	0.128	0.025	0.168	0.153
3523	37332	0.127	0.016	0.112	0.111
3523	37332	0.135	0.023	0.104	0.112
3523	37332	0.127	0.031	0.104	0.096
3523	37332	0.12	0.024	0.103	0.096
3523	37332	0.199	0.049	0.169	0.248
3523	37332	0.199	0.063	0.136	0.136
3523	37332	0.199	0.047	0.152	0.152
3523	37332	0.151	0.063	0.136	0.088
3523	37332	0.167	0.209	0.36	0.376
3523	37332	0.119	0.177	0.344	0.296
3523	37332	0.119	0.017	0.136	0.136
3523	37332	0.224	0.032	0.087	0.192
3523	37332	0.208	0.08	0.144	0.128
3523	37332	0.152	0.032	0.24	0.184
3523	37332	0.16	0.016	0.168	0.176
3523	37332	0.112	0.168	0.328	0.28
3523	37332	0.168	0.12	0.232	0.288
3523	37332	0.198	0.039	0.129	0.159
3523	37332	0.168	0.031	0.167	0.137
3523	37332	0.144	0.032	0.136	0.112
3523	37332	0.16	0.0	0.144	0.16
3523	37332	0.136	0.016	0.144	0.12
3523	37332	0.112	0.016	0.12	0.096
3523	37332	0.12	0.064	0.176	0.184
3523	37332	0.12	0.04	0.16	0.16
3523	37332	0.12	0.048	0.168	0.168
3523	37332	0.104	0.032	0.152	0.136
3523	37332	0.144	0.016	0.088	0.128
3523	37355	0.264	0.0	0.0	0.0
3523	37355	0.16	0.128	0.136	0.032
3523	37355	0.144	0.016	0.144	0.128
3523	37355	0.136	0.224	0.368	0.36
3523	37355	0.183	0.288	0.424	0.471
3523	37355	0.128	0.009	0.192	0.137
3523	37355	0.118	0.106	0.234	0.224
3523	37355	0.15	0.001	0.119	0.151
3523	37355	0.12	0.039	0.111	0.081
3523	37355	0.144	0.04	0.08	0.104
3523	37355	0.152	0.04	0.184	0.192
3523	37355	0.16	0.072	0.08	0.088
3523	37355	0.12	0.016	0.144	0.104
3523	37355	0.136	0.016	0.104	0.12
3523	37355	0.104	0.096	0.232	0.2
3523	37355	0.123	0.032	0.136	0.155
3523	37355	0.136	0.027	0.096	0.109
3523	37355	0.152	0.032	0.104	0.12
3523	37355	0.144	0.08	0.232	0.224
3523	37355	0.199	0.088	0.232	0.287
3523	37355	0.167	0.095	0.104	0.072
3523	37355	0.152	0.031	0.136	0.121
3523	37355	0.184	0.024	0.128	0.16
3523	37355	0.152	0.096	0.28	0.248
3523	37355	0.159	0.016	0.136	0.143
3523	37355	0.104	0.08	0.239	0.184
3523	37355	0.096	0.072	0.176	0.168
3523	37355	0.128	0.112	0.208	0.24
3523	37355	0.0	0.0	0.0	0.0
3523	37355	0.0	0.0	0.0	0.0
3523	37355	0.0	0.0	0.0	0.0
3523	37355	0.0	0.0	0.0	0.0
3523	37355	0.0	0.0	0.0	0.0
3523	37355	0.0	0.0	0.0	0.0
3523	37355	0.0	0.0	0.0	0.0
3523	37355	0.0	0.0	0.0	0.0
3523	37355	0.0	0.0	0.0	0.0
3523	37355	0.0	0.0	0.0	0.0
3523	37355	0.0	0.0	0.0	0.0
3523	37355	0.0	0.0	0.0	0.0
3523	37355	0.0	0.0	0.0	0.0
3523	37355	0.0	0.0	0.0	0.0
3523	37355	0.0	0.0	0.0	0.0
3523	37355	0.0	0.0	0.0	0.0
3523	37355	0.0	0.0	0.0	0.0
3523	37355	0.0	0.0	0.0	0.0
3523	37355	0.0	0.0	0.0	0.0
3523	37355	0.0	0.0	0.0	0.0
3523	37355	0.0	0.0	0.0	0.0
3523	37355	0.0	0.0	0.0	0.0
3523	37355	0.0	0.0	0.0	0.0
3523	37355	0.0	0.0	0.0	0.0
3523	37355	0.0	0.0	0.0	0.0
3523	37355	0.0	0.0	0.0	0.0
3523	37355	0.0	0.0	0.0	0.0
3523	37355	0.0	0.0	0.0	0.0
3523	37355	0.0	0.0	0.0	0.0
3523	37355	0.0	0.0	0.0	0.0
3523	37355	0.0	0.0	0.0	0.0
3523	37355	0.0	0.0	0.0	0.0
3523	37355	0.0	0.0	0.0	0.0
3523	37355	0.0	0.0	0.0	0.0
3523	37355	0.0	0.0	0.0	0.0
3523	37355	0.0	0.0	0.0	0.0
3523	37355	0.0	0.0	0.0	0.0
3523	37355	0.0	0.0	0.0	0.0
3523	37355	0.0	0.0	0.0	0.0
3523	37355	0.0	0.0	0.0	0.0
3523	37355	0.0	0.0	0.0	0.0
3523	37355	0.0	0.0	0.0	0.0
3523	37367	0.383	0.0	0.0	0.0
3523	37367	0.184	0.088	0.295	0.096
3523	37367	0.159	0.041	0.225	0.2
3523	37367	0.128	0.024	0.135	0.104
3523	37367	0.12	0.016	0.112	0.104
3523	37367	0.136	0.28	0.4	0.416
3523	37367	0.136	0.336	0.472	0.472
3523	37367	0.112	0.064	0.2	0.176
3523	37367	0.104	0.096	0.208	0.2
3523	37367	0.16	0.096	0.2	0.256
3523	37367	0.176	0.072	0.232	0.248
3523	37367	0.152	0.008	0.168	0.144
3523	37367	0.144	0.024	0.128	0.12
3523	37367	0.12	0.024	0.12	0.096
3523	37367	0.111	0.032	0.088	0.079
3523	37367	0.12	0.015	0.096	0.105
3523	37367	0.105	0.031	0.151	0.136
3523	37367	0.128	0.064	0.169	0.192
3523	37367	0.113	0.049	0.079	0.064
3523	37367	0.144	0.104	0.217	0.248
3523	37367	0.16	0.072	0.072	0.088
3523	37367	0.088	0.008	0.168	0.096
3523	37367	0.144	0.032	0.12	0.176
3523	37367	0.143	0.04	0.104	0.103
3523	37367	0.184	0.015	0.128	0.169
3523	37367	0.136	0.064	0.12	0.072
3523	37367	0.17	0.016	0.152	0.186
3523	37367	0.136	0.034	0.136	0.102
3523	37367	0.167	0.032	0.168	0.199
3523	37367	0.128	0.063	0.104	0.065
3523	37367	0.096	0.056	0.184	0.152
3523	37367	0.08	0.048	0.144	0.128
3523	37367	0.119	0.104	0.184	0.223
3523	37367	0.089	0.096	0.215	0.185
3523	37367	0.128	0.04	0.129	0.168
3523	37367	0.103	0.016	0.144	0.119
3523	37367	0.136	0.007	0.096	0.129
3523	37367	0.144	0.0	0.136	0.144
3523	37367	0.121	0.07	0.214	0.191
3523	37367	0.119	0.007	0.114	0.112
3523	37367	0.127	0.025	0.144	0.152
3523	37367	0.152	0.12	0.247	0.272
3523	37367	0.175	0.201	0.353	0.376
3523	37367	0.135	0.039	0.136	0.096
3523	37367	0.159	0.017	0.152	0.176
3523	37367	0.136	0.2	0.359	0.336
3523	37367	0.16	0.032	0.104	0.128
3523	37367	0.104	0.04	0.12	0.064
3523	37367	0.104	0.096	0.2	0.2
3523	37367	0.16	0.072	0.176	0.232
3523	37367	0.16	0.056	0.104	0.104
3523	37367	0.16	0.056	0.216	0.216
3523	37367	0.128	0.168	0.328	0.296
3523	37367	0.12	0.024	0.104	0.096
3523	37367	0.119	0.001	0.121	0.12
3523	37367	0.104	0.04	0.079	0.064
3523	37367	0.144	0.072	0.176	0.216
3523	37367	0.155	0.016	0.128	0.139
3523	37367	0.119	0.034	0.121	0.085
3523	37367	0.179	0.08	0.199	0.259
3523	37367	0.127	0.035	0.144	0.092
3523	37367	0.104	0.081	0.208	0.185
3523	37367	0.184	0.064	0.168	0.248
3523	37367	0.192	0.08	0.104	0.112
3523	37367	0.184	0.04	0.152	0.144
3523	37367	0.144	0.08	0.264	0.224
3523	37367	0.0	0.0	0.0	0.0
3523	37367	0.0	0.0	0.0	0.0
3523	37367	0.0	0.0	0.0	0.0
3523	37367	0.0	0.0	0.0	0.0
3523	37393	0.32	0.0	0.0	0.0
3523	37393	0.144	0.144	0.176	0.0
3523	37393	0.145	0.017	0.127	0.128
3523	37393	0.119	0.04	0.105	0.079
3523	37393	0.128	0.072	0.191	0.2
3523	37393	0.16	0.048	0.08	0.112
3523	37393	0.167	0.055	0.105	0.112
3523	37393	0.128	0.024	0.143	0.104
3523	37393	0.112	0.112	0.24	0.224
3523	37393	0.119	0.007	0.105	0.112
3523	37393	0.12	0.009	0.128	0.129
3523	37393	0.12	0.079	0.199	0.199
3523	37393	0.135	0.015	0.105	0.12
3523	37393	0.152	0.056	0.191	0.208
3523	37393	0.136	0.032	0.12	0.104
3523	37393	0.144	0.344	0.48	0.488
3523	37393	0.096	0.056	0.2	0.152
3523	37393	0.224	0.152	0.248	0.376
3523	37393	0.168	0.096	0.128	0.072
3523	37393	0.096	0.088	0.256	0.184
3523	37393	0.152	0.12	0.216	0.272
3523	37393	0.095	0.169	0.321	0.264
3523	37393	0.095	0.064	0.159	0.159
3523	37393	0.112	0.023	0.072	0.089
3523	37393	0.128	0.056	0.168	0.184
3523	37393	0.12	0.016	0.144	0.136
3523	37393	0.128	0.008	0.128	0.136
3523	37393	0.144	0.024	0.152	0.168
3523	37393	0.104	0.016	0.128	0.088
3523	37393	0.087	0.016	0.12	0.103
3523	37393	0.112	0.265	0.352	0.377
3523	37393	0.159	0.184	0.296	0.343
3523	37393	0.119	0.039	0.12	0.08
3523	37393	0.128	0.039	0.08	0.089
3523	37393	0.184	0.032	0.16	0.216
3523	37393	0.119	0.032	0.216	0.151
3523	37393	0.112	0.047	0.072	0.065
3523	37393	0.144	0.144	0.256	0.288
3523	37393	0.156	0.02	0.124	0.136
3523	37393	0.16	0.384	0.54	0.544
3523	37393	0.175	0.104	0.264	0.279
3523	37393	0.167	0.087	0.088	0.08
3523	37393	0.145	0.056	0.223	0.201
3523	37393	0.199	0.008	0.137	0.191
3523	37393	0.151	0.041	0.24	0.192
3523	37393	0.095	0.015	0.136	0.08
3523	37393	0.144	0.016	0.079	0.128
3523	37393	0.095	0.039	0.105	0.056
3523	37393	0.136	0.104	0.199	0.24
3523	37393	0.112	0.049	0.185	0.161
3523	37393	0.112	0.0	0.112	0.112
3523	37393	0.123	0.004	0.116	0.127
3523	37393	0.111	0.017	0.14	0.128
3523	37393	0.184	0.032	0.143	0.216
3523	37393	0.112	0.6	0.784	0.712
3523	37393	0.12	0.48	0.592	0.6
3523	37393	0.136	0.24	0.36	0.376
3523	37393	0.136	0.184	0.32	0.32
3523	37393	0.152	0.032	0.168	0.184
3523	37393	0.152	0.136	0.288	0.288
3523	37393	0.192	0.024	0.128	0.168
3523	37393	0.152	0.08	0.272	0.232
3523	37393	0.096	0.048	0.104	0.048
3523	37393	0.112	0.048	0.144	0.16
3523	37393	0.128	0.016	0.096	0.112
3523	37393	0.152	0.008	0.136	0.16
3523	37393	0.191	0.064	0.216	0.255
3523	37393	0.16	0.079	0.112	0.081
3523	37393	0.136	0.04	0.2	0.176
3523	37393	0.102	0.001	0.137	0.103
3523	37419	0.256	0.0	0.0	0.0
3523	37419	0.185	0.12	0.136	0.065
3523	37419	0.128	0.143	0.328	0.271
3523	37419	0.103	0.089	0.217	0.192
3523	37419	0.119	0.049	0.152	0.168
3523	37419	0.127	0.105	0.224	0.232
3523	37419	0.128	0.128	0.255	0.256
3523	37419	0.112	0.08	0.208	0.192
3523	37419	0.111	0.033	0.145	0.144
3523	37419	0.136	0.016	0.127	0.152
3523	37419	0.136	0.024	0.112	0.112
3523	37419	0.2	0.032	0.168	0.232
3523	37419	0.183	0.072	0.128	0.111
3523	37419	0.167	0.095	0.088	0.072
3523	37419	0.176	0.031	0.136	0.145
3523	37419	0.152	0.328	0.504	0.48
3523	37419	0.144	0.192	0.344	0.336
3523	37419	0.152	0.056	0.2	0.208
3523	37419	0.135	0.048	0.2	0.183
3523	37419	0.128	0.039	0.096	0.089
3523	37419	0.088	0.048	0.176	0.136
3523	37419	0.104	0.048	0.136	0.152
3523	37419	0.135	0.001	0.105	0.136
3523	37419	0.104	0.032	0.103	0.072
3523	37419	0.127	0.024	0.128	0.151
3523	37419	0.2	0.023	0.104	0.177
3523	37419	0.136	0.048	0.152	0.088
3523	37419	0.0	0.0	0.0	0.0
3523	37419	0.0	0.0	0.0	0.0
3523	37419	0.0	0.0	0.0	0.0
3523	37419	0.0	0.0	0.0	0.0
3523	37419	0.0	0.0	0.0	0.0
3523	37419	0.0	0.0	0.0	0.0
3523	37419	0.0	0.0	0.0	0.0
3523	37419	0.0	0.0	0.0	0.0
3523	37419	0.0	0.0	0.0	0.0
3523	37419	0.0	0.0	0.0	0.0
3523	37419	0.0	0.0	0.0	0.0
3523	37419	0.0	0.0	0.0	0.0
3523	37419	0.0	0.0	0.0	0.0
3523	37419	0.0	0.0	0.0	0.0
3523	37419	0.0	0.0	0.0	0.0
3523	37419	0.0	0.0	0.0	0.0
3523	37419	0.0	0.0	0.0	0.0
3523	37419	0.0	0.0	0.0	0.0
3523	37419	0.0	0.0	0.0	0.0
3523	37419	0.0	0.0	0.0	0.0
3523	37419	0.0	0.0	0.0	0.0
3523	37419	0.0	0.0	0.0	0.0
3523	37419	0.0	0.0	0.0	0.0
3523	37419	0.0	0.0	0.0	0.0
3523	37419	0.0	0.0	0.0	0.0
3523	37419	0.0	0.0	0.0	0.0
3523	37419	0.0	0.0	0.0	0.0
3523	37419	0.0	0.0	0.0	0.0
3523	37419	0.0	0.0	0.0	0.0
3523	37419	0.0	0.0	0.0	0.0
3523	37419	0.0	0.0	0.0	0.0
3523	37419	0.0	0.0	0.0	0.0
3523	37419	0.0	0.0	0.0	0.0
3523	37419	0.0	0.0	0.0	0.0
3523	37419	0.0	0.0	0.0	0.0
3523	37419	0.0	0.0	0.0	0.0
3523	37419	0.0	0.0	0.0	0.0
3523	37419	0.0	0.0	0.0	0.0
3523	37419	0.0	0.0	0.0	0.0
3523	37419	0.0	0.0	0.0	0.0
3523	37419	0.0	0.0	0.0	0.0
3523	37419	0.0	0.0	0.0	0.0
3523	37419	0.0	0.0	0.0	0.0
3523	37427	0.231	0.0	0.0	0.0
3523	37427	0.152	0.111	0.12	0.041
3523	37427	0.103	0.232	0.384	0.335
3523	37427	0.128	0.257	0.36	0.385
3523	37427	0.12	0.471	0.599	0.591
3523	37427	0.16	0.104	0.224	0.264
3523	37427	0.105	0.248	0.408	0.353
3523	37427	0.112	0.079	0.184	0.191
3523	37427	0.128	0.552	0.664	0.68
3523	37427	0.152	0.016	0.144	0.168
3523	37427	0.175	0.032	0.184	0.207
3523	37427	0.152	0.416	0.591	0.568
3523	37427	0.176	0.072	0.224	0.248
3523	37427	0.136	0.024	0.2	0.16
3523	37427	0.088	0.328	0.464	0.416
3523	37427	0.088	0.072	0.16	0.16
3523	37427	0.161	0.016	0.104	0.177
3523	37427	0.112	0.016	0.145	0.096
3523	37427	0.112	0.056	0.168	0.168
3523	37427	0.096	0.024	0.136	0.12
3523	37427	0.144	0.024	0.12	0.168
3523	37427	0.128	0.032	0.112	0.096
3523	37427	0.128	0.015	0.143	0.143
3523	37427	0.128	0.047	0.081	0.081
3523	37427	0.144	0.016	0.144	0.16
3523	37427	0.127	0.056	0.088	0.071
3523	37427	0.152	0.073	0.2	0.225
3523	37427	0.175	0.064	0.088	0.111
3523	37427	0.128	0.039	0.136	0.089
3523	37427	0.12	0.04	0.168	0.16
3523	37427	0.121	0.097	0.023	0.024
3523	37427	0.152	0.096	0.217	0.248
3523	37427	0.112	0.032	0.12	0.08
3523	37427	0.144	0.312	0.424	0.456
3523	37427	0.151	0.152	0.296	0.303
3523	37427	0.152	0.04	0.111	0.112
3523	37427	0.104	0.033	0.185	0.137
3523	37427	0.143	0.048	0.152	0.191
3523	37427	0.047	0.015	0.128	0.032
3523	37427	0.128	0.097	0.144	0.225
3523	37427	0.127	0.024	0.104	0.103
3523	37427	0.112	0.041	0.168	0.153
3523	37427	0.144	0.087	0.199	0.231
3523	37427	0.16	0.08	0.224	0.24
3523	37427	0.144	0.232	0.392	0.376
3523	37427	0.161	0.024	0.12	0.137
3523	37427	0.175	0.0	0.161	0.175
3523	37427	0.121	0.024	0.199	0.145
3523	37427	0.127	0.047	0.168	0.174
3523	37427	0.12	0.039	0.088	0.081
3523	37427	0.146	0.024	0.096	0.122
3523	37427	0.16	0.026	0.12	0.134
3523	37427	0.216	0.024	0.136	0.192
3523	37427	0.167	0.047	0.169	0.12
3523	37427	0.199	0.08	0.247	0.279
3523	37427	0.144	0.055	0.144	0.089
3523	37427	0.136	0.064	0.208	0.2
3523	37427	0.136	0.24	0.376	0.376
3523	37427	0.176	0.024	0.112	0.152
3523	37427	0.199	0.072	0.104	0.127
3523	37427	0.136	0.047	0.152	0.089
3523	37427	0.184	0.016	0.152	0.2
3523	37427	0.144	0.232	0.416	0.376
3523	37427	0.0	0.0	0.0	0.0
3523	37427	0.0	0.0	0.0	0.0
3523	37427	0.0	0.0	0.0	0.0
3523	37427	0.0	0.0	0.0	0.0
3523	37427	0.0	0.0	0.0	0.0
3523	37427	0.0	0.0	0.0	0.0
3523	37427	0.0	0.0	0.0	0.0
3523	37461	0.303	0.0	0.0	0.0
3523	37461	0.167	0.151	0.152	0.016
3523	37461	0.168	0.039	0.128	0.129
3523	37461	0.155	0.096	0.072	0.059
3523	37461	0.144	0.027	0.128	0.117
3523	37461	0.144	0.056	0.2	0.2
3523	37461	0.112	0.176	0.32	0.288
3523	37461	0.08	0.072	0.184	0.152
3523	37461	0.08	0.079	0.159	0.159
3523	37461	0.111	0.065	0.145	0.176
3523	37461	0.183	0.201	0.312	0.384
3523	37461	0.168	0.072	0.111	0.096
3523	37461	0.119	0.033	0.201	0.152
3523	37461	0.159	0.025	0.144	0.184
3523	37461	0.135	0.015	0.144	0.12
3523	37461	0.144	0.032	0.167	0.176
3523	37461	0.122	0.064	0.208	0.186
3523	37461	0.143	0.026	0.096	0.117
3523	37461	0.095	0.849	0.992	0.944
3523	37461	0.16	0.089	0.184	0.249
3523	37461	0.216	0.224	0.384	0.44
3523	37461	0.144	0.024	0.192	0.12
3523	37461	0.128	0.096	0.24	0.224
3523	37461	0.144	0.016	0.112	0.128
3523	37461	0.127	0.016	0.16	0.143
3523	37461	0.104	0.065	0.192	0.169
3523	37461	0.135	0.016	0.12	0.151
3523	37461	0.128	0.049	0.184	0.177
3523	37461	0.127	0.088	0.216	0.215
3523	37461	0.152	0.071	0.056	0.081
3523	37461	0.12	0.048	0.2	0.168
3523	37461	0.144	0.056	0.176	0.2
3523	37461	0.199	0.072	0.072	0.127
3523	37461	0.191	0.047	0.152	0.144
3523	37461	0.128	0.009	0.2	0.137
3523	37461	0.216	0.048	0.176	0.264
3523	37461	0.176	0.08	0.136	0.096
3523	37461	0.176	0.04	0.136	0.136
3523	37461	0.128	0.096	0.272	0.224
3523	37461	0.12	0.096	0.224	0.216
3523	37461	0.224	0.056	0.176	0.28
3523	37461	0.08	0.072	0.296	0.152
3523	37461	0.119	0.336	0.416	0.455
3523	37461	0.143	0.137	0.256	0.28
3523	37461	0.128	0.024	0.119	0.104
3523	37461	0.192	0.032	0.16	0.224
3523	37461	0.191	0.063	0.129	0.128
3523	37461	0.176	0.031	0.16	0.145
3523	37461	0.128	0.025	0.151	0.103
3523	37461	0.999	0.521	0.649	1.52
3523	37461	0.28	0.752	0.247	0.472
3523	37461	0.176	0.144	0.424	0.32
3523	37461	0.312	0.44	0.616	0.752
3523	37461	0.159	0.272	0.04	0.113
3523	37461	0.2	0.039	0.12	0.161
3523	37461	0.144	0.176	0.376	0.32
3523	37461	0.0	0.0	0.0	0.0
3523	37461	0.0	0.0	0.0	0.0
3523	37461	0.0	0.0	0.0	0.0
3523	37461	0.0	0.0	0.0	0.0
3523	37461	0.0	0.0	0.0	0.0
3523	37461	0.0	0.0	0.0	0.0
3523	37461	0.0	0.0	0.0	0.0
3523	37461	0.0	0.0	0.0	0.0
3523	37461	0.0	0.0	0.0	0.0
3523	37461	0.0	0.0	0.0	0.0
3523	37461	0.0	0.0	0.0	0.0
3523	37461	0.0	0.0	0.0	0.0
3523	37461	0.0	0.0	0.0	0.0
3523	37461	0.0	0.0	0.0	0.0
3523	37479	0.288	0.0	0.0	0.0
3523	37479	0.239	0.136	0.152	0.103
3523	37479	0.112	0.087	0.152	0.025
3523	37479	0.136	0.088	0.024	0.048
3523	37479	0.152	0.399	0.535	0.551
3523	37479	0.168	0.023	0.129	0.145
3523	37479	0.104	0.016	0.152	0.088
3523	37479	0.191	0.104	0.208	0.295
3523	37479	0.144	0.103	0.088	0.041
3523	37479	0.183	0.096	0.24	0.279
3523	37479	0.145	0.08	0.263	0.225
3523	37479	0.08	0.2	0.345	0.28
3523	37479	0.087	0.08	0.16	0.167
3523	37479	0.161	0.128	0.215	0.289
3523	37479	0.168	0.041	0.12	0.127
3523	37479	0.207	0.071	0.097	0.136
3523	37479	0.207	0.063	0.144	0.144
3523	37479	0.183	0.017	0.224	0.2
3523	37479	0.184	0.201	0.384	0.385
3523	37479	0.144	0.105	0.079	0.039
3523	37479	0.059	0.035	0.109	0.024
3523	37479	0.136	0.056	0.115	0.192
3523	37479	0.112	0.056	0.192	0.168
3523	37479	0.192	0.032	0.08	0.16
3523	37479	0.144	0.048	0.144	0.096
3523	37479	0.112	0.016	0.128	0.096
3523	37479	0.159	0.113	0.225	0.272
3523	37479	0.152	0.016	0.143	0.136
3523	37479	0.072	0.104	0.256	0.176
3523	37479	0.112	0.056	0.128	0.168
3523	37479	0.12	0.432	0.544	0.552
3523	37479	0.136	0.016	0.136	0.152
3523	37479	0.136	0.04	0.176	0.176
3523	37479	0.152	0.096	0.232	0.248
3523	37479	0.088	0.08	0.232	0.168
3523	37479	0.088	0.144	0.232	0.232
3523	37479	0.16	0.168	0.256	0.328
3523	37479	0.152	0.04	0.2	0.192
3523	37479	0.112	0.024	0.128	0.088
3523	37479	0.12	0.088	0.2	0.208
3523	37479	0.127	0.096	0.216	0.223
3523	37479	0.137	0.048	0.175	0.185
3523	37479	0.111	0.057	0.194	0.168
3523	37479	0.152	0.112	0.223	0.264
3523	37479	0.088	0.351	0.503	0.439
3523	37479	0.073	0.096	0.184	0.169
3523	37479	0.072	0.103	0.176	0.175
3523	37479	0.095	0.097	0.169	0.192
3523	37479	0.161	0.28	0.375	0.441
3523	37479	0.239	0.064	0.225	0.303
3523	37479	0.135	0.079	0.16	0.056
3523	37479	0.079	0.425	0.56	0.504
3523	37479	0.12	0.072	0.151	0.192
3523	37479	0.112	0.056	0.064	0.056
3523	37479	0.143	0.097	0.209	0.24
3523	37479	0.264	0.04	0.103	0.224
3523	37479	0.176	0.04	0.224	0.136
3523	37479	0.152	0.152	0.328	0.304
3523	37479	0.168	0.048	0.104	0.12
3523	37479	0.137	0.224	0.392	0.361
3523	37479	0.088	0.055	0.192	0.143
3523	37479	0.096	0.104	0.192	0.2
3523	37479	0.096	0.064	0.16	0.16
3523	37479	0.088	0.168	0.264	0.256
3523	37479	0.112	0.064	0.152	0.176
3523	37479	0.152	0.016	0.128	0.168
3523	37479	0.16	0.272	0.424	0.432
3523	37479	0.16	0.04	0.2	0.2
3523	37479	0.16	0.304	0.464	0.464
3523	37479	0.127	0.056	0.104	0.071
3523	37513	0.256	0.0	0.0	0.0
3523	37513	0.175	0.12	0.136	0.055
3523	37513	0.136	0.031	0.144	0.105
3523	37513	0.128	0.04	0.176	0.168
3523	37513	0.144	0.056	0.184	0.2
3523	37513	0.112	0.024	0.168	0.136
3523	37513	0.144	0.04	0.152	0.184
3523	37513	0.144	0.008	0.152	0.152
3523	37513	0.144	0.025	0.119	0.119
3523	37513	0.096	0.032	0.176	0.128
3523	37513	0.153	0.024	0.12	0.177
3523	37513	0.12	0.007	0.16	0.127
3523	37513	0.167	0.121	0.241	0.288
3523	37513	0.121	0.168	0.335	0.289
3523	37513	0.112	0.041	0.08	0.071
3523	37513	0.096	0.072	0.184	0.168
3523	37513	0.192	0.032	0.128	0.224
3523	37513	0.16	0.071	0.121	0.089
3523	37513	0.135	0.024	0.136	0.111
3523	37513	0.112	0.04	0.175	0.152
3523	37513	0.104	0.225	0.337	0.329
3523	37513	0.136	0.087	0.191	0.223
3523	37513	0.2	0.256	0.392	0.456
3523	37513	0.168	0.08	0.12	0.088
3523	37513	0.136	0.048	0.216	0.184
3523	37513	0.143	0.049	0.185	0.192
3523	37513	0.146	0.054	0.197	0.2
3523	37513	0.136	0.04	0.106	0.096
3523	37513	0.136	0.088	0.224	0.224
3523	37513	0.12	0.104	0.24	0.224
3523	37513	0.144	0.216	0.336	0.36
3523	37513	0.184	0.16	0.304	0.344
3523	37513	0.128	0.064	0.248	0.192
3523	37513	0.16	0.016	0.144	0.176
3523	37513	0.152	0.08	0.24	0.232
3523	37513	0.144	0.224	0.376	0.368
3523	37513	0.104	0.024	0.168	0.128
3523	37513	0.104	0.072	0.176	0.176
3523	37513	0.135	0.088	0.192	0.223
3523	37513	0.12	0.007	0.128	0.113
3523	37513	0.119	0.024	0.144	0.143
3523	37513	0.136	0.049	0.168	0.185
3523	37513	0.129	0.033	0.103	0.096
3523	37513	0.136	0.016	0.145	0.152
3523	37513	0.145	0.025	0.111	0.12
3523	37513	0.143	0.016	0.161	0.159
3523	37513	0.112	0.039	0.104	0.073
3523	37513	0.176	0.248	0.36	0.424
3523	37513	0.135	0.064	0.24	0.199
3523	37513	0.127	0.305	0.44	0.432
3523	37513	0.162	0.048	0.175	0.21
3523	37513	0.167	0.033	0.129	0.134
3523	37513	0.159	0.017	0.184	0.176
3523	37513	0.184	0.008	0.151	0.176
3523	37513	0.175	0.079	0.105	0.096
3523	37513	0.216	0.016	0.159	0.2
3523	37513	0.128	0.056	0.16	0.072
3523	37513	0.152	0.176	0.304	0.328
3523	37513	0.112	0.016	0.136	0.096
3523	37513	0.176	0.128	0.24	0.304
3523	37513	0.12	0.016	0.16	0.104
3523	37513	0.128	0.016	0.136	0.144
3523	37513	0.12	0.056	0.184	0.176
3523	37513	0.0	0.0	0.0	0.0
3523	37513	0.0	0.0	0.0	0.0
3523	37513	0.0	0.0	0.0	0.0
3523	37513	0.0	0.0	0.0	0.0
3523	37513	0.0	0.0	0.0	0.0
3523	37513	0.0	0.0	0.0	0.0
3523	37513	0.0	0.0	0.0	0.0
3523	37535	0.216	0.0	0.0	0.0
3523	37535	0.135	0.064	0.152	0.071
3523	37535	0.161	0.048	0.087	0.113
3523	37535	0.152	0.024	0.137	0.128
3523	37535	0.112	0.016	0.136	0.096
3523	37535	0.199	0.12	0.232	0.319
3523	37535	0.216	0.095	0.104	0.121
3523	37535	0.168	0.04	0.176	0.128
3523	37535	0.152	0.008	0.16	0.144
3523	37535	0.215	0.08	0.232	0.295
3523	37535	0.193	0.087	0.128	0.106
3523	37535	0.144	0.055	0.248	0.199
3523	37535	0.111	0.112	0.256	0.223
3523	37535	0.103	0.209	0.32	0.312
3523	37535	0.129	0.04	0.063	0.089
3523	37535	0.073	0.287	0.416	0.36
3523	37535	0.103	0.088	0.161	0.191
3523	37535	0.16	0.016	0.119	0.176
3523	37535	0.143	0.031	0.129	0.112
3523	37535	0.175	0.007	0.136	0.168
3523	37535	0.119	0.062	0.113	0.057
3523	37535	0.135	0.032	0.151	0.167
3523	37535	0.159	0.047	0.088	0.112
3523	37535	0.151	0.015	0.144	0.136
3523	37535	0.175	0.025	0.176	0.2
3523	37535	0.144	0.176	0.351	0.32
3523	37535	0.144	0.056	0.2	0.2
3523	37535	0.16	0.008	0.136	0.152
3523	37535	0.096	0.136	0.296	0.232
3523	37535	0.08	0.088	0.184	0.168
3523	37535	0.112	0.096	0.176	0.208
3523	37535	0.096	0.472	0.584	0.568
3523	37535	0.12	0.064	0.16	0.184
3523	37535	0.129	0.008	0.128	0.137
3523	37535	0.127	0.0	0.129	0.127
3523	37535	0.119	0.04	0.167	0.159
3523	37535	0.112	0.089	0.208	0.201
3523	37535	0.128	0.032	0.144	0.16
3523	37535	0.144	0.016	0.112	0.128
3523	37535	0.128	0.016	0.16	0.144
3523	37535	0.104	0.616	0.744	0.72
3523	37535	0.136	0.264	0.368	0.4
3523	37535	0.12	0.128	0.264	0.248
3523	37535	0.192	0.848	0.968	1.04
3523	37535	0.272	0.008	0.2	0.28
3523	37535	0.232	0.12	0.152	0.112
3523	37535	0.096	0.192	0.424	0.288
3523	37535	0.136	0.056	0.152	0.192
3523	37535	0.175	0.048	0.088	0.127
3523	37535	0.224	0.096	0.079	0.128
3523	37535	0.215	0.095	0.129	0.12
3523	37535	0.113	0.656	0.871	0.769
3523	37535	0.136	0.167	0.28	0.303
3523	37535	0.128	0.088	0.224	0.216
3523	37535	0.159	0.023	0.105	0.136
3523	37535	0.152	0.024	0.183	0.176
3523	37535	0.144	0.28	0.432	0.424
3523	37535	0.2	0.048	0.192	0.248
3523	37535	0.184	0.056	0.144	0.128
3523	37535	0.208	0.04	0.144	0.168
3523	37535	0.168	0.064	0.144	0.104
3523	37535	0.104	0.096	0.264	0.2
3523	37535	0.129	0.16	0.264	0.289
3523	37535	0.0	0.0	0.0	0.0
3523	37535	0.0	0.0	0.0	0.0
3523	37535	0.0	0.0	0.0	0.0
3523	37535	0.0	0.0	0.0	0.0
3523	37535	0.0	0.0	0.0	0.0
3523	37535	0.0	0.0	0.0	0.0
3523	37535	0.0	0.0	0.0	0.0
3523	37560	0.2	0.0	0.0	0.0
3523	37560	0.168	0.048	0.152	0.12
3523	37560	0.167	0.04	0.128	0.127
3523	37560	0.048	0.065	0.232	0.113
3523	37560	0.159	0.208	0.256	0.367
3523	37560	0.111	0.025	0.184	0.136
3523	37560	0.12	0.081	0.192	0.201
3523	37560	0.105	0.009	0.111	0.096
3523	37560	0.104	0.048	0.153	0.152
3523	37560	0.143	0.304	0.408	0.447
3523	37560	0.096	0.009	0.152	0.105
3523	37560	0.159	0.088	0.184	0.247
3523	37560	0.199	0.087	0.072	0.112
3523	37560	0.239	0.047	0.152	0.192
3523	37560	0.199	0.079	0.16	0.12
3523	37560	0.143	0.121	0.32	0.264
3523	37560	0.16	0.024	0.167	0.184
3523	37560	0.183	0.057	0.217	0.24
3523	37560	0.296	0.161	0.344	0.457
3523	37560	0.192	0.065	0.231	0.127
3523	37560	0.136	0.176	0.368	0.312
3523	37560	0.0	0.0	0.0	0.0
3523	37560	0.0	0.0	0.0	0.0
3523	37560	0.0	0.0	0.0	0.0
3523	37560	0.0	0.0	0.0	0.0
3523	37560	0.0	0.0	0.0	0.0
3523	37560	0.0	0.0	0.0	0.0
3523	37560	0.0	0.0	0.0	0.0
3523	37560	0.0	0.0	0.0	0.0
3523	37560	0.0	0.0	0.0	0.0
3523	37560	0.0	0.0	0.0	0.0
3523	37560	0.0	0.0	0.0	0.0
3523	37560	0.0	0.0	0.0	0.0
3523	37560	0.0	0.0	0.0	0.0
3523	37560	0.0	0.0	0.0	0.0
3523	37560	0.0	0.0	0.0	0.0
3523	37560	0.0	0.0	0.0	0.0
3523	37560	0.0	0.0	0.0	0.0
3523	37560	0.0	0.0	0.0	0.0
3523	37560	0.0	0.0	0.0	0.0
3523	37560	0.0	0.0	0.0	0.0
3523	37560	0.0	0.0	0.0	0.0
3523	37560	0.0	0.0	0.0	0.0
3523	37560	0.0	0.0	0.0	0.0
3523	37560	0.0	0.0	0.0	0.0
3523	37560	0.0	0.0	0.0	0.0
3523	37560	0.0	0.0	0.0	0.0
3523	37560	0.0	0.0	0.0	0.0
3523	37560	0.0	0.0	0.0	0.0
3523	37560	0.0	0.0	0.0	0.0
3523	37560	0.0	0.0	0.0	0.0
3523	37560	0.0	0.0	0.0	0.0
3523	37560	0.0	0.0	0.0	0.0
3523	37560	0.0	0.0	0.0	0.0
3523	37560	0.0	0.0	0.0	0.0
3523	37560	0.0	0.0	0.0	0.0
3523	37560	0.0	0.0	0.0	0.0
3523	37560	0.0	0.0	0.0	0.0
3523	37560	0.0	0.0	0.0	0.0
3523	37560	0.0	0.0	0.0	0.0
3523	37560	0.0	0.0	0.0	0.0
3523	37560	0.0	0.0	0.0	0.0
3523	37560	0.0	0.0	0.0	0.0
3523	37560	0.0	0.0	0.0	0.0
3523	37560	0.0	0.0	0.0	0.0
3523	37560	0.0	0.0	0.0	0.0
3523	37560	0.0	0.0	0.0	0.0
3523	37560	0.0	0.0	0.0	0.0
3523	37560	0.0	0.0	0.0	0.0
3523	37560	0.0	0.0	0.0	0.0
