PARTICIPANT_ID	TEST_SECTION_ID	HOLD_LATENCY	INTERKEY_LATENCY	PRESS_LATENCY	RELEASE_LATENCY
4030	42606	0.19	0.0	0.0	0.0
4030	42606	0.08	0.08	0.11	0.0
4030	42606	0.1	0.139	0.219	0.239
4030	42606	0.143	0.063	0.037	0.08
4030	42606	0.079	0.015	0.128	0.064
4030	42606	0.048	0.112	0.191	0.16
4030	42606	0.064	0.048	0.096	0.112
4030	42606	0.112	0.032	0.096	0.144
4030	42606	0.08	0.032	0.08	0.048
4030	42606	0.08	0.112	0.192	0.192
4030	42606	0.08	0.416	0.496	0.496
4030	42606	0.064	0.592	0.672	0.656
4030	42606	0.064	0.016	0.08	0.08
4030	42606	0.128	0.128	0.192	0.256
4030	42606	0.112	0.064	0.064	0.048
4030	42606	0.095	0.047	0.065	0.048
4030	42606	0.08	0.096	0.191	0.176
4030	42606	0.081	0.017	0.097	0.098
4030	42606	0.064	0.018	0.063	0.046
4030	42606	0.112	0.112	0.176	0.224
4030	42606	0.063	0.001	0.113	0.064
4030	42606	0.08	0.096	0.159	0.176
4030	42606	0.08	0.16	0.24	0.24
4030	42606	0.08	0.064	0.144	0.144
4030	42606	0.064	0.528	0.608	0.592
4030	42606	0.352	0.064	0.128	0.416
4030	42606	0.065	0.096	0.256	0.031
4030	42606	0.064	0.959	1.024	1.023
4030	42606	0.048	0.096	0.16	0.144
4030	42606	0.002	0.496	0.544	0.498
4030	42606	0.001	0.001	0.003	0.002
4030	42606	0.001	0.0	0.001	0.001
4030	42606	0.063	0.028	0.029	0.091
4030	42606	0.304	0.416	0.479	0.72
4030	42606	0.08	0.032	0.272	0.048
4030	42606	0.08	0.112	0.192	0.192
4030	42606	0.095	0.145	0.225	0.24
4030	42606	0.08	0.032	0.127	0.112
4030	42606	0.08	0.496	0.576	0.576
4030	42606	0.207	0.129	0.209	0.336
4030	42606	0.032	0.048	0.159	0.016
4030	42606	0.0	0.0	0.0	0.0
4030	42606	0.0	0.0	0.0	0.0
4030	42606	0.0	0.0	0.0	0.0
4030	42606	0.0	0.0	0.0	0.0
4030	42606	0.0	0.0	0.0	0.0
4030	42606	0.0	0.0	0.0	0.0
4030	42606	0.0	0.0	0.0	0.0
4030	42606	0.0	0.0	0.0	0.0
4030	42606	0.0	0.0	0.0	0.0
4030	42606	0.0	0.0	0.0	0.0
4030	42606	0.0	0.0	0.0	0.0
4030	42606	0.0	0.0	0.0	0.0
4030	42606	0.0	0.0	0.0	0.0
4030	42606	0.0	0.0	0.0	0.0
4030	42606	0.0	0.0	0.0	0.0
4030	42606	0.0	0.0	0.0	0.0
4030	42606	0.0	0.0	0.0	0.0
4030	42606	0.0	0.0	0.0	0.0
4030	42606	0.0	0.0	0.0	0.0
4030	42606	0.0	0.0	0.0	0.0
4030	42606	0.0	0.0	0.0	0.0
4030	42606	0.0	0.0	0.0	0.0
4030	42606	0.0	0.0	0.0	0.0
4030	42606	0.0	0.0	0.0	0.0
4030	42606	0.0	0.0	0.0	0.0
4030	42606	0.0	0.0	0.0	0.0
4030	42606	0.0	0.0	0.0	0.0
4030	42606	0.0	0.0	0.0	0.0
4030	42606	0.0	0.0	0.0	0.0
4030	42616	0.487	0.0	0.0	0.0
4030	42616	0.198	0.199	0.288	0.001
4030	42616	0.095	0.043	0.241	0.138
4030	42616	0.096	0.048	0.047	0.048
4030	42616	0.064	0.001	0.097	0.065
4030	42616	0.064	0.031	0.095	0.095
4030	42616	0.096	0.096	0.16	0.192
4030	42616	0.08	0.048	0.144	0.128
4030	42616	0.114	0.08	0.16	0.194
4030	42616	0.05	0.004	0.11	0.046
4030	42616	0.196	0.096	0.146	0.292
4030	42616	0.025	0.003	0.199	0.028
4030	42616	0.08	0.096	0.121	0.176
4030	42616	0.064	0.368	0.448	0.432
4030	42616	0.064	0.096	0.16	0.16
4030	42616	0.08	0.08	0.144	0.16
4030	42616	0.08	0.496	0.576	0.576
4030	42616	0.064	0.08	0.16	0.144
4030	42616	0.08	0.032	0.096	0.112
4030	42616	0.08	0.112	0.192	0.192
4030	42616	0.048	0.032	0.112	0.08
4030	42616	0.065	0.064	0.112	0.129
4030	42616	0.064	0.047	0.112	0.111
4030	42616	0.08	0.032	0.096	0.112
4030	42616	0.064	0.048	0.128	0.112
4030	42616	0.032	0.032	0.096	0.064
4030	42616	0.128	0.112	0.144	0.24
4030	42616	0.128	0.048	0.08	0.08
4030	42616	0.064	0.048	0.08	0.016
4030	42616	0.08	0.064	0.128	0.144
4030	42616	0.064	0.048	0.128	0.112
4030	42616	0.064	0.032	0.096	0.096
4030	42616	0.096	0.096	0.16	0.192
4030	42616	0.048	0.592	0.688	0.64
4030	42616	0.08	0.08	0.128	0.16
4030	42616	0.08	0.048	0.128	0.128
4030	42616	0.064	0.112	0.192	0.176
4030	42616	0.112	0.112	0.176	0.224
4030	42616	0.08	0.512	0.624	0.592
4030	42616	0.08	0.048	0.128	0.128
4030	42616	0.064	0.032	0.112	0.096
4030	42616	0.064	0.048	0.112	0.112
4030	42616	0.08	0.096	0.16	0.176
4030	42616	0.128	0.048	0.128	0.176
4030	42616	0.096	0.032	0.096	0.064
4030	42616	0.0	0.0	0.0	0.0
4030	42616	0.0	0.0	0.0	0.0
4030	42616	0.0	0.0	0.0	0.0
4030	42616	0.0	0.0	0.0	0.0
4030	42616	0.0	0.0	0.0	0.0
4030	42616	0.0	0.0	0.0	0.0
4030	42616	0.0	0.0	0.0	0.0
4030	42616	0.0	0.0	0.0	0.0
4030	42616	0.0	0.0	0.0	0.0
4030	42616	0.0	0.0	0.0	0.0
4030	42616	0.0	0.0	0.0	0.0
4030	42616	0.0	0.0	0.0	0.0
4030	42616	0.0	0.0	0.0	0.0
4030	42616	0.0	0.0	0.0	0.0
4030	42616	0.0	0.0	0.0	0.0
4030	42616	0.0	0.0	0.0	0.0
4030	42616	0.0	0.0	0.0	0.0
4030	42616	0.0	0.0	0.0	0.0
4030	42616	0.0	0.0	0.0	0.0
4030	42616	0.0	0.0	0.0	0.0
4030	42616	0.0	0.0	0.0	0.0
4030	42616	0.0	0.0	0.0	0.0
4030	42616	0.0	0.0	0.0	0.0
4030	42616	0.0	0.0	0.0	0.0
4030	42616	0.0	0.0	0.0	0.0
4030	42626	0.304	0.0	0.0	0.0
4030	42626	0.064	0.064	0.24	0.0
4030	42626	0.064	0.096	0.16	0.16
4030	42626	0.064	0.064	0.128	0.128
4030	42626	0.08	0.0	0.064	0.08
4030	42626	0.048	0.064	0.144	0.112
4030	42626	0.064	0.016	0.064	0.08
4030	42626	0.064	0.064	0.128	0.128
4030	42626	0.08	0.272	0.336	0.352
4030	42626	0.08	0.016	0.096	0.096
4030	42626	0.16	0.24	0.32	0.4
4030	42626	0.096	0.16	0.32	0.256
4030	42626	0.08	0.08	0.176	0.16
4030	42626	0.096	0.16	0.24	0.256
4030	42626	0.096	0.032	0.064	0.064
4030	42626	0.064	0.016	0.08	0.048
4030	42626	0.08	0.208	0.272	0.288
4030	42626	0.08	0.144	0.224	0.224
4030	42626	0.032	0.208	0.288	0.24
4030	42626	0.16	0.064	0.096	0.224
4030	42626	0.112	0.064	0.096	0.048
4030	42626	0.096	0.048	0.16	0.144
4030	42626	0.113	0.832	0.928	0.945
4030	42626	0.08	0.047	0.16	0.127
4030	42626	0.096	0.112	0.192	0.208
4030	42626	0.048	0.016	0.112	0.064
4030	42626	0.096	0.16	0.208	0.256
4030	42626	0.096	0.032	0.064	0.064
4030	42626	0.112	0.704	0.8	0.816
4030	42626	0.096	0.256	0.368	0.352
4030	42626	0.064	0.112	0.208	0.176
4030	42626	0.064	0.128	0.192	0.192
4030	42626	0.064	0.032	0.096	0.096
4030	42626	0.064	0.112	0.176	0.176
4030	42626	0.08	0.16	0.224	0.24
4030	42626	0.08	0.048	0.128	0.128
4030	42626	0.064	0.048	0.128	0.112
4030	42626	0.064	0.08	0.144	0.144
4030	42626	0.128	0.096	0.16	0.224
4030	42626	0.096	0.032	0.16	0.128
4030	42626	0.096	0.256	0.352	0.352
4030	42626	0.064	0.48	0.576	0.544
4030	42626	0.08	0.032	0.096	0.112
4030	42626	0.08	0.096	0.176	0.176
4030	42626	0.032	0.208	0.288	0.24
4030	42626	0.16	0.064	0.096	0.224
4030	42626	0.096	0.048	0.112	0.048
4030	42626	0.08	0.064	0.16	0.144
4030	42626	0.064	0.128	0.208	0.192
4030	42626	0.064	0.064	0.128	0.128
4030	42626	0.194	0.368	0.432	0.562
4030	42626	0.064	0.018	0.176	0.046
4030	42626	0.08	0.064	0.128	0.144
4030	42626	0.064	0.176	0.256	0.24
4030	42626	0.064	0.048	0.112	0.112
4030	42626	0.048	0.112	0.176	0.16
4030	42626	0.08	0.144	0.192	0.224
4030	42626	0.048	0.32	0.4	0.368
4030	42626	0.048	0.096	0.144	0.144
4030	42626	0.064	0.096	0.144	0.16
4030	42626	0.048	0.096	0.16	0.144
4030	42626	0.08	0.08	0.128	0.16
4030	42626	0.08	0.336	0.416	0.416
4030	42626	0.08	0.192	0.272	0.272
4030	42626	0.064	0.032	0.112	0.096
4030	42626	0.08	0.048	0.112	0.128
4030	42626	0.048	0.016	0.096	0.064
4030	42626	0.128	0.144	0.192	0.272
4030	42626	0.08	0.016	0.112	0.064
4030	42626	0.08	0.08	0.16	0.16
4030	42640	0.24	0.0	0.0	0.0
4030	42640	0.16	0.032	0.208	0.128
4030	42640	0.08	0.032	0.128	0.048
4030	42640	0.064	0.08	0.16	0.144
4030	42640	0.034	0.174	0.238	0.208
4030	42640	0.048	0.112	0.146	0.16
4030	42640	0.08	0.128	0.176	0.208
4030	42640	0.08	0.496	0.576	0.576
4030	42640	0.069	0.091	0.171	0.16
4030	42640	0.128	0.176	0.245	0.304
4030	42640	0.064	0.048	0.176	0.112
4030	42640	0.08	0.128	0.192	0.208
4030	42640	0.08	0.016	0.096	0.096
4030	42640	0.048	0.048	0.128	0.096
4030	42640	0.064	0.064	0.112	0.128
4030	42640	0.064	0.048	0.112	0.112
4030	42640	0.08	0.016	0.08	0.096
4030	42640	0.059	0.037	0.117	0.096
4030	42640	0.064	0.048	0.107	0.112
4030	42640	0.064	0.112	0.176	0.176
4030	42640	0.064	0.064	0.128	0.128
4030	42640	0.128	0.048	0.112	0.176
4030	42640	0.048	0.0	0.128	0.048
4030	42640	0.176	0.112	0.16	0.288
4030	42640	0.176	0.048	0.128	0.128
4030	42640	0.096	0.064	0.112	0.032
4030	42640	0.432	0.0	0.096	0.432
4030	42640	0.08	0.016	0.416	0.064
4030	42640	0.08	0.112	0.192	0.192
4030	42640	0.048	0.064	0.144	0.112
4030	42640	0.08	0.08	0.128	0.16
4030	42640	0.096	0.0	0.08	0.096
4030	42640	0.064	1.216	1.312	1.28
4030	42640	0.08	0.048	0.112	0.128
4030	42640	0.103	0.064	0.144	0.167
4030	42640	0.104	0.001	0.104	0.105
4030	42640	0.08	0.128	0.232	0.208
4030	42640	0.08	0.016	0.096	0.096
4030	42640	0.064	0.016	0.096	0.08
4030	42640	0.128	0.064	0.128	0.192
4030	42640	0.112	0.048	0.08	0.064
4030	42640	0.064	0.032	0.08	0.032
4030	42640	0.096	0.016	0.048	0.08
4030	42640	0.064	0.032	0.128	0.096
4030	42640	0.08	0.032	0.096	0.112
4030	42640	0.08	0.016	0.096	0.096
4030	42640	0.096	0.096	0.176	0.192
4030	42640	0.08	0.08	0.176	0.16
4030	42640	0.08	0.192	0.272	0.272
4030	42640	0.064	0.448	0.528	0.512
4030	42640	0.048	0.096	0.16	0.144
4030	42640	0.08	0.08	0.128	0.16
4030	42640	0.064	0.4	0.48	0.464
4030	42640	0.08	0.016	0.08	0.096
4030	42640	0.064	0.08	0.16	0.144
4030	42640	0.144	0.224	0.288	0.368
4030	42640	0.064	0.0	0.144	0.064
4030	42640	0.0	0.0	0.0	0.0
4030	42640	0.0	0.0	0.0	0.0
4030	42640	0.0	0.0	0.0	0.0
4030	42640	0.0	0.0	0.0	0.0
4030	42640	0.0	0.0	0.0	0.0
4030	42640	0.0	0.0	0.0	0.0
4030	42640	0.0	0.0	0.0	0.0
4030	42640	0.0	0.0	0.0	0.0
4030	42640	0.0	0.0	0.0	0.0
4030	42640	0.0	0.0	0.0	0.0
4030	42640	0.0	0.0	0.0	0.0
4030	42640	0.0	0.0	0.0	0.0
4030	42640	0.0	0.0	0.0	0.0
4030	42656	0.288	0.0	0.0	0.0
4030	42656	0.048	0.016	0.304	0.064
4030	42656	0.064	0.192	0.24	0.256
4030	42656	0.112	0.176	0.24	0.288
4030	42656	0.096	0.032	0.08	0.064
4030	42656	0.384	0.128	0.224	0.512
4030	42656	0.064	0.256	0.64	0.32
4030	42656	0.08	0.096	0.16	0.176
4030	42656	0.08	0.064	0.144	0.144
4030	42656	0.096	0.0	0.08	0.096
4030	42656	0.112	0.032	0.064	0.08
4030	42656	0.176	0.768	0.88	0.944
4030	42656	0.048	0.08	0.096	0.032
4030	42656	0.048	0.128	0.176	0.176
4030	42656	0.096	0.032	0.08	0.128
4030	42656	0.081	0.031	0.127	0.112
4030	42656	0.096	0.304	0.385	0.4
4030	42656	0.064	0.128	0.224	0.192
4030	42656	0.08	0.128	0.192	0.208
4030	42656	0.08	0.032	0.112	0.112
4030	42656	0.079	0.016	0.064	0.063
4030	42656	0.056	0.025	0.104	0.081
4030	42656	0.064	0.064	0.12	0.128
4030	42656	0.064	0.016	0.08	0.08
4030	42656	0.048	0.032	0.096	0.08
4030	42656	0.096	0.096	0.144	0.192
4030	42656	0.08	0.032	0.064	0.048
4030	42656	0.096	0.16	0.24	0.256
4030	42656	0.08	0.08	0.176	0.16
4030	42656	0.08	0.176	0.256	0.256
4030	42656	0.08	0.144	0.224	0.224
4030	42656	0.08	0.016	0.096	0.096
4030	42656	0.08	0.0	0.08	0.08
4030	42656	0.048	0.128	0.208	0.176
4030	42656	0.064	0.032	0.08	0.096
4030	42656	0.064	0.048	0.112	0.112
4030	42656	0.08	0.048	0.112	0.128
4030	42656	0.065	0.031	0.111	0.096
4030	42656	0.064	0.064	0.129	0.128
4030	42656	0.08	0.032	0.096	0.112
4030	42656	0.048	0.032	0.112	0.08
4030	42656	0.08	0.144	0.192	0.224
4030	42656	0.064	0.176	0.256	0.24
4030	42656	0.081	0.079	0.143	0.16
4030	42656	0.064	0.064	0.145	0.128
4030	42656	0.16	0.128	0.192	0.288
4030	42656	0.128	0.032	0.128	0.096
4030	42656	0.0	0.0	0.0	0.0
4030	42656	0.0	0.0	0.0	0.0
4030	42656	0.0	0.0	0.0	0.0
4030	42656	0.0	0.0	0.0	0.0
4030	42656	0.0	0.0	0.0	0.0
4030	42656	0.0	0.0	0.0	0.0
4030	42656	0.0	0.0	0.0	0.0
4030	42656	0.0	0.0	0.0	0.0
4030	42656	0.0	0.0	0.0	0.0
4030	42656	0.0	0.0	0.0	0.0
4030	42656	0.0	0.0	0.0	0.0
4030	42656	0.0	0.0	0.0	0.0
4030	42656	0.0	0.0	0.0	0.0
4030	42656	0.0	0.0	0.0	0.0
4030	42656	0.0	0.0	0.0	0.0
4030	42656	0.0	0.0	0.0	0.0
4030	42656	0.0	0.0	0.0	0.0
4030	42656	0.0	0.0	0.0	0.0
4030	42656	0.0	0.0	0.0	0.0
4030	42656	0.0	0.0	0.0	0.0
4030	42656	0.0	0.0	0.0	0.0
4030	42656	0.0	0.0	0.0	0.0
4030	42656	0.0	0.0	0.0	0.0
4030	42667	0.403	0.0	0.0	0.0
4030	42667	0.069	0.069	0.334	0.0
4030	42667	0.063	0.3	0.369	0.363
4030	42667	0.08	0.048	0.111	0.128
4030	42667	0.064	0.112	0.192	0.176
4030	42667	0.08	0.096	0.16	0.176
4030	42667	0.064	0.065	0.145	0.129
4030	42667	0.064	0.0	0.064	0.064
4030	42667	0.064	0.047	0.111	0.111
4030	42667	0.071	0.032	0.096	0.103
4030	42667	0.047	0.026	0.097	0.073
4030	42667	0.064	0.065	0.112	0.129
4030	42667	0.047	0.0	0.064	0.047
4030	42667	0.08	0.096	0.143	0.176
4030	42667	0.08	0.048	0.032	0.032
4030	42667	0.065	0.032	0.112	0.097
4030	42667	0.064	0.112	0.177	0.176
4030	42667	0.079	0.064	0.128	0.143
4030	42667	0.063	0.097	0.176	0.16
4030	42667	0.08	0.08	0.143	0.16
4030	42667	0.064	0.016	0.096	0.08
4030	42667	0.078	0.002	0.066	0.08
4030	42667	0.063	0.031	0.047	0.032
4030	42667	0.032	0.08	0.143	0.112
4030	42667	0.064	0.016	0.048	0.08
4030	42667	0.064	0.032	0.096	0.096
4030	42667	0.079	0.065	0.129	0.144
4030	42667	0.048	0.064	0.143	0.112
4030	42667	0.032	0.096	0.144	0.128
4030	42667	0.031	0.129	0.161	0.16
4030	42667	0.144	0.08	0.111	0.224
4030	42667	0.096	0.016	0.128	0.08
4030	42667	0.064	0.128	0.224	0.192
4030	42667	0.063	0.273	0.337	0.336
4030	42667	0.064	0.08	0.143	0.144
4030	42667	0.064	0.048	0.112	0.112
4030	42667	0.128	0.304	0.368	0.432
4030	42667	0.128	0.064	0.064	0.064
4030	42667	0.079	0.113	0.241	0.192
4030	42667	0.0	0.0	0.0	0.0
4030	42667	0.0	0.0	0.0	0.0
4030	42667	0.0	0.0	0.0	0.0
4030	42667	0.0	0.0	0.0	0.0
4030	42667	0.0	0.0	0.0	0.0
4030	42667	0.0	0.0	0.0	0.0
4030	42667	0.0	0.0	0.0	0.0
4030	42667	0.0	0.0	0.0	0.0
4030	42667	0.0	0.0	0.0	0.0
4030	42667	0.0	0.0	0.0	0.0
4030	42667	0.0	0.0	0.0	0.0
4030	42667	0.0	0.0	0.0	0.0
4030	42667	0.0	0.0	0.0	0.0
4030	42667	0.0	0.0	0.0	0.0
4030	42667	0.0	0.0	0.0	0.0
4030	42667	0.0	0.0	0.0	0.0
4030	42667	0.0	0.0	0.0	0.0
4030	42667	0.0	0.0	0.0	0.0
4030	42667	0.0	0.0	0.0	0.0
4030	42667	0.0	0.0	0.0	0.0
4030	42667	0.0	0.0	0.0	0.0
4030	42667	0.0	0.0	0.0	0.0
4030	42667	0.0	0.0	0.0	0.0
4030	42667	0.0	0.0	0.0	0.0
4030	42667	0.0	0.0	0.0	0.0
4030	42667	0.0	0.0	0.0	0.0
4030	42667	0.0	0.0	0.0	0.0
4030	42667	0.0	0.0	0.0	0.0
4030	42667	0.0	0.0	0.0	0.0
4030	42667	0.0	0.0	0.0	0.0
4030	42667	0.0	0.0	0.0	0.0
4030	42675	0.224	0.0	0.0	0.0
4030	42675	0.097	0.016	0.208	0.081
4030	42675	0.08	0.017	0.08	0.063
4030	42675	0.079	0.049	0.129	0.128
4030	42675	0.096	0.016	0.095	0.112
4030	42675	0.064	0.032	0.064	0.032
4030	42675	0.047	0.081	0.145	0.128
4030	42675	0.063	0.001	0.048	0.064
4030	42675	0.048	0.032	0.095	0.08
4030	42675	0.096	0.096	0.144	0.192
4030	42675	0.064	0.976	1.072	1.04
4030	42675	0.064	0.096	0.16	0.16
4030	42675	0.064	0.048	0.112	0.112
4030	42675	0.063	0.017	0.081	0.08
4030	42675	0.048	0.064	0.127	0.112
4030	42675	0.064	0.032	0.08	0.096
4030	42675	0.032	0.032	0.096	0.064
4030	42675	0.095	0.128	0.16	0.223
4030	42675	0.068	0.017	0.112	0.085
4030	42675	0.064	0.044	0.112	0.108
4030	42675	0.08	0.112	0.176	0.192
4030	42675	0.08	0.064	0.144	0.144
4030	42675	0.144	0.176	0.256	0.32
4030	42675	0.128	0.192	0.336	0.32
4030	42675	0.096	0.624	0.752	0.72
4030	42675	0.13	0.079	0.175	0.209
4030	42675	0.048	0.049	0.081	0.001
4030	42675	0.064	0.064	0.112	0.128
4030	42675	0.096	0.016	0.048	0.08
4030	42675	0.097	0.031	0.127	0.128
4030	42675	0.368	0.336	0.433	0.704
4030	42675	0.095	0.08	0.288	0.015
4030	42675	0.065	0.016	0.111	0.081
4030	42675	0.207	0.144	0.209	0.351
4030	42675	0.064	0.079	0.128	0.015
4030	42675	0.16	0.112	0.176	0.272
4030	42675	0.079	0.048	0.112	0.031
4030	42675	0.081	0.048	0.127	0.129
4030	42675	0.32	0.048	0.129	0.368
4030	42675	0.08	0.176	0.144	0.096
4030	42675	0.065	0.127	0.207	0.192
4030	42675	0.16	0.256	0.321	0.416
4030	42675	0.095	0.032	0.128	0.063
4030	42675	0.0	0.0	0.0	0.0
4030	42675	0.0	0.0	0.0	0.0
4030	42675	0.0	0.0	0.0	0.0
4030	42675	0.0	0.0	0.0	0.0
4030	42675	0.0	0.0	0.0	0.0
4030	42675	0.0	0.0	0.0	0.0
4030	42675	0.0	0.0	0.0	0.0
4030	42675	0.0	0.0	0.0	0.0
4030	42675	0.0	0.0	0.0	0.0
4030	42675	0.0	0.0	0.0	0.0
4030	42675	0.0	0.0	0.0	0.0
4030	42675	0.0	0.0	0.0	0.0
4030	42675	0.0	0.0	0.0	0.0
4030	42675	0.0	0.0	0.0	0.0
4030	42675	0.0	0.0	0.0	0.0
4030	42675	0.0	0.0	0.0	0.0
4030	42675	0.0	0.0	0.0	0.0
4030	42675	0.0	0.0	0.0	0.0
4030	42675	0.0	0.0	0.0	0.0
4030	42675	0.0	0.0	0.0	0.0
4030	42675	0.0	0.0	0.0	0.0
4030	42675	0.0	0.0	0.0	0.0
4030	42675	0.0	0.0	0.0	0.0
4030	42675	0.0	0.0	0.0	0.0
4030	42675	0.0	0.0	0.0	0.0
4030	42675	0.0	0.0	0.0	0.0
4030	42675	0.0	0.0	0.0	0.0
4030	42688	0.448	0.0	0.0	0.0
4030	42688	0.064	0.064	0.384	0.0
4030	42688	0.08	0.4	0.464	0.48
4030	42688	0.161	0.159	0.239	0.32
4030	42688	0.096	0.096	0.257	0.192
4030	42688	0.129	0.111	0.207	0.24
4030	42688	0.063	0.256	0.385	0.319
4030	42688	0.08	0.096	0.159	0.176
4030	42688	0.064	0.015	0.065	0.049
4030	42688	0.081	0.063	0.127	0.144
4030	42688	0.064	0.016	0.065	0.048
4030	42688	0.065	0.015	0.079	0.08
4030	42688	0.24	0.144	0.209	0.384
4030	42688	0.08	0.08	0.16	0.0
4030	42688	0.112	0.015	0.095	0.127
4030	42688	0.096	0.161	0.273	0.257
4030	42688	0.144	0.047	0.143	0.191
4030	42688	0.096	0.047	0.097	0.049
4030	42688	0.081	0.031	0.127	0.112
4030	42688	0.096	0.16	0.241	0.256
4030	42688	0.063	0.048	0.048	0.015
4030	42688	0.128	0.015	0.048	0.113
4030	42688	0.081	0.049	0.079	0.032
4030	42688	0.064	0.095	0.176	0.159
4030	42688	0.08	0.016	0.08	0.096
4030	42688	0.064	0.048	0.128	0.112
4030	42688	0.08	0.065	0.129	0.145
4030	42688	0.047	0.001	0.081	0.048
4030	42688	0.079	0.08	0.127	0.159
4030	42688	0.128	0.016	0.095	0.144
4030	42688	0.159	0.063	0.065	0.096
4030	42688	0.063	0.241	0.4	0.304
4030	42688	0.063	0.097	0.16	0.16
4030	42688	0.065	0.08	0.143	0.145
4030	42688	0.064	0.08	0.145	0.144
4030	42688	0.063	0.08	0.144	0.143
4030	42688	0.064	0.08	0.143	0.144
4030	42688	0.064	0.161	0.225	0.225
4030	42688	0.064	0.752	0.816	0.816
4030	42688	0.081	0.015	0.079	0.096
4030	42688	0.048	0.031	0.112	0.079
4030	42688	0.064	0.081	0.129	0.145
4030	42688	0.096	0.032	0.096	0.128
4030	42688	0.085	0.022	0.074	0.063
4030	42688	0.064	0.015	0.07	0.049
4030	42688	0.063	0.032	0.096	0.095
4030	42688	0.063	0.065	0.128	0.128
4030	42688	0.063	0.049	0.112	0.112
4030	42688	0.063	0.033	0.096	0.096
4030	42688	0.08	0.144	0.207	0.224
4030	42688	0.087	0.113	0.193	0.2
4030	42688	0.08	0.057	0.144	0.137
4030	42688	0.08	0.144	0.224	0.224
4030	42688	0.081	0.095	0.175	0.176
4030	42688	0.08	0.176	0.257	0.256
4030	42688	0.047	0.064	0.144	0.111
4030	42688	0.064	0.048	0.095	0.112
4030	42688	0.063	0.129	0.193	0.192
4030	42688	0.127	0.993	1.056	1.12
4030	42688	0.128	0.064	0.063	0.064
4030	42688	0.0	0.0	0.0	0.0
4030	42688	0.0	0.0	0.0	0.0
4030	42688	0.0	0.0	0.0	0.0
4030	42688	0.0	0.0	0.0	0.0
4030	42688	0.0	0.0	0.0	0.0
4030	42688	0.0	0.0	0.0	0.0
4030	42688	0.0	0.0	0.0	0.0
4030	42688	0.0	0.0	0.0	0.0
4030	42688	0.0	0.0	0.0	0.0
4030	42688	0.0	0.0	0.0	0.0
4030	42703	0.271	0.0	0.0	0.0
4030	42703	0.063	0.015	0.256	0.048
4030	42703	0.031	0.145	0.208	0.176
4030	42703	0.064	0.081	0.112	0.145
4030	42703	0.143	0.096	0.16	0.239
4030	42703	0.08	0.031	0.112	0.049
4030	42703	0.08	0.063	0.143	0.143
4030	42703	0.047	0.001	0.081	0.048
4030	42703	0.079	0.049	0.096	0.128
4030	42703	0.048	0.016	0.095	0.064
4030	42703	0.127	0.129	0.177	0.256
4030	42703	0.063	0.015	0.112	0.048
4030	42703	0.064	0.24	0.303	0.304
4030	42703	0.175	0.273	0.337	0.448
4030	42703	0.064	0.048	0.127	0.016
4030	42703	0.079	0.113	0.177	0.192
4030	42703	0.064	0.032	0.111	0.096
4030	42703	0.08	1.489	1.553	1.569
4030	42703	0.07	0.128	0.208	0.198
4030	42703	0.047	0.074	0.144	0.121
4030	42703	0.128	0.08	0.127	0.208
4030	42703	0.095	0.001	0.129	0.096
4030	42703	0.128	0.08	0.175	0.208
4030	42703	0.096	0.016	0.144	0.112
4030	42703	0.095	0.031	0.065	0.064
4030	42703	0.032	0.432	0.527	0.464
4030	42703	0.064	0.096	0.128	0.16
4030	42703	0.08	0.192	0.256	0.272
4030	42703	0.128	0.256	0.336	0.384
4030	42703	0.08	0.048	0.08	0.032
4030	42703	0.08	0.0	0.08	0.08
4030	42703	0.08	0.112	0.192	0.192
4030	42703	0.106	0.016	0.064	0.09
4030	42703	0.064	0.006	0.112	0.07
4030	42703	0.064	0.128	0.192	0.192
4030	42703	0.048	0.064	0.128	0.112
4030	42703	0.096	0.08	0.128	0.176
4030	42703	0.112	0.016	0.08	0.096
4030	42703	0.128	0.064	0.176	0.192
4030	42703	0.047	0.001	0.129	0.048
4030	42703	0.064	0.064	0.111	0.128
4030	42703	0.064	0.032	0.096	0.096
4030	42703	0.064	0.016	0.08	0.08
4030	42703	0.064	0.096	0.16	0.16
4030	42703	0.096	0.16	0.224	0.256
4030	42703	0.08	0.48	0.576	0.56
4030	42703	0.08	0.08	0.16	0.16
4030	42703	0.08	0.144	0.224	0.224
4030	42703	0.064	0.016	0.096	0.08
4030	42703	0.048	0.048	0.112	0.096
4030	42703	0.08	0.032	0.08	0.112
4030	42703	0.032	0.032	0.112	0.064
4030	42703	0.064	0.288	0.32	0.352
4030	42703	0.08	0.128	0.192	0.208
4030	42703	0.048	0.048	0.128	0.096
4030	42703	0.08	0.048	0.096	0.128
4030	42703	0.096	0.032	0.112	0.128
4030	42703	0.112	0.016	0.08	0.096
4030	42703	0.08	0.096	0.208	0.176
4030	42703	0.08	0.064	0.144	0.144
4030	42703	0.096	0.128	0.208	0.224
4030	42703	0.096	0.032	0.128	0.128
4030	42703	0.08	0.08	0.176	0.16
4030	42703	0.096	0.08	0.16	0.176
4030	42703	0.06	0.116	0.212	0.176
4030	42703	0.08	0.128	0.188	0.208
4030	42703	0.08	0.096	0.176	0.176
4030	42703	0.064	0.384	0.464	0.448
4030	42703	0.096	0.064	0.128	0.16
4030	42703	0.082	0.128	0.224	0.21
4030	42727	0.48	0.0	0.0	0.0
4030	42727	0.064	0.064	0.416	0.0
4030	42727	0.048	0.128	0.192	0.176
4030	42727	0.064	0.064	0.112	0.128
4030	42727	0.08	0.016	0.08	0.096
4030	42727	0.064	0.016	0.064	0.048
4030	42727	0.08	0.192	0.256	0.272
4030	42727	0.063	0.001	0.081	0.064
4030	42727	0.048	0.112	0.175	0.16
4030	42727	0.048	0.016	0.064	0.064
4030	42727	0.08	0.08	0.128	0.16
4030	42727	0.096	0.048	0.032	0.048
4030	42727	0.064	0.048	0.144	0.112
4030	42727	0.048	0.112	0.176	0.16
4030	42727	0.08	0.096	0.144	0.176
4030	42727	0.112	0.032	0.048	0.08
4030	42727	0.064	0.032	0.08	0.032
4030	42727	0.048	0.08	0.144	0.128
4030	42727	0.112	0.816	0.864	0.928
4030	42727	0.736	0.048	0.16	0.784
4030	42727	0.112	0.208	0.944	0.32
4030	42727	0.127	0.465	0.577	0.592
4030	42727	0.08	0.048	0.079	0.032
4030	42727	0.064	0.192	0.272	0.256
4030	42727	0.048	0.032	0.096	0.08
4030	42727	0.064	0.032	0.08	0.096
4030	42727	0.048	0.08	0.144	0.128
4030	42727	0.064	0.128	0.176	0.192
4030	42727	0.096	0.096	0.16	0.192
4030	42727	0.112	0.048	0.048	0.064
4030	42727	0.08	0.048	0.064	0.032
4030	42727	0.08	0.048	0.128	0.128
4030	42727	0.064	0.752	0.832	0.816
4030	42727	0.144	0.992	1.056	1.136
4030	42727	0.112	0.064	0.08	0.048
4030	42727	0.112	0.288	0.4	0.4
4030	42727	0.111	0.161	0.273	0.272
4030	42727	0.112	0.736	0.847	0.848
4030	42727	0.096	0.192	0.304	0.288
4030	42727	0.08	0.016	0.112	0.096
4030	42727	0.08	0.272	0.352	0.352
4030	42727	0.096	0.032	0.048	0.064
4030	42727	0.064	0.08	0.176	0.144
4030	42727	0.08	0.048	0.112	0.128
4030	42727	0.144	0.064	0.144	0.208
4030	42727	0.096	0.016	0.128	0.08
4030	42727	0.0	0.0	0.0	0.0
4030	42727	0.0	0.0	0.0	0.0
4030	42727	0.0	0.0	0.0	0.0
4030	42727	0.0	0.0	0.0	0.0
4030	42727	0.0	0.0	0.0	0.0
4030	42727	0.0	0.0	0.0	0.0
4030	42727	0.0	0.0	0.0	0.0
4030	42727	0.0	0.0	0.0	0.0
4030	42727	0.0	0.0	0.0	0.0
4030	42727	0.0	0.0	0.0	0.0
4030	42727	0.0	0.0	0.0	0.0
4030	42727	0.0	0.0	0.0	0.0
4030	42727	0.0	0.0	0.0	0.0
4030	42727	0.0	0.0	0.0	0.0
4030	42727	0.0	0.0	0.0	0.0
4030	42727	0.0	0.0	0.0	0.0
4030	42727	0.0	0.0	0.0	0.0
4030	42727	0.0	0.0	0.0	0.0
4030	42727	0.0	0.0	0.0	0.0
4030	42727	0.0	0.0	0.0	0.0
4030	42727	0.0	0.0	0.0	0.0
4030	42727	0.0	0.0	0.0	0.0
4030	42727	0.0	0.0	0.0	0.0
4030	42727	0.0	0.0	0.0	0.0
4030	42744	0.272	0.0	0.0	0.0
4030	42744	0.064	0.064	0.208	0.0
4030	42744	0.08	0.176	0.24	0.256
4030	42744	0.144	0.112	0.192	0.256
4030	42744	0.128	0.032	0.112	0.096
4030	42744	0.08	0.48	0.608	0.56
4030	42744	0.177	0.032	0.112	0.209
4030	42744	0.16	0.065	0.112	0.095
4030	42744	0.08	0.016	0.144	0.064
4030	42744	0.112	0.096	0.176	0.208
4030	42744	0.112	0.048	0.064	0.064
4030	42744	0.064	0.032	0.08	0.032
4030	42744	0.064	0.016	0.08	0.08
4030	42744	0.048	0.016	0.08	0.064
4030	42744	0.08	0.08	0.128	0.16
4030	42744	0.064	0.016	0.096	0.08
4030	42744	0.112	0.736	0.8	0.848
4030	42744	0.08	0.048	0.16	0.128
4030	42744	0.048	0.016	0.096	0.064
4030	42744	0.064	0.064	0.112	0.128
4030	42744	0.08	0.096	0.16	0.176
4030	42744	0.048	0.016	0.096	0.064
4030	42744	0.064	0.096	0.144	0.16
4030	42744	0.064	0.032	0.096	0.096
4030	42744	0.064	0.032	0.096	0.096
4030	42744	0.064	0.048	0.112	0.112
4030	42744	0.08	0.096	0.16	0.176
4030	42744	0.08	0.016	0.064	0.064
4030	42744	0.064	0.144	0.224	0.208
4030	42744	0.064	0.032	0.096	0.096
4030	42744	0.048	0.384	0.448	0.432
4030	42744	0.08	0.08	0.128	0.16
4030	42744	0.064	0.592	0.672	0.656
4030	42744	0.064	0.016	0.08	0.08
4030	42744	0.08	0.144	0.208	0.224
4030	42744	0.048	0.016	0.096	0.064
4030	42744	0.064	0.128	0.176	0.192
4030	42744	0.064	0.032	0.096	0.096
4030	42744	0.064	0.144	0.208	0.208
4030	42744	0.064	0.032	0.096	0.096
4030	42744	0.064	0.064	0.128	0.128
4030	42744	0.064	0.112	0.176	0.176
4030	42744	0.048	0.048	0.112	0.096
4030	42744	0.08	0.048	0.096	0.128
4030	42744	0.064	0.016	0.096	0.08
4030	42744	0.16	0.384	0.448	0.544
4030	42744	0.112	0.064	0.096	0.048
4030	42744	0.08	0.0	0.112	0.08
4030	42744	0.08	0.08	0.16	0.16
4030	42744	0.096	0.144	0.224	0.24
4030	42744	0.112	0.112	0.208	0.224
4030	42744	0.08	0.032	0.08	0.048
4030	42744	0.081	0.0	0.08	0.081
4030	42744	0.096	0.543	0.624	0.639
4030	42744	0.16	0.016	0.112	0.176
4030	42744	0.128	0.064	0.096	0.064
4030	42744	0.099	0.272	0.4	0.371
4030	42744	0.128	0.045	0.144	0.173
4030	42744	0.128	0.048	0.08	0.08
4030	42744	0.048	0.112	0.24	0.16
4030	42744	0.08	0.192	0.24	0.272
4030	42744	0.064	0.064	0.144	0.128
4030	42744	0.144	0.08	0.144	0.224
4030	42744	0.08	0.0	0.144	0.08
4030	42744	0.112	0.272	0.352	0.384
4030	42744	0.096	0.048	0.16	0.144
4030	42744	0.16	0.496	0.592	0.656
4030	42744	0.144	0.0	0.16	0.144
4030	42744	0.112	0.064	0.208	0.176
4030	42744	0.041	0.407	0.519	0.448
4030	42768	0.224	0.0	0.0	0.0
4030	42768	0.16	0.016	0.208	0.144
4030	42768	0.096	0.08	0.08	0.016
4030	42768	0.08	0.064	0.16	0.144
4030	42768	0.064	0.0	0.08	0.064
4030	42768	0.08	0.032	0.096	0.112
4030	42768	0.064	0.032	0.112	0.096
4030	42768	0.064	0.016	0.08	0.08
4030	42768	0.08	0.032	0.096	0.112
4030	42768	0.048	0.0	0.08	0.048
4030	42768	0.08	0.064	0.112	0.144
4030	42768	0.064	0.016	0.096	0.08
4030	42768	0.112	0.096	0.16	0.208
4030	42768	0.08	0.048	0.16	0.128
4030	42768	0.08	0.112	0.192	0.192
4030	42768	0.064	0.656	0.736	0.72
4030	42768	0.077	0.08	0.144	0.157
4030	42768	0.08	0.115	0.192	0.195
4030	42768	0.048	0.0	0.08	0.048
4030	42768	0.064	0.08	0.128	0.144
4030	42768	0.08	0.064	0.128	0.144
4030	42768	0.064	0.048	0.128	0.112
4030	42768	0.08	0.176	0.24	0.256
4030	42768	0.064	0.096	0.176	0.16
4030	42768	0.064	0.064	0.128	0.128
4030	42768	0.096	0.032	0.096	0.128
4030	42768	0.064	0.08	0.176	0.144
4030	42768	0.032	0.032	0.096	0.064
4030	42768	0.096	0.112	0.144	0.208
4030	42768	0.064	0.048	0.144	0.112
4030	42768	0.032	0.032	0.096	0.064
4030	42768	0.144	0.128	0.16	0.272
4030	42768	0.112	0.048	0.096	0.064
4030	42768	0.064	0.08	0.192	0.144
4030	42768	0.048	0.208	0.272	0.256
4030	42768	0.048	0.096	0.144	0.144
4030	42768	0.048	0.096	0.144	0.144
4030	42768	0.048	0.096	0.144	0.144
4030	42768	0.08	0.08	0.128	0.16
4030	42768	0.062	0.45	0.53	0.512
4030	42768	0.112	0.176	0.238	0.288
4030	42768	0.064	0.016	0.096	0.048
4030	42768	0.08	0.016	0.048	0.064
4030	42768	0.064	0.032	0.112	0.096
4030	42768	0.064	0.048	0.112	0.112
4030	42768	0.064	0.016	0.08	0.08
4030	42768	0.08	0.064	0.128	0.144
4030	42768	0.063	0.001	0.081	0.064
4030	42768	0.08	0.112	0.175	0.192
4030	42768	0.112	0.032	0.048	0.08
4030	42768	0.064	0.032	0.08	0.032
4030	42768	0.048	0.032	0.032	0.016
4030	42768	0.128	0.096	0.144	0.224
4030	42768	0.112	0.048	0.08	0.064
4030	42768	0.096	0.032	0.08	0.064
4030	42768	0.144	0.848	0.944	0.992
4030	42768	0.16	0.064	0.08	0.096
4030	42768	0.064	0.096	0.256	0.16
4030	42768	0.064	0.032	0.096	0.096
4030	42768	0.064	0.032	0.096	0.096
4030	42768	0.112	0.096	0.16	0.208
4030	42768	0.08	0.0	0.112	0.08
4030	42768	0.048	0.4	0.48	0.448
4030	42768	0.064	0.096	0.144	0.16
4030	42768	0.08	0.08	0.144	0.16
4030	42768	0.096	0.704	0.784	0.8
4030	42768	0.0	0.0	0.0	0.0
4030	42768	0.0	0.0	0.0	0.0
4030	42768	0.0	0.0	0.0	0.0
4030	42768	0.0	0.0	0.0	0.0
4030	42785	0.224	0.0	0.0	0.0
4030	42785	0.096	0.048	0.176	0.048
4030	42785	0.096	0.016	0.112	0.112
4030	42785	0.08	0.048	0.144	0.128
4030	42785	0.081	0.031	0.111	0.112
4030	42785	0.096	0.0	0.081	0.096
4030	42785	0.208	0.144	0.24	0.352
4030	42785	0.096	0.048	0.16	0.048
4030	42785	0.111	0.049	0.145	0.16
4030	42785	0.064	0.0	0.111	0.064
4030	42785	0.08	0.08	0.144	0.16
4030	42785	0.096	0.08	0.16	0.176
4030	42785	0.064	0.0	0.096	0.064
4030	42785	0.072	0.08	0.144	0.152
4030	42785	0.08	0.024	0.096	0.104
4030	42785	0.08	0.064	0.144	0.144
4030	42785	0.095	0.001	0.081	0.096
4030	42785	0.064	0.016	0.079	0.048
4030	42785	0.144	0.096	0.16	0.24
4030	42785	0.128	0.048	0.096	0.08
4030	42785	0.096	0.032	0.096	0.064
4030	42785	0.144	0.144	0.24	0.288
4030	42785	0.065	0.033	0.111	0.032
4030	42785	0.08	0.304	0.369	0.384
4030	42785	0.08	0.176	0.256	0.256
4030	42785	0.065	0.063	0.143	0.128
4030	42785	0.08	0.048	0.113	0.128
4030	42785	0.08	0.016	0.096	0.096
4030	42785	0.096	0.048	0.128	0.144
4030	42785	0.096	0.032	0.128	0.128
4030	42785	0.064	0.208	0.304	0.272
4030	42785	0.096	0.08	0.144	0.176
4030	42785	0.144	0.032	0.128	0.176
4030	42785	0.111	0.048	0.096	0.063
4030	42785	0.0	0.0	0.0	0.0
4030	42785	0.0	0.0	0.0	0.0
4030	42785	0.0	0.0	0.0	0.0
4030	42785	0.0	0.0	0.0	0.0
4030	42785	0.0	0.0	0.0	0.0
4030	42785	0.0	0.0	0.0	0.0
4030	42785	0.0	0.0	0.0	0.0
4030	42785	0.0	0.0	0.0	0.0
4030	42785	0.0	0.0	0.0	0.0
4030	42785	0.0	0.0	0.0	0.0
4030	42785	0.0	0.0	0.0	0.0
4030	42785	0.0	0.0	0.0	0.0
4030	42785	0.0	0.0	0.0	0.0
4030	42785	0.0	0.0	0.0	0.0
4030	42785	0.0	0.0	0.0	0.0
4030	42785	0.0	0.0	0.0	0.0
4030	42785	0.0	0.0	0.0	0.0
4030	42785	0.0	0.0	0.0	0.0
4030	42785	0.0	0.0	0.0	0.0
4030	42785	0.0	0.0	0.0	0.0
4030	42785	0.0	0.0	0.0	0.0
4030	42785	0.0	0.0	0.0	0.0
4030	42785	0.0	0.0	0.0	0.0
4030	42785	0.0	0.0	0.0	0.0
4030	42785	0.0	0.0	0.0	0.0
4030	42785	0.0	0.0	0.0	0.0
4030	42785	0.0	0.0	0.0	0.0
4030	42785	0.0	0.0	0.0	0.0
4030	42785	0.0	0.0	0.0	0.0
4030	42785	0.0	0.0	0.0	0.0
4030	42785	0.0	0.0	0.0	0.0
4030	42785	0.0	0.0	0.0	0.0
4030	42785	0.0	0.0	0.0	0.0
4030	42785	0.0	0.0	0.0	0.0
4030	42785	0.0	0.0	0.0	0.0
4030	42785	0.0	0.0	0.0	0.0
4030	42793	0.368	0.0	0.0	0.0
4030	42793	0.064	0.032	0.336	0.032
4030	42793	0.079	0.112	0.176	0.191
4030	42793	0.081	0.016	0.095	0.097
4030	42793	0.069	0.0	0.081	0.069
4030	42793	0.079	0.123	0.192	0.202
4030	42793	0.096	0.033	0.112	0.129
4030	42793	0.064	0.224	0.32	0.288
4030	42793	0.064	0.128	0.192	0.192
4030	42793	0.096	0.16	0.224	0.256
4030	42793	0.064	0.111	0.207	0.175
4030	42793	0.064	0.049	0.113	0.113
4030	42793	0.064	0.063	0.127	0.127
4030	42793	0.079	0.737	0.801	0.816
4030	42793	0.081	0.112	0.191	0.193
4030	42793	0.063	0.176	0.257	0.239
4030	42793	0.095	0.193	0.256	0.288
4030	42793	0.081	0.08	0.175	0.161
4030	42793	0.063	0.128	0.209	0.191
4030	42793	0.064	0.016	0.079	0.08
4030	42793	0.063	0.113	0.177	0.176
4030	42793	0.079	0.034	0.097	0.113
4030	42793	0.048	0.079	0.158	0.127
4030	42793	0.08	0.048	0.096	0.128
4030	42793	0.048	0.016	0.096	0.064
4030	42793	0.111	0.161	0.209	0.272
4030	42793	0.095	0.369	0.48	0.464
4030	42793	0.063	0.129	0.224	0.192
4030	42793	0.064	0.032	0.095	0.096
4030	42793	0.064	0.128	0.192	0.192
4030	42793	0.064	0.032	0.096	0.096
4030	42793	0.055	0.073	0.137	0.128
4030	42793	0.079	0.081	0.136	0.16
4030	42793	0.063	0.129	0.208	0.192
4030	42793	0.16	0.032	0.031	0.128
4030	42793	0.096	0.048	0.208	0.144
4030	42793	0.047	0.321	0.417	0.368
4030	42793	0.079	0.065	0.112	0.144
4030	42793	0.112	0.08	0.159	0.192
4030	42793	0.096	0.192	0.304	0.288
4030	42793	0.114	0.096	0.192	0.21
4030	42793	0.081	0.018	0.096	0.063
4030	42793	0.079	0.0	0.081	0.079
4030	42793	0.079	0.177	0.256	0.256
4030	42793	0.063	0.161	0.24	0.224
4030	42793	0.08	0.08	0.143	0.16
4030	42793	0.016	0.08	0.16	0.096
4030	42793	0.064	0.064	0.08	0.128
4030	42793	0.048	0.032	0.096	0.08
4030	42793	0.111	0.241	0.289	0.352
4030	42793	0.08	0.048	0.159	0.128
4030	42793	0.08	0.032	0.112	0.112
4030	42793	0.127	0.337	0.417	0.464
4030	42793	0.063	0.081	0.208	0.144
4030	42793	0.064	0.08	0.143	0.144
4030	42793	0.096	0.048	0.112	0.144
4030	42793	0.096	0.016	0.112	0.112
4030	42793	0.079	0.049	0.145	0.128
4030	42793	0.096	0.032	0.111	0.128
4030	42793	0.079	0.001	0.097	0.08
4030	42793	0.114	0.112	0.191	0.226
4030	42793	0.063	0.017	0.097	0.046
4030	42793	0.064	0.064	0.127	0.128
4030	42793	0.08	0.032	0.096	0.112
4030	42793	0.048	0.016	0.096	0.064
4030	42793	0.08	0.112	0.16	0.192
4030	42793	0.08	0.16	0.24	0.24
4030	42793	0.096	0.144	0.224	0.24
4030	42793	0.08	0.272	0.368	0.352
4030	42793	0.144	0.144	0.224	0.288
4030	42815	2.144	0.0	0.0	0.0
4030	42815	0.063	0.079	2.065	0.016
4030	42815	0.064	0.288	0.351	0.352
4030	42815	0.064	0.176	0.24	0.24
4030	42815	0.064	0.032	0.096	0.096
4030	42815	0.078	0.114	0.178	0.192
4030	42815	0.064	0.016	0.094	0.08
4030	42815	0.208	0.304	0.368	0.512
4030	42815	0.08	0.064	0.144	0.016
4030	42815	0.032	0.208	0.288	0.24
4030	42815	0.095	0.065	0.097	0.16
4030	42815	0.08	0.016	0.079	0.064
4030	42815	0.08	0.112	0.192	0.192
4030	42815	0.047	0.001	0.081	0.048
4030	42815	0.064	0.096	0.143	0.16
4030	42815	0.064	0.016	0.08	0.08
4030	42815	0.064	0.032	0.096	0.096
4030	42815	0.08	0.048	0.112	0.128
4030	42815	0.064	0.128	0.208	0.192
4030	42815	0.064	0.08	0.144	0.144
4030	42815	0.079	0.001	0.065	0.08
4030	42815	0.064	0.048	0.127	0.112
4030	42815	0.08	0.032	0.096	0.112
4030	42815	0.063	0.001	0.081	0.064
4030	42815	0.064	0.096	0.159	0.16
4030	42815	0.064	0.048	0.112	0.112
4030	42815	0.08	0.064	0.128	0.144
4030	42815	0.08	0.112	0.192	0.192
4030	42815	0.08	0.112	0.192	0.192
4030	42815	0.096	0.128	0.208	0.224
4030	42815	0.128	0.192	0.288	0.32
4030	42815	0.064	0.432	0.56	0.496
4030	42815	0.112	0.096	0.16	0.208
4030	42815	0.128	0.064	0.048	0.064
4030	42815	0.08	0.048	0.176	0.128
4030	42815	0.08	0.048	0.128	0.128
4030	42815	0.128	0.416	0.496	0.544
4030	42815	0.08	0.112	0.24	0.192
4030	42815	0.065	0.064	0.144	0.129
4030	42815	0.08	0.127	0.192	0.207
4030	42815	0.064	0.032	0.112	0.096
4030	42815	0.064	0.16	0.224	0.224
4030	42815	0.004	0.296	0.36	0.3
4030	42815	0.144	0.148	0.152	0.292
4030	42815	0.128	0.048	0.096	0.08
4030	42815	0.0	0.0	0.0	0.0
4030	42815	0.0	0.0	0.0	0.0
4030	42815	0.0	0.0	0.0	0.0
4030	42815	0.0	0.0	0.0	0.0
4030	42815	0.0	0.0	0.0	0.0
4030	42815	0.0	0.0	0.0	0.0
4030	42815	0.0	0.0	0.0	0.0
4030	42815	0.0	0.0	0.0	0.0
4030	42815	0.0	0.0	0.0	0.0
4030	42815	0.0	0.0	0.0	0.0
4030	42815	0.0	0.0	0.0	0.0
4030	42815	0.0	0.0	0.0	0.0
4030	42815	0.0	0.0	0.0	0.0
4030	42815	0.0	0.0	0.0	0.0
4030	42815	0.0	0.0	0.0	0.0
4030	42815	0.0	0.0	0.0	0.0
4030	42815	0.0	0.0	0.0	0.0
4030	42815	0.0	0.0	0.0	0.0
4030	42815	0.0	0.0	0.0	0.0
4030	42815	0.0	0.0	0.0	0.0
4030	42815	0.0	0.0	0.0	0.0
4030	42815	0.0	0.0	0.0	0.0
4030	42815	0.0	0.0	0.0	0.0
4030	42815	0.0	0.0	0.0	0.0
4030	42815	0.0	0.0	0.0	0.0
