PARTICIPANT_ID	TEST_SECTION_ID	HOLD_LATENCY	INTERKEY_LATENCY	PRESS_LATENCY	RELEASE_LATENCY
4238	45035	0.468	0.0	0.0	0.0
4238	45035	0.151	0.185	0.283	0.034
4238	45035	0.148	0.116	0.267	0.264
4238	45035	0.128	0.061	0.209	0.189
4238	45035	0.137	1.197	1.325	1.334
4238	45035	0.078	0.037	0.1	0.041
4238	45035	0.064	0.125	0.203	0.189
4238	45035	0.071	0.068	0.132	0.139
4238	45035	0.102	0.103	0.174	0.205
4238	45035	0.117	0.033	0.135	0.15
4238	45035	0.085	0.046	0.071	0.039
4238	45035	0.092	0.933	1.018	1.025
4238	45035	0.108	0.167	0.259	0.275
4238	45035	0.186	0.093	0.201	0.279
4238	45035	0.125	0.083	0.269	0.208
4238	45035	0.165	0.11	0.235	0.275
4238	45035	0.074	0.07	0.235	0.144
4238	45035	0.102	0.076	0.15	0.178
4238	45035	0.094	0.875	0.977	0.969
4238	45035	0.081	0.006	0.1	0.087
4238	45035	0.082	0.07	0.151	0.152
4238	45035	0.093	0.007	0.089	0.1
4238	45035	0.078	0.106	0.199	0.184
4238	45035	0.076	0.161	0.239	0.237
4238	45035	0.096	0.146	0.222	0.242
4238	45035	0.098	0.056	0.152	0.154
4238	45035	0.11	0.1	0.198	0.21
4238	45035	0.131	0.173	0.283	0.304
4238	45035	0.108	0.335	0.466	0.443
4238	45035	0.108	0.042	0.15	0.15
4238	45035	0.121	0.072	0.18	0.193
4238	45035	0.064	0.207	0.328	0.271
4238	45035	0.068	0.053	0.117	0.121
4238	45035	0.09	0.136	0.204	0.226
4238	45035	0.086	0.146	0.236	0.232
4238	45035	0.147	0.113	0.199	0.26
4238	45035	0.134	0.004	0.151	0.138
4238	45035	0.127	0.015	0.119	0.112
4238	45035	0.17	0.007	0.12	0.163
4238	45035	0.196	0.021	0.149	0.175
4238	45035	0.133	0.018	0.178	0.115
4238	45035	0.083	0.333	0.466	0.416
4238	45035	0.152	0.01	0.093	0.162
4238	45035	0.068	0.02	0.132	0.048
4238	45035	0.105	0.063	0.131	0.168
4238	45035	0.1	0.062	0.167	0.162
4238	45035	0.089	0.062	0.162	0.151
4238	45035	0.054	0.451	0.54	0.505
4238	45035	0.0	0.0	0.0	0.0
4238	45035	0.0	0.0	0.0	0.0
4238	45035	0.0	0.0	0.0	0.0
4238	45035	0.0	0.0	0.0	0.0
4238	45035	0.0	0.0	0.0	0.0
4238	45035	0.0	0.0	0.0	0.0
4238	45035	0.0	0.0	0.0	0.0
4238	45035	0.0	0.0	0.0	0.0
4238	45035	0.0	0.0	0.0	0.0
4238	45035	0.0	0.0	0.0	0.0
4238	45035	0.0	0.0	0.0	0.0
4238	45035	0.0	0.0	0.0	0.0
4238	45035	0.0	0.0	0.0	0.0
4238	45035	0.0	0.0	0.0	0.0
4238	45035	0.0	0.0	0.0	0.0
4238	45035	0.0	0.0	0.0	0.0
4238	45035	0.0	0.0	0.0	0.0
4238	45035	0.0	0.0	0.0	0.0
4238	45035	0.0	0.0	0.0	0.0
4238	45035	0.0	0.0	0.0	0.0
4238	45035	0.0	0.0	0.0	0.0
4238	45035	0.0	0.0	0.0	0.0
4238	45049	0.306	0.0	0.0	0.0
4238	45049	0.078	0.097	0.209	0.019
4238	45049	0.135	0.205	0.283	0.34
4238	45049	0.096	0.006	0.129	0.09
4238	45049	0.077	0.634	0.73	0.711
4238	45049	0.178	0.006	0.083	0.184
4238	45049	0.072	0.057	0.121	0.015
4238	45049	0.094	0.147	0.219	0.241
4238	45049	0.088	0.069	0.163	0.157
4238	45049	0.104	0.027	0.115	0.131
4238	45049	0.107	0.14	0.244	0.247
4238	45049	0.175	0.116	0.223	0.291
4238	45049	0.083	0.091	0.084	0.008
4238	45049	0.091	0.05	0.133	0.141
4238	45049	0.078	0.126	0.217	0.204
4238	45049	0.177	0.074	0.152	0.251
4238	45049	0.077	0.072	0.105	0.005
4238	45049	0.143	0.488	0.565	0.631
4238	45049	0.116	0.043	0.1	0.073
4238	45049	0.123	0.059	0.175	0.182
4238	45049	0.099	0.005	0.118	0.094
4238	45049	0.328	0.226	0.325	0.554
4238	45049	0.099	0.193	0.135	0.094
4238	45049	0.104	0.116	0.215	0.22
4238	45049	0.086	0.131	0.235	0.217
4238	45049	0.114	0.402	0.488	0.516
4238	45049	0.141	0.077	0.191	0.218
4238	45049	0.089	0.076	0.065	0.013
4238	45049	0.119	0.053	0.142	0.172
4238	45049	0.316	0.084	0.203	0.4
4238	45049	0.105	0.227	0.089	0.122
4238	45049	0.073	0.131	0.236	0.204
4238	45049	0.054	0.406	0.479	0.46
4238	45049	0.079	0.095	0.149	0.174
4238	45049	0.193	0.571	0.65	0.764
4238	45049	0.068	0.199	0.392	0.267
4238	45049	0.062	0.116	0.184	0.178
4238	45049	0.064	0.348	0.41	0.412
4238	45049	0.0	0.0	0.0	0.0
4238	45049	0.0	0.0	0.0	0.0
4238	45049	0.0	0.0	0.0	0.0
4238	45049	0.0	0.0	0.0	0.0
4238	45049	0.0	0.0	0.0	0.0
4238	45049	0.0	0.0	0.0	0.0
4238	45049	0.0	0.0	0.0	0.0
4238	45049	0.0	0.0	0.0	0.0
4238	45049	0.0	0.0	0.0	0.0
4238	45049	0.0	0.0	0.0	0.0
4238	45049	0.0	0.0	0.0	0.0
4238	45049	0.0	0.0	0.0	0.0
4238	45049	0.0	0.0	0.0	0.0
4238	45049	0.0	0.0	0.0	0.0
4238	45049	0.0	0.0	0.0	0.0
4238	45049	0.0	0.0	0.0	0.0
4238	45049	0.0	0.0	0.0	0.0
4238	45049	0.0	0.0	0.0	0.0
4238	45049	0.0	0.0	0.0	0.0
4238	45049	0.0	0.0	0.0	0.0
4238	45049	0.0	0.0	0.0	0.0
4238	45049	0.0	0.0	0.0	0.0
4238	45049	0.0	0.0	0.0	0.0
4238	45049	0.0	0.0	0.0	0.0
4238	45049	0.0	0.0	0.0	0.0
4238	45049	0.0	0.0	0.0	0.0
4238	45049	0.0	0.0	0.0	0.0
4238	45049	0.0	0.0	0.0	0.0
4238	45049	0.0	0.0	0.0	0.0
4238	45049	0.0	0.0	0.0	0.0
4238	45049	0.0	0.0	0.0	0.0
4238	45049	0.0	0.0	0.0	0.0
4238	45063	0.075	0.0	0.0	0.0
4238	45063	0.12	0.27	0.345	0.39
4238	45063	0.077	0.031	0.151	0.108
4238	45063	0.131	0.144	0.221	0.275
4238	45063	0.157	0.042	0.173	0.199
4238	45063	0.136	0.021	0.136	0.115
4238	45063	0.11	0.021	0.157	0.131
4238	45063	0.115	0.005	0.105	0.11
4238	45063	0.187	0.084	0.199	0.271
4238	45063	0.163	0.015	0.172	0.148
4238	45063	0.12	0.021	0.184	0.141
4238	45063	0.096	0.017	0.103	0.079
4238	45063	0.098	0.105	0.201	0.203
4238	45063	0.107	0.09	0.188	0.197
4238	45063	0.148	0.004	0.103	0.144
4238	45063	0.087	0.021	0.127	0.066
4238	45063	0.084	0.112	0.199	0.196
4238	45063	0.078	0.163	0.247	0.241
4238	45063	0.098	0.084	0.162	0.182
4238	45063	0.132	0.031	0.129	0.163
4238	45063	0.099	0.153	0.285	0.252
4238	45063	0.102	0.071	0.17	0.173
4238	45063	0.089	0.073	0.175	0.162
4238	45063	0.071	0.099	0.188	0.17
4238	45063	0.104	0.144	0.215	0.248
4238	45063	0.046	0.169	0.273	0.215
4238	45063	0.0	0.0	0.0	0.0
4238	45063	0.0	0.0	0.0	0.0
4238	45063	0.0	0.0	0.0	0.0
4238	45063	0.0	0.0	0.0	0.0
4238	45063	0.0	0.0	0.0	0.0
4238	45063	0.0	0.0	0.0	0.0
4238	45063	0.0	0.0	0.0	0.0
4238	45063	0.0	0.0	0.0	0.0
4238	45063	0.0	0.0	0.0	0.0
4238	45063	0.0	0.0	0.0	0.0
4238	45063	0.0	0.0	0.0	0.0
4238	45063	0.0	0.0	0.0	0.0
4238	45063	0.0	0.0	0.0	0.0
4238	45063	0.0	0.0	0.0	0.0
4238	45063	0.0	0.0	0.0	0.0
4238	45063	0.0	0.0	0.0	0.0
4238	45063	0.0	0.0	0.0	0.0
4238	45063	0.0	0.0	0.0	0.0
4238	45063	0.0	0.0	0.0	0.0
4238	45063	0.0	0.0	0.0	0.0
4238	45063	0.0	0.0	0.0	0.0
4238	45063	0.0	0.0	0.0	0.0
4238	45063	0.0	0.0	0.0	0.0
4238	45063	0.0	0.0	0.0	0.0
4238	45063	0.0	0.0	0.0	0.0
4238	45063	0.0	0.0	0.0	0.0
4238	45063	0.0	0.0	0.0	0.0
4238	45063	0.0	0.0	0.0	0.0
4238	45063	0.0	0.0	0.0	0.0
4238	45063	0.0	0.0	0.0	0.0
4238	45063	0.0	0.0	0.0	0.0
4238	45063	0.0	0.0	0.0	0.0
4238	45063	0.0	0.0	0.0	0.0
4238	45063	0.0	0.0	0.0	0.0
4238	45063	0.0	0.0	0.0	0.0
4238	45063	0.0	0.0	0.0	0.0
4238	45063	0.0	0.0	0.0	0.0
4238	45063	0.0	0.0	0.0	0.0
4238	45063	0.0	0.0	0.0	0.0
4238	45063	0.0	0.0	0.0	0.0
4238	45063	0.0	0.0	0.0	0.0
4238	45063	0.0	0.0	0.0	0.0
4238	45063	0.0	0.0	0.0	0.0
4238	45063	0.0	0.0	0.0	0.0
4238	45075	0.219	0.0	0.0	0.0
4238	45075	0.073	0.049	0.17	0.024
4238	45075	0.141	0.188	0.261	0.329
4238	45075	0.094	0.067	0.074	0.027
4238	45075	0.136	0.073	0.167	0.209
4238	45075	0.11	0.011	0.125	0.099
4238	45075	0.144	0.032	0.142	0.176
4238	45075	0.081	0.013	0.131	0.068
4238	45075	0.184	0.097	0.178	0.281
4238	45075	0.076	0.05	0.134	0.026
4238	45075	0.114	0.104	0.18	0.218
4238	45075	0.074	0.063	0.177	0.137
4238	45075	0.088	0.194	0.268	0.282
4238	45075	0.079	0.085	0.173	0.164
4238	45075	0.118	0.096	0.175	0.214
4238	45075	0.084	0.005	0.123	0.089
4238	45075	0.184	0.093	0.177	0.277
4238	45075	0.104	0.125	0.059	0.021
4238	45075	0.087	0.066	0.17	0.153
4238	45075	0.089	0.282	0.369	0.371
4238	45075	0.13	0.105	0.194	0.235
4238	45075	0.07	0.047	0.083	0.023
4238	45075	0.079	0.55	0.62	0.629
4238	45075	0.0	0.0	0.0	0.0
4238	45075	0.0	0.0	0.0	0.0
4238	45075	0.0	0.0	0.0	0.0
4238	45075	0.0	0.0	0.0	0.0
4238	45075	0.0	0.0	0.0	0.0
4238	45075	0.0	0.0	0.0	0.0
4238	45075	0.0	0.0	0.0	0.0
4238	45075	0.0	0.0	0.0	0.0
4238	45075	0.0	0.0	0.0	0.0
4238	45075	0.0	0.0	0.0	0.0
4238	45075	0.0	0.0	0.0	0.0
4238	45075	0.0	0.0	0.0	0.0
4238	45075	0.0	0.0	0.0	0.0
4238	45075	0.0	0.0	0.0	0.0
4238	45075	0.0	0.0	0.0	0.0
4238	45075	0.0	0.0	0.0	0.0
4238	45075	0.0	0.0	0.0	0.0
4238	45075	0.0	0.0	0.0	0.0
4238	45075	0.0	0.0	0.0	0.0
4238	45075	0.0	0.0	0.0	0.0
4238	45075	0.0	0.0	0.0	0.0
4238	45075	0.0	0.0	0.0	0.0
4238	45075	0.0	0.0	0.0	0.0
4238	45075	0.0	0.0	0.0	0.0
4238	45075	0.0	0.0	0.0	0.0
4238	45075	0.0	0.0	0.0	0.0
4238	45075	0.0	0.0	0.0	0.0
4238	45075	0.0	0.0	0.0	0.0
4238	45075	0.0	0.0	0.0	0.0
4238	45075	0.0	0.0	0.0	0.0
4238	45075	0.0	0.0	0.0	0.0
4238	45075	0.0	0.0	0.0	0.0
4238	45075	0.0	0.0	0.0	0.0
4238	45075	0.0	0.0	0.0	0.0
4238	45075	0.0	0.0	0.0	0.0
4238	45075	0.0	0.0	0.0	0.0
4238	45075	0.0	0.0	0.0	0.0
4238	45075	0.0	0.0	0.0	0.0
4238	45075	0.0	0.0	0.0	0.0
4238	45075	0.0	0.0	0.0	0.0
4238	45075	0.0	0.0	0.0	0.0
4238	45075	0.0	0.0	0.0	0.0
4238	45075	0.0	0.0	0.0	0.0
4238	45075	0.0	0.0	0.0	0.0
4238	45075	0.0	0.0	0.0	0.0
4238	45075	0.0	0.0	0.0	0.0
4238	45075	0.0	0.0	0.0	0.0
4238	45085	0.35	0.0	0.0	0.0
4238	45085	0.077	0.154	0.196	0.077
4238	45085	0.116	0.237	0.314	0.353
4238	45085	0.095	0.161	0.277	0.256
4238	45085	0.105	0.05	0.145	0.155
4238	45085	0.13	0.028	0.133	0.158
4238	45085	0.068	0.046	0.084	0.022
4238	45085	0.088	0.079	0.147	0.167
4238	45085	0.071	0.111	0.199	0.182
4238	45085	0.104	0.028	0.099	0.132
4238	45085	0.067	0.059	0.163	0.126
4238	45085	0.094	0.084	0.151	0.178
4238	45085	0.11	0.115	0.209	0.225
4238	45085	0.086	0.004	0.106	0.082
4238	45085	0.19	0.071	0.157	0.261
4238	45085	0.156	0.007	0.183	0.149
4238	45085	0.094	0.048	0.204	0.142
4238	45085	0.117	0.476	0.57	0.593
4238	45085	0.179	0.086	0.203	0.265
4238	45085	0.067	0.372	0.551	0.439
4238	45085	0.104	0.08	0.147	0.184
4238	45085	0.105	0.042	0.146	0.147
4238	45085	0.084	0.017	0.088	0.067
4238	45085	0.101	0.101	0.185	0.202
4238	45085	0.117	0.103	0.204	0.22
4238	45085	0.167	0.076	0.193	0.243
4238	45085	0.06	0.082	0.085	0.022
4238	45085	0.063	1.694	1.754	1.757
4238	45085	0.0	0.0	0.0	0.0
4238	45085	0.0	0.0	0.0	0.0
4238	45085	0.0	0.0	0.0	0.0
4238	45085	0.0	0.0	0.0	0.0
4238	45085	0.0	0.0	0.0	0.0
4238	45085	0.0	0.0	0.0	0.0
4238	45085	0.0	0.0	0.0	0.0
4238	45085	0.0	0.0	0.0	0.0
4238	45085	0.0	0.0	0.0	0.0
4238	45085	0.0	0.0	0.0	0.0
4238	45085	0.0	0.0	0.0	0.0
4238	45085	0.0	0.0	0.0	0.0
4238	45085	0.0	0.0	0.0	0.0
4238	45085	0.0	0.0	0.0	0.0
4238	45085	0.0	0.0	0.0	0.0
4238	45085	0.0	0.0	0.0	0.0
4238	45085	0.0	0.0	0.0	0.0
4238	45085	0.0	0.0	0.0	0.0
4238	45085	0.0	0.0	0.0	0.0
4238	45085	0.0	0.0	0.0	0.0
4238	45085	0.0	0.0	0.0	0.0
4238	45085	0.0	0.0	0.0	0.0
4238	45085	0.0	0.0	0.0	0.0
4238	45085	0.0	0.0	0.0	0.0
4238	45085	0.0	0.0	0.0	0.0
4238	45085	0.0	0.0	0.0	0.0
4238	45085	0.0	0.0	0.0	0.0
4238	45085	0.0	0.0	0.0	0.0
4238	45085	0.0	0.0	0.0	0.0
4238	45085	0.0	0.0	0.0	0.0
4238	45085	0.0	0.0	0.0	0.0
4238	45085	0.0	0.0	0.0	0.0
4238	45085	0.0	0.0	0.0	0.0
4238	45085	0.0	0.0	0.0	0.0
4238	45085	0.0	0.0	0.0	0.0
4238	45085	0.0	0.0	0.0	0.0
4238	45085	0.0	0.0	0.0	0.0
4238	45085	0.0	0.0	0.0	0.0
4238	45085	0.0	0.0	0.0	0.0
4238	45085	0.0	0.0	0.0	0.0
4238	45085	0.0	0.0	0.0	0.0
4238	45085	0.0	0.0	0.0	0.0
4238	45098	0.445	0.0	0.0	0.0
4238	45098	0.072	0.184	0.261	0.112
4238	45098	0.103	0.264	0.336	0.367
4238	45098	0.072	0.112	0.215	0.184
4238	45098	0.115	0.106	0.178	0.221
4238	45098	0.099	0.026	0.141	0.125
4238	45098	0.182	0.099	0.198	0.281
4238	45098	0.098	0.093	0.089	0.005
4238	45098	0.115	0.05	0.148	0.165
4238	45098	0.112	0.008	0.123	0.12
4238	45098	0.14	0.2	0.312	0.34
4238	45098	0.061	0.021	0.161	0.082
4238	45098	0.095	0.138	0.199	0.233
4238	45098	0.18	0.123	0.218	0.303
4238	45098	0.089	0.052	0.128	0.037
4238	45098	0.079	0.126	0.215	0.205
4238	45098	0.088	0.147	0.226	0.235
4238	45098	0.134	0.139	0.227	0.273
4238	45098	0.095	0.014	0.148	0.109
4238	45098	0.094	0.136	0.231	0.23
4238	45098	0.141	0.075	0.169	0.216
4238	45098	0.086	0.021	0.162	0.107
4238	45098	0.11	0.317	0.403	0.427
4238	45098	0.083	0.042	0.068	0.041
4238	45098	0.104	0.069	0.152	0.173
4238	45098	0.083	0.084	0.188	0.167
4238	45098	0.12	0.09	0.173	0.21
4238	45098	0.094	0.015	0.105	0.079
4238	45098	0.077	0.074	0.168	0.151
4238	45098	0.105	0.05	0.127	0.155
4238	45098	0.119	0.46	0.565	0.579
4238	45098	0.077	0.016	0.103	0.061
4238	45098	0.105	0.086	0.163	0.191
4238	45098	0.145	0.027	0.132	0.172
4238	45098	0.09	0.103	0.248	0.193
4238	45098	0.104	0.065	0.155	0.169
4238	45098	0.109	0.011	0.115	0.12
4238	45098	0.104	0.09	0.199	0.194
4238	45098	0.099	0.079	0.183	0.178
4238	45098	0.118	0.396	0.495	0.514
4238	45098	0.104	0.015	0.133	0.119
4238	45098	0.081	0.077	0.181	0.158
4238	45098	0.074	0.173	0.254	0.247
4238	45098	0.242	0.026	0.1	0.268
4238	45098	0.054	0.056	0.298	0.11
4238	45098	0.089	0.48	0.534	0.569
4238	45098	0.12	0.037	0.126	0.157
4238	45098	0.112	0.058	0.178	0.17
4238	45098	0.126	0.039	0.151	0.165
4238	45098	0.078	0.036	0.09	0.042
4238	45098	0.135	0.127	0.205	0.262
4238	45098	0.106	0.077	0.212	0.183
4238	45098	0.149	0.852	0.958	1.001
4238	45098	0.088	0.141	0.29	0.229
4238	45098	0.095	0.068	0.156	0.163
4238	45098	0.082	0.014	0.081	0.068
4238	45098	0.113	0.042	0.124	0.155
4238	45098	0.073	0.024	0.137	0.097
4238	45098	0.126	0.125	0.198	0.251
4238	45098	0.056	0.351	0.477	0.407
4238	45098	0.0	0.0	0.0	0.0
4238	45098	0.0	0.0	0.0	0.0
4238	45098	0.0	0.0	0.0	0.0
4238	45098	0.0	0.0	0.0	0.0
4238	45098	0.0	0.0	0.0	0.0
4238	45098	0.0	0.0	0.0	0.0
4238	45098	0.0	0.0	0.0	0.0
4238	45098	0.0	0.0	0.0	0.0
4238	45098	0.0	0.0	0.0	0.0
4238	45098	0.0	0.0	0.0	0.0
4238	45126	0.314	0.0	0.0	0.0
4238	45126	0.11	0.125	0.189	0.015
4238	45126	0.131	0.24	0.35	0.371
4238	45126	0.125	0.122	0.253	0.247
4238	45126	0.083	0.057	0.182	0.14
4238	45126	0.106	0.12	0.203	0.226
4238	45126	0.099	0.1	0.206	0.199
4238	45126	0.139	0.748	0.847	0.887
4238	45126	0.084	0.259	0.398	0.343
4238	45126	0.12	0.205	0.289	0.325
4238	45126	0.074	0.214	0.334	0.288
4238	45126	0.1	0.146	0.22	0.246
4238	45126	0.102	0.115	0.215	0.217
4238	45126	0.096	0.012	0.09	0.084
4238	45126	0.072	0.129	0.225	0.201
4238	45126	0.114	0.072	0.144	0.186
4238	45126	0.155	0.344	0.458	0.499
4238	45126	0.084	0.066	0.221	0.15
4238	45126	0.069	0.155	0.239	0.224
4238	45126	0.719	0.374	0.443	1.093
4238	45126	0.109	0.166	0.553	0.057
4238	45126	0.104	0.752	0.861	0.856
4238	45126	0.081	0.005	0.109	0.086
4238	45126	0.135	0.063	0.144	0.198
4238	45126	0.086	0.09	0.225	0.176
4238	45126	0.492	0.807	0.893	1.299
4238	45126	0.174	0.197	0.295	0.023
4238	45126	0.083	0.089	0.263	0.172
4238	45126	0.177	0.103	0.186	0.28
4238	45126	0.117	0.145	0.322	0.262
4238	45126	0.09	0.045	0.072	0.045
4238	45126	0.087	0.125	0.215	0.212
4238	45126	0.157	0.018	0.105	0.175
4238	45126	0.084	0.324	0.481	0.408
4238	45126	0.541	0.226	0.31	0.767
4238	45126	0.167	0.185	0.356	0.018
4238	45126	0.073	0.202	0.369	0.275
4238	45126	0.07	0.179	0.252	0.249
4238	45126	0.0	0.0	0.0	0.0
4238	45126	0.0	0.0	0.0	0.0
4238	45126	0.0	0.0	0.0	0.0
4238	45126	0.0	0.0	0.0	0.0
4238	45126	0.0	0.0	0.0	0.0
4238	45126	0.0	0.0	0.0	0.0
4238	45126	0.0	0.0	0.0	0.0
4238	45126	0.0	0.0	0.0	0.0
4238	45126	0.0	0.0	0.0	0.0
4238	45126	0.0	0.0	0.0	0.0
4238	45126	0.0	0.0	0.0	0.0
4238	45126	0.0	0.0	0.0	0.0
4238	45126	0.0	0.0	0.0	0.0
4238	45126	0.0	0.0	0.0	0.0
4238	45126	0.0	0.0	0.0	0.0
4238	45126	0.0	0.0	0.0	0.0
4238	45126	0.0	0.0	0.0	0.0
4238	45126	0.0	0.0	0.0	0.0
4238	45126	0.0	0.0	0.0	0.0
4238	45126	0.0	0.0	0.0	0.0
4238	45126	0.0	0.0	0.0	0.0
4238	45126	0.0	0.0	0.0	0.0
4238	45126	0.0	0.0	0.0	0.0
4238	45126	0.0	0.0	0.0	0.0
4238	45126	0.0	0.0	0.0	0.0
4238	45126	0.0	0.0	0.0	0.0
4238	45126	0.0	0.0	0.0	0.0
4238	45126	0.0	0.0	0.0	0.0
4238	45126	0.0	0.0	0.0	0.0
4238	45126	0.0	0.0	0.0	0.0
4238	45126	0.0	0.0	0.0	0.0
4238	45126	0.0	0.0	0.0	0.0
4238	45150	0.49	0.0	0.0	0.0
4238	45150	0.178	0.215	0.275	0.037
4238	45150	0.073	0.209	0.387	0.282
4238	45150	0.058	0.145	0.218	0.203
4238	45150	0.066	0.623	0.681	0.689
4238	45150	0.098	0.07	0.136	0.168
4238	45150	0.056	0.091	0.189	0.147
4238	45150	0.084	0.356	0.412	0.44
4238	45150	0.092	0.129	0.213	0.221
4238	45150	0.099	0.032	0.124	0.131
4238	45150	0.078	0.005	0.104	0.083
4238	45150	0.152	0.058	0.136	0.21
4238	45150	0.154	0.05	0.102	0.104
4238	45150	0.109	0.02	0.134	0.089
4238	45150	0.102	0.1	0.209	0.202
4238	45150	0.062	0.134	0.236	0.196
4238	45150	0.132	0.073	0.135	0.205
4238	45150	0.078	0.063	0.069	0.015
4238	45150	0.079	0.089	0.167	0.168
4238	45150	0.073	0.115	0.194	0.188
4238	45150	0.12	0.047	0.12	0.167
4238	45150	0.088	0.015	0.105	0.073
4238	45150	0.079	0.043	0.131	0.122
4238	45150	0.082	0.104	0.183	0.186
4238	45150	0.07	0.12	0.202	0.19
4238	45150	0.058	0.438	0.508	0.496
4238	45150	0.067	1.196	1.254	1.263
4238	45150	0.06	0.31	0.377	0.37
4238	45150	0.064	0.319	0.379	0.383
4238	45150	0.0	0.0	0.0	0.0
4238	45150	0.0	0.0	0.0	0.0
4238	45150	0.0	0.0	0.0	0.0
4238	45150	0.0	0.0	0.0	0.0
4238	45150	0.0	0.0	0.0	0.0
4238	45150	0.0	0.0	0.0	0.0
4238	45150	0.0	0.0	0.0	0.0
4238	45150	0.0	0.0	0.0	0.0
4238	45150	0.0	0.0	0.0	0.0
4238	45150	0.0	0.0	0.0	0.0
4238	45150	0.0	0.0	0.0	0.0
4238	45150	0.0	0.0	0.0	0.0
4238	45150	0.0	0.0	0.0	0.0
4238	45150	0.0	0.0	0.0	0.0
4238	45150	0.0	0.0	0.0	0.0
4238	45150	0.0	0.0	0.0	0.0
4238	45150	0.0	0.0	0.0	0.0
4238	45150	0.0	0.0	0.0	0.0
4238	45150	0.0	0.0	0.0	0.0
4238	45150	0.0	0.0	0.0	0.0
4238	45150	0.0	0.0	0.0	0.0
4238	45150	0.0	0.0	0.0	0.0
4238	45150	0.0	0.0	0.0	0.0
4238	45150	0.0	0.0	0.0	0.0
4238	45150	0.0	0.0	0.0	0.0
4238	45150	0.0	0.0	0.0	0.0
4238	45150	0.0	0.0	0.0	0.0
4238	45150	0.0	0.0	0.0	0.0
4238	45150	0.0	0.0	0.0	0.0
4238	45150	0.0	0.0	0.0	0.0
4238	45150	0.0	0.0	0.0	0.0
4238	45150	0.0	0.0	0.0	0.0
4238	45150	0.0	0.0	0.0	0.0
4238	45150	0.0	0.0	0.0	0.0
4238	45150	0.0	0.0	0.0	0.0
4238	45150	0.0	0.0	0.0	0.0
4238	45150	0.0	0.0	0.0	0.0
4238	45150	0.0	0.0	0.0	0.0
4238	45150	0.0	0.0	0.0	0.0
4238	45150	0.0	0.0	0.0	0.0
4238	45150	0.0	0.0	0.0	0.0
4238	45166	0.296	0.0	0.0	0.0
4238	45166	0.073	0.093	0.203	0.02
4238	45166	0.085	0.237	0.31	0.322
4238	45166	0.073	0.14	0.225	0.213
4238	45166	0.111	0.094	0.167	0.205
4238	45166	0.09	0.009	0.12	0.099
4238	45166	0.084	0.115	0.205	0.199
4238	45166	0.151	0.296	0.38	0.447
4238	45166	0.072	0.055	0.206	0.127
4238	45166	0.073	0.131	0.203	0.204
4238	45166	0.104	0.139	0.212	0.243
4238	45166	0.07	0.202	0.306	0.272
4238	45166	0.094	0.184	0.254	0.278
4238	45166	0.145	0.271	0.365	0.416
4238	45166	0.101	0.111	0.256	0.212
4238	45166	0.091	0.061	0.162	0.152
4238	45166	0.157	0.089	0.18	0.246
4238	45166	0.083	0.025	0.132	0.058
4238	45166	0.124	0.059	0.142	0.183
4238	45166	0.073	0.026	0.098	0.047
4238	45166	0.089	0.105	0.178	0.194
4238	45166	0.068	0.11	0.199	0.178
4238	45166	0.099	0.152	0.22	0.251
4238	45166	0.07	0.125	0.224	0.195
4238	45166	0.131	0.13	0.2	0.261
4238	45166	0.091	0.011	0.12	0.08
4238	45166	0.195	0.075	0.166	0.27
4238	45166	0.077	0.025	0.17	0.052
4238	45166	0.048	0.095	0.172	0.143
4238	45166	0.12	0.926	0.974	1.046
4238	45166	0.105	0.058	0.178	0.163
4238	45166	0.122	0.141	0.246	0.263
4238	45166	0.059	0.006	0.116	0.053
4238	45166	0.188	0.082	0.141	0.27
4238	45166	0.065	0.024	0.212	0.089
4238	45166	0.117	0.045	0.11	0.162
4238	45166	0.163	0.136	0.253	0.299
4238	45166	0.057	0.775	0.938	0.832
4238	45166	0.0	0.0	0.0	0.0
4238	45166	0.0	0.0	0.0	0.0
4238	45166	0.0	0.0	0.0	0.0
4238	45166	0.0	0.0	0.0	0.0
4238	45166	0.0	0.0	0.0	0.0
4238	45166	0.0	0.0	0.0	0.0
4238	45166	0.0	0.0	0.0	0.0
4238	45166	0.0	0.0	0.0	0.0
4238	45166	0.0	0.0	0.0	0.0
4238	45166	0.0	0.0	0.0	0.0
4238	45166	0.0	0.0	0.0	0.0
4238	45166	0.0	0.0	0.0	0.0
4238	45166	0.0	0.0	0.0	0.0
4238	45166	0.0	0.0	0.0	0.0
4238	45166	0.0	0.0	0.0	0.0
4238	45166	0.0	0.0	0.0	0.0
4238	45166	0.0	0.0	0.0	0.0
4238	45166	0.0	0.0	0.0	0.0
4238	45166	0.0	0.0	0.0	0.0
4238	45166	0.0	0.0	0.0	0.0
4238	45166	0.0	0.0	0.0	0.0
4238	45166	0.0	0.0	0.0	0.0
4238	45166	0.0	0.0	0.0	0.0
4238	45166	0.0	0.0	0.0	0.0
4238	45166	0.0	0.0	0.0	0.0
4238	45166	0.0	0.0	0.0	0.0
4238	45166	0.0	0.0	0.0	0.0
4238	45166	0.0	0.0	0.0	0.0
4238	45166	0.0	0.0	0.0	0.0
4238	45166	0.0	0.0	0.0	0.0
4238	45166	0.0	0.0	0.0	0.0
4238	45166	0.0	0.0	0.0	0.0
4238	45182	0.332	0.0	0.0	0.0
4238	45182	0.091	0.101	0.231	0.01
4238	45182	0.062	0.153	0.244	0.215
4238	45182	0.131	0.036	0.098	0.167
4238	45182	0.093	0.079	0.21	0.172
4238	45182	0.076	0.128	0.221	0.204
4238	45182	0.11	0.038	0.114	0.148
4238	45182	0.151	0.111	0.221	0.262
4238	45182	0.089	0.082	0.069	0.007
4238	45182	0.143	0.074	0.163	0.217
4238	45182	0.073	0.01	0.133	0.063
4238	45182	0.154	0.024	0.097	0.178
4238	45182	0.069	0.026	0.18	0.095
4238	45182	0.097	0.104	0.173	0.201
4238	45182	0.077	0.103	0.2	0.18
4238	45182	0.084	0.083	0.16	0.167
4238	45182	0.159	0.099	0.183	0.258
4238	45182	0.088	0.021	0.138	0.067
4238	45182	0.136	0.074	0.162	0.21
4238	45182	0.088	0.035	0.171	0.123
4238	45182	0.138	0.613	0.701	0.751
4238	45182	0.112	0.056	0.194	0.168
4238	45182	0.124	0.14	0.252	0.264
4238	45182	0.137	0.071	0.195	0.208
4238	45182	0.089	0.015	0.152	0.104
4238	45182	0.085	0.062	0.151	0.147
4238	45182	0.083	0.131	0.216	0.214
4238	45182	0.1	0.094	0.177	0.194
4238	45182	0.083	0.011	0.111	0.094
4238	45182	0.096	0.042	0.125	0.138
4238	45182	0.058	0.118	0.214	0.176
4238	45182	0.075	0.095	0.153	0.17
4238	45182	0.15	0.183	0.258	0.333
4238	45182	0.171	0.04	0.19	0.211
4238	45182	0.136	0.018	0.153	0.118
4238	45182	0.138	0.11	0.246	0.248
4238	45182	0.067	0.006	0.132	0.061
4238	45182	0.073	0.063	0.13	0.136
4238	45182	0.104	0.121	0.194	0.225
4238	45182	0.099	0.015	0.089	0.084
4238	45182	0.184	0.073	0.172	0.257
4238	45182	0.073	0.068	0.116	0.005
4238	45182	0.121	0.099	0.172	0.22
4238	45182	0.139	0.041	0.162	0.18
4238	45182	0.09	0.313	0.452	0.403
4238	45182	0.088	0.103	0.193	0.191
4238	45182	0.126	0.057	0.145	0.183
4238	45182	0.081	0.041	0.085	0.04
4238	45182	0.096	0.338	0.419	0.434
4238	45182	0.094	0.05	0.146	0.144
4238	45182	0.08	0.109	0.203	0.189
4238	45182	0.082	0.125	0.205	0.207
4238	45182	0.104	0.07	0.152	0.174
4238	45182	0.07	0.219	0.323	0.289
4238	45182	0.0	0.0	0.0	0.0
4238	45182	0.0	0.0	0.0	0.0
4238	45182	0.0	0.0	0.0	0.0
4238	45182	0.0	0.0	0.0	0.0
4238	45182	0.0	0.0	0.0	0.0
4238	45182	0.0	0.0	0.0	0.0
4238	45182	0.0	0.0	0.0	0.0
4238	45182	0.0	0.0	0.0	0.0
4238	45182	0.0	0.0	0.0	0.0
4238	45182	0.0	0.0	0.0	0.0
4238	45182	0.0	0.0	0.0	0.0
4238	45182	0.0	0.0	0.0	0.0
4238	45182	0.0	0.0	0.0	0.0
4238	45182	0.0	0.0	0.0	0.0
4238	45182	0.0	0.0	0.0	0.0
4238	45182	0.0	0.0	0.0	0.0
4238	45204	0.346	0.0	0.0	0.0
4238	45204	0.103	0.166	0.18	0.063
4238	45204	0.116	0.34	0.443	0.456
4238	45204	0.947	0.042	0.158	0.989
4238	45204	0.077	0.203	0.744	0.126
4238	45204	0.084	0.315	0.392	0.399
4238	45204	0.096	0.099	0.183	0.195
4238	45204	0.141	0.046	0.142	0.187
4238	45204	0.095	0.052	0.089	0.043
4238	45204	0.145	0.113	0.208	0.258
4238	45204	0.1	0.024	0.121	0.076
4238	45204	0.11	0.026	0.126	0.136
4238	45204	0.098	0.041	0.069	0.057
4238	45204	0.141	0.095	0.193	0.236
4238	45204	0.097	0.005	0.146	0.102
4238	45204	0.146	0.6	0.697	0.746
4238	45204	0.083	0.041	0.105	0.042
4238	45204	0.067	0.111	0.194	0.178
4238	45204	0.074	0.052	0.119	0.126
4238	45204	0.16	0.016	0.09	0.176
4238	45204	0.128	0.004	0.164	0.132
4238	45204	0.165	0.095	0.223	0.26
4238	45204	0.079	0.008	0.173	0.087
4238	45204	0.0	0.0	0.0	0.0
4238	45204	0.0	0.0	0.0	0.0
4238	45204	0.0	0.0	0.0	0.0
4238	45204	0.0	0.0	0.0	0.0
4238	45204	0.0	0.0	0.0	0.0
4238	45204	0.0	0.0	0.0	0.0
4238	45204	0.0	0.0	0.0	0.0
4238	45204	0.0	0.0	0.0	0.0
4238	45204	0.0	0.0	0.0	0.0
4238	45204	0.0	0.0	0.0	0.0
4238	45204	0.0	0.0	0.0	0.0
4238	45204	0.0	0.0	0.0	0.0
4238	45204	0.0	0.0	0.0	0.0
4238	45204	0.0	0.0	0.0	0.0
4238	45204	0.0	0.0	0.0	0.0
4238	45204	0.0	0.0	0.0	0.0
4238	45204	0.0	0.0	0.0	0.0
4238	45204	0.0	0.0	0.0	0.0
4238	45204	0.0	0.0	0.0	0.0
4238	45204	0.0	0.0	0.0	0.0
4238	45204	0.0	0.0	0.0	0.0
4238	45204	0.0	0.0	0.0	0.0
4238	45204	0.0	0.0	0.0	0.0
4238	45204	0.0	0.0	0.0	0.0
4238	45204	0.0	0.0	0.0	0.0
4238	45204	0.0	0.0	0.0	0.0
4238	45204	0.0	0.0	0.0	0.0
4238	45204	0.0	0.0	0.0	0.0
4238	45204	0.0	0.0	0.0	0.0
4238	45204	0.0	0.0	0.0	0.0
4238	45204	0.0	0.0	0.0	0.0
4238	45204	0.0	0.0	0.0	0.0
4238	45204	0.0	0.0	0.0	0.0
4238	45204	0.0	0.0	0.0	0.0
4238	45204	0.0	0.0	0.0	0.0
4238	45204	0.0	0.0	0.0	0.0
4238	45204	0.0	0.0	0.0	0.0
4238	45204	0.0	0.0	0.0	0.0
4238	45204	0.0	0.0	0.0	0.0
4238	45204	0.0	0.0	0.0	0.0
4238	45204	0.0	0.0	0.0	0.0
4238	45204	0.0	0.0	0.0	0.0
4238	45204	0.0	0.0	0.0	0.0
4238	45204	0.0	0.0	0.0	0.0
4238	45204	0.0	0.0	0.0	0.0
4238	45204	0.0	0.0	0.0	0.0
4238	45204	0.0	0.0	0.0	0.0
4238	45214	0.643	0.0	0.0	0.0
4238	45214	0.078	0.198	0.445	0.12
4238	45214	0.076	0.189	0.267	0.265
4238	45214	0.155	0.091	0.167	0.246
4238	45214	0.157	0.029	0.126	0.128
4238	45214	0.162	0.026	0.131	0.136
4238	45214	0.085	0.005	0.157	0.08
4238	45214	0.086	0.062	0.147	0.148
4238	45214	0.127	0.032	0.118	0.159
4238	45214	0.104	0.023	0.104	0.081
4238	45214	0.114	1.061	1.165	1.175
4238	45214	0.088	0.174	0.288	0.262
4238	45214	0.095	0.13	0.218	0.225
4238	45214	0.088	0.089	0.184	0.177
4238	45214	0.152	0.094	0.182	0.246
4238	45214	0.139	0.059	0.211	0.198
4238	45214	0.127	0.116	0.255	0.243
4238	45214	0.117	0.04	0.167	0.157
4238	45214	0.086	0.204	0.321	0.29
4238	45214	0.109	0.26	0.346	0.369
4238	45214	0.1	0.12	0.229	0.22
4238	45214	0.116	0.047	0.147	0.163
4238	45214	0.115	0.102	0.218	0.217
4238	45214	0.105	0.049	0.164	0.154
4238	45214	0.098	0.068	0.173	0.166
4238	45214	0.07	0.008	0.09	0.062
4238	45214	0.077	0.124	0.194	0.201
4238	45214	0.088	0.064	0.141	0.152
4238	45214	0.138	0.053	0.141	0.191
4238	45214	0.107	0.116	0.254	0.223
4238	45214	0.118	0.309	0.416	0.427
4238	45214	0.09	0.05	0.168	0.14
4238	45214	0.127	0.037	0.127	0.164
4238	45214	0.131	0.06	0.187	0.191
4238	45214	0.162	0.125	0.256	0.287
4238	45214	0.101	0.038	0.2	0.139
4238	45214	0.094	0.479	0.58	0.573
4238	45214	0.107	0.101	0.195	0.208
4238	45214	0.076	0.062	0.169	0.138
4238	45214	0.105	0.029	0.105	0.134
4238	45214	0.12	0.264	0.369	0.384
4238	45214	0.083	0.425	0.545	0.508
4238	45214	0.093	0.085	0.168	0.178
4238	45214	0.104	0.074	0.167	0.178
4238	45214	0.133	0.02	0.084	0.113
4238	45214	0.079	0.008	0.125	0.071
4238	45214	0.136	0.047	0.126	0.183
4238	45214	0.108	0.02	0.156	0.128
4238	45214	0.091	0.045	0.153	0.136
4238	45214	0.182	0.119	0.21	0.301
4238	45214	0.097	0.251	0.433	0.348
4238	45214	0.126	0.071	0.168	0.197
4238	45214	0.066	0.047	0.173	0.113
4238	45214	0.11	0.101	0.167	0.211
4238	45214	0.167	0.053	0.163	0.22
4238	45214	0.079	0.058	0.109	0.021
4238	45214	0.149	0.025	0.104	0.174
4238	45214	0.109	0.136	0.285	0.245
4238	45214	0.068	1.476	1.585	1.544
4238	45214	0.0	0.0	0.0	0.0
4238	45214	0.0	0.0	0.0	0.0
4238	45214	0.0	0.0	0.0	0.0
4238	45214	0.0	0.0	0.0	0.0
4238	45214	0.0	0.0	0.0	0.0
4238	45214	0.0	0.0	0.0	0.0
4238	45214	0.0	0.0	0.0	0.0
4238	45214	0.0	0.0	0.0	0.0
4238	45214	0.0	0.0	0.0	0.0
4238	45214	0.0	0.0	0.0	0.0
4238	45214	0.0	0.0	0.0	0.0
4238	45236	0.599	0.0	0.0	0.0
4238	45236	0.073	0.173	0.426	0.1
4238	45236	0.077	0.389	0.462	0.466
4238	45236	0.084	0.165	0.242	0.249
4238	45236	0.099	0.06	0.144	0.159
4238	45236	0.088	0.011	0.11	0.099
4238	45236	0.076	0.158	0.246	0.234
4238	45236	0.107	0.118	0.194	0.225
4238	45236	0.083	0.045	0.152	0.128
4238	45236	0.086	0.04	0.123	0.126
4238	45236	0.101	0.077	0.163	0.178
4238	45236	0.167	0.073	0.174	0.24
4238	45236	0.109	0.038	0.129	0.071
4238	45236	0.133	0.082	0.191	0.215
4238	45236	0.112	0.013	0.12	0.099
4238	45236	0.088	0.127	0.239	0.215
4238	45236	0.088	0.076	0.164	0.164
4238	45236	0.146	0.032	0.12	0.178
4238	45236	0.103	0.024	0.122	0.079
4238	45236	0.122	0.027	0.13	0.149
4238	45236	0.094	0.055	0.067	0.039
4238	45236	0.12	0.043	0.137	0.163
4238	45236	0.169	0.044	0.076	0.125
4238	45236	0.14	0.025	0.144	0.115
4238	45236	0.246	0.181	0.321	0.427
4238	45236	0.252	0.08	0.166	0.172
4238	45236	0.0	0.0	0.0	0.0
4238	45236	0.0	0.0	0.0	0.0
4238	45236	0.0	0.0	0.0	0.0
4238	45236	0.0	0.0	0.0	0.0
4238	45236	0.0	0.0	0.0	0.0
4238	45236	0.0	0.0	0.0	0.0
4238	45236	0.0	0.0	0.0	0.0
4238	45236	0.0	0.0	0.0	0.0
4238	45236	0.0	0.0	0.0	0.0
4238	45236	0.0	0.0	0.0	0.0
4238	45236	0.0	0.0	0.0	0.0
4238	45236	0.0	0.0	0.0	0.0
4238	45236	0.0	0.0	0.0	0.0
4238	45236	0.0	0.0	0.0	0.0
4238	45236	0.0	0.0	0.0	0.0
4238	45236	0.0	0.0	0.0	0.0
4238	45236	0.0	0.0	0.0	0.0
4238	45236	0.0	0.0	0.0	0.0
4238	45236	0.0	0.0	0.0	0.0
4238	45236	0.0	0.0	0.0	0.0
4238	45236	0.0	0.0	0.0	0.0
4238	45236	0.0	0.0	0.0	0.0
4238	45236	0.0	0.0	0.0	0.0
4238	45236	0.0	0.0	0.0	0.0
4238	45236	0.0	0.0	0.0	0.0
4238	45236	0.0	0.0	0.0	0.0
4238	45236	0.0	0.0	0.0	0.0
4238	45236	0.0	0.0	0.0	0.0
4238	45236	0.0	0.0	0.0	0.0
4238	45236	0.0	0.0	0.0	0.0
4238	45236	0.0	0.0	0.0	0.0
4238	45236	0.0	0.0	0.0	0.0
4238	45236	0.0	0.0	0.0	0.0
4238	45236	0.0	0.0	0.0	0.0
4238	45236	0.0	0.0	0.0	0.0
4238	45236	0.0	0.0	0.0	0.0
4238	45236	0.0	0.0	0.0	0.0
4238	45236	0.0	0.0	0.0	0.0
4238	45236	0.0	0.0	0.0	0.0
4238	45236	0.0	0.0	0.0	0.0
4238	45236	0.0	0.0	0.0	0.0
4238	45236	0.0	0.0	0.0	0.0
4238	45236	0.0	0.0	0.0	0.0
4238	45236	0.0	0.0	0.0	0.0
4238	45243	0.701	0.0	0.0	0.0
4238	45243	0.087	0.242	0.459	0.155
4238	45243	0.168	0.406	0.493	0.574
4238	45243	0.103	0.074	0.094	0.029
4238	45243	0.117	0.047	0.15	0.164
4238	45243	0.077	0.083	0.2	0.16
4238	45243	0.141	0.071	0.148	0.212
4238	45243	0.172	0.032	0.173	0.204
4238	45243	0.105	0.063	0.109	0.042
4238	45243	0.12	0.063	0.168	0.183
4238	45243	0.09	0.088	0.208	0.178
4238	45243	0.114	0.058	0.148	0.172
4238	45243	0.098	0.017	0.131	0.115
4238	45243	0.098	0.059	0.157	0.157
4238	45243	0.131	0.074	0.172	0.205
4238	45243	0.11	0.016	0.115	0.094
4238	45243	0.109	0.179	0.289	0.288
4238	45243	0.161	0.247	0.356	0.408
4238	45243	0.11	0.22	0.381	0.33
4238	45243	0.076	0.33	0.44	0.406
4238	45243	0.104	0.479	0.555	0.583
4238	45243	0.145	0.027	0.131	0.172
4238	45243	0.075	0.006	0.139	0.069
4238	45243	0.065	0.129	0.204	0.194
4238	45243	0.066	0.566	0.631	0.632
4238	45243	0.0	0.0	0.0	0.0
4238	45243	0.0	0.0	0.0	0.0
4238	45243	0.0	0.0	0.0	0.0
4238	45243	0.0	0.0	0.0	0.0
4238	45243	0.0	0.0	0.0	0.0
4238	45243	0.0	0.0	0.0	0.0
4238	45243	0.0	0.0	0.0	0.0
4238	45243	0.0	0.0	0.0	0.0
4238	45243	0.0	0.0	0.0	0.0
4238	45243	0.0	0.0	0.0	0.0
4238	45243	0.0	0.0	0.0	0.0
4238	45243	0.0	0.0	0.0	0.0
4238	45243	0.0	0.0	0.0	0.0
4238	45243	0.0	0.0	0.0	0.0
4238	45243	0.0	0.0	0.0	0.0
4238	45243	0.0	0.0	0.0	0.0
4238	45243	0.0	0.0	0.0	0.0
4238	45243	0.0	0.0	0.0	0.0
4238	45243	0.0	0.0	0.0	0.0
4238	45243	0.0	0.0	0.0	0.0
4238	45243	0.0	0.0	0.0	0.0
4238	45243	0.0	0.0	0.0	0.0
4238	45243	0.0	0.0	0.0	0.0
4238	45243	0.0	0.0	0.0	0.0
4238	45243	0.0	0.0	0.0	0.0
4238	45243	0.0	0.0	0.0	0.0
4238	45243	0.0	0.0	0.0	0.0
4238	45243	0.0	0.0	0.0	0.0
4238	45243	0.0	0.0	0.0	0.0
4238	45243	0.0	0.0	0.0	0.0
4238	45243	0.0	0.0	0.0	0.0
4238	45243	0.0	0.0	0.0	0.0
4238	45243	0.0	0.0	0.0	0.0
4238	45243	0.0	0.0	0.0	0.0
4238	45243	0.0	0.0	0.0	0.0
4238	45243	0.0	0.0	0.0	0.0
4238	45243	0.0	0.0	0.0	0.0
4238	45243	0.0	0.0	0.0	0.0
4238	45243	0.0	0.0	0.0	0.0
4238	45243	0.0	0.0	0.0	0.0
4238	45243	0.0	0.0	0.0	0.0
4238	45243	0.0	0.0	0.0	0.0
4238	45243	0.0	0.0	0.0	0.0
4238	45243	0.0	0.0	0.0	0.0
4238	45243	0.0	0.0	0.0	0.0
4238	45260	0.774	0.0	0.0	0.0
4238	45260	0.094	0.374	0.4	0.28
4238	45260	0.08	0.49	0.584	0.57
4238	45260	0.116	0.099	0.179	0.215
4238	45260	0.105	0.12	0.236	0.225
4238	45260	0.064	0.152	0.257	0.216
4238	45260	0.082	0.853	0.917	0.935
4238	45260	0.148	0.046	0.128	0.194
4238	45260	0.077	0.067	0.081	0.01
4238	45260	0.1	0.053	0.13	0.153
4238	45260	0.118	0.169	0.269	0.287
4238	45260	0.084	0.021	0.097	0.063
4238	45260	0.114	0.043	0.127	0.157
4238	45260	0.113	0.29	0.404	0.403
4238	45260	0.088	0.712	0.825	0.8
4238	45260	0.083	0.305	0.393	0.388
4238	45260	0.096	0.092	0.175	0.188
4238	45260	0.121	0.058	0.154	0.179
4238	45260	0.092	0.013	0.108	0.079
4238	45260	0.115	0.057	0.149	0.172
4238	45260	0.098	0.058	0.173	0.156
4238	45260	0.104	0.132	0.23	0.236
4238	45260	0.068	0.188	0.292	0.256
4238	45260	0.088	0.142	0.21	0.23
4238	45260	0.109	0.525	0.613	0.634
4238	45260	0.089	0.089	0.198	0.178
4238	45260	0.104	0.428	0.517	0.532
4238	45260	0.083	0.034	0.07	0.049
4238	45260	0.153	0.082	0.165	0.235
4238	45260	0.086	0.071	0.082	0.015
4238	45260	0.088	0.059	0.145	0.147
4238	45260	0.079	0.058	0.146	0.137
4238	45260	0.088	0.142	0.221	0.23
4238	45260	0.125	0.089	0.177	0.214
4238	45260	0.099	0.01	0.115	0.089
4238	45260	0.202	0.059	0.158	0.261
4238	45260	0.072	0.117	0.085	0.045
4238	45260	0.077	0.165	0.237	0.242
4238	45260	0.079	0.117	0.194	0.196
4238	45260	0.094	0.064	0.143	0.158
4238	45260	0.101	0.053	0.147	0.154
4238	45260	0.141	0.071	0.172	0.212
4238	45260	0.084	0.037	0.104	0.047
4238	45260	0.111	0.308	0.392	0.419
4238	45260	0.132	0.082	0.193	0.214
4238	45260	0.091	0.067	0.199	0.158
4238	45260	0.126	0.067	0.158	0.193
4238	45260	0.039	0.089	0.215	0.128
4238	45260	0.259	0.626	0.665	0.885
4238	45260	0.098	0.249	0.508	0.347
4238	45260	0.324	0.257	0.355	0.581
4238	45260	0.126	0.084	0.24	0.042
4238	45260	0.0	0.0	0.0	0.0
4238	45260	0.0	0.0	0.0	0.0
4238	45260	0.0	0.0	0.0	0.0
4238	45260	0.0	0.0	0.0	0.0
4238	45260	0.0	0.0	0.0	0.0
4238	45260	0.0	0.0	0.0	0.0
4238	45260	0.0	0.0	0.0	0.0
4238	45260	0.0	0.0	0.0	0.0
4238	45260	0.0	0.0	0.0	0.0
4238	45260	0.0	0.0	0.0	0.0
4238	45260	0.0	0.0	0.0	0.0
4238	45260	0.0	0.0	0.0	0.0
4238	45260	0.0	0.0	0.0	0.0
4238	45260	0.0	0.0	0.0	0.0
4238	45260	0.0	0.0	0.0	0.0
4238	45260	0.0	0.0	0.0	0.0
4238	45260	0.0	0.0	0.0	0.0
4238	45260	0.0	0.0	0.0	0.0
