PARTICIPANT_ID	TEST_SECTION_ID	HOLD_LATENCY	INTERKEY_LATENCY	PRESS_LATENCY	RELEASE_LATENCY
441	4169	0.417	0.0	0.0	0.0
441	4169	0.085	0.085	0.332	0.0
441	4169	0.121	0.078	0.163	0.199
441	4169	0.095	0.094	0.215	0.189
441	4169	0.119	1.049	1.144	1.168
441	4169	0.104	0.062	0.181	0.166
441	4169	0.073	0.567	0.671	0.64
441	4169	0.134	0.094	0.167	0.228
441	4169	0.107	0.328	0.462	0.435
441	4169	0.112	0.444	0.551	0.556
441	4169	0.121	0.094	0.206	0.215
441	4169	0.193	0.176	0.297	0.369
441	4169	0.135	0.038	0.155	0.097
441	4169	0.086	0.503	0.638	0.589
441	4169	0.074	0.36	0.446	0.434
441	4169	0.153	0.094	0.168	0.247
441	4169	0.066	0.184	0.337	0.25
441	4169	0.096	0.407	0.473	0.503
441	4169	0.108	0.079	0.175	0.187
441	4169	0.111	0.674	0.782	0.785
441	4169	0.091	0.328	0.439	0.419
441	4169	0.231	0.107	0.198	0.338
441	4169	0.106	0.059	0.172	0.047
441	4169	0.491	0.581	0.687	1.072
441	4169	0.08	0.064	0.427	0.016
441	4169	0.081	1.308	1.388	1.389
441	4169	0.073	1.399	1.48	1.472
441	4169	0.057	1.383	1.456	1.44
441	4169	0.104	0.094	0.151	0.198
441	4169	0.085	0.283	0.387	0.368
441	4169	0.092	0.425	0.51	0.517
441	4169	0.125	0.359	0.451	0.484
441	4169	0.132	0.203	0.328	0.335
441	4169	0.068	0.456	0.588	0.524
441	4169	0.207	0.442	0.51	0.649
441	4169	0.123	0.024	0.183	0.099
441	4169	0.09	0.312	0.435	0.402
441	4169	0.086	0.266	0.356	0.352
441	4169	0.127	0.406	0.492	0.533
441	4169	0.09	0.313	0.44	0.403
441	4169	0.138	0.078	0.168	0.216
441	4169	0.076	0.344	0.482	0.42
441	4169	0.091	0.344	0.42	0.435
441	4169	0.124	0.125	0.216	0.249
441	4169	0.089	0.768	0.892	0.857
441	4169	0.148	3.425	3.514	3.573
441	4169	0.0	0.0	0.0	0.0
441	4169	0.0	0.0	0.0	0.0
441	4169	0.0	0.0	0.0	0.0
441	4169	0.0	0.0	0.0	0.0
441	4169	0.0	0.0	0.0	0.0
441	4169	0.0	0.0	0.0	0.0
441	4169	0.0	0.0	0.0	0.0
441	4169	0.0	0.0	0.0	0.0
441	4169	0.0	0.0	0.0	0.0
441	4169	0.0	0.0	0.0	0.0
441	4169	0.0	0.0	0.0	0.0
441	4169	0.0	0.0	0.0	0.0
441	4169	0.0	0.0	0.0	0.0
441	4169	0.0	0.0	0.0	0.0
441	4169	0.0	0.0	0.0	0.0
441	4169	0.0	0.0	0.0	0.0
441	4169	0.0	0.0	0.0	0.0
441	4169	0.0	0.0	0.0	0.0
441	4169	0.0	0.0	0.0	0.0
441	4169	0.0	0.0	0.0	0.0
441	4169	0.0	0.0	0.0	0.0
441	4169	0.0	0.0	0.0	0.0
441	4169	0.0	0.0	0.0	0.0
441	4169	0.0	0.0	0.0	0.0
441	4186	0.306	0.0	0.0	0.0
441	4186	0.088	0.119	0.187	0.031
441	4186	0.076	0.493	0.581	0.569
441	4186	0.134	0.047	0.123	0.181
441	4186	0.201	0.235	0.369	0.436
441	4186	0.168	0.113	0.088	0.055
441	4186	0.182	0.109	0.277	0.291
441	4186	0.095	0.062	0.244	0.157
441	4186	0.115	0.737	0.832	0.852
441	4186	0.093	0.109	0.224	0.202
441	4186	0.13	0.235	0.328	0.365
441	4186	0.15	0.0	0.13	0.15
441	4186	0.084	0.172	0.322	0.256
441	4186	0.09	0.426	0.51	0.516
441	4186	0.118	0.015	0.105	0.133
441	4186	0.096	0.156	0.274	0.252
441	4186	0.148	0.034	0.13	0.182
441	4186	0.107	0.094	0.242	0.201
441	4186	0.14	0.359	0.466	0.499
441	4186	0.139	0.047	0.187	0.186
441	4186	0.106	0.063	0.202	0.169
441	4186	0.123	0.077	0.183	0.2
441	4186	0.124	0.094	0.217	0.218
441	4186	0.0	0.0	0.0	0.0
441	4186	0.0	0.0	0.0	0.0
441	4186	0.0	0.0	0.0	0.0
441	4186	0.0	0.0	0.0	0.0
441	4186	0.0	0.0	0.0	0.0
441	4186	0.0	0.0	0.0	0.0
441	4186	0.0	0.0	0.0	0.0
441	4186	0.0	0.0	0.0	0.0
441	4186	0.0	0.0	0.0	0.0
441	4186	0.0	0.0	0.0	0.0
441	4186	0.0	0.0	0.0	0.0
441	4186	0.0	0.0	0.0	0.0
441	4186	0.0	0.0	0.0	0.0
441	4186	0.0	0.0	0.0	0.0
441	4186	0.0	0.0	0.0	0.0
441	4186	0.0	0.0	0.0	0.0
441	4186	0.0	0.0	0.0	0.0
441	4186	0.0	0.0	0.0	0.0
441	4186	0.0	0.0	0.0	0.0
441	4186	0.0	0.0	0.0	0.0
441	4186	0.0	0.0	0.0	0.0
441	4186	0.0	0.0	0.0	0.0
441	4186	0.0	0.0	0.0	0.0
441	4186	0.0	0.0	0.0	0.0
441	4186	0.0	0.0	0.0	0.0
441	4186	0.0	0.0	0.0	0.0
441	4186	0.0	0.0	0.0	0.0
441	4186	0.0	0.0	0.0	0.0
441	4186	0.0	0.0	0.0	0.0
441	4186	0.0	0.0	0.0	0.0
441	4186	0.0	0.0	0.0	0.0
441	4186	0.0	0.0	0.0	0.0
441	4186	0.0	0.0	0.0	0.0
441	4186	0.0	0.0	0.0	0.0
441	4186	0.0	0.0	0.0	0.0
441	4186	0.0	0.0	0.0	0.0
441	4186	0.0	0.0	0.0	0.0
441	4186	0.0	0.0	0.0	0.0
441	4186	0.0	0.0	0.0	0.0
441	4186	0.0	0.0	0.0	0.0
441	4186	0.0	0.0	0.0	0.0
441	4186	0.0	0.0	0.0	0.0
441	4186	0.0	0.0	0.0	0.0
441	4186	0.0	0.0	0.0	0.0
441	4186	0.0	0.0	0.0	0.0
441	4186	0.0	0.0	0.0	0.0
441	4186	0.0	0.0	0.0	0.0
441	4199	0.245	0.0	0.0	0.0
441	4199	0.136	0.073	0.172	0.063
441	4199	0.095	0.093	0.229	0.188
441	4199	0.083	0.235	0.33	0.318
441	4199	0.171	0.266	0.349	0.437
441	4199	0.166	0.071	0.1	0.095
441	4199	0.101	0.203	0.369	0.304
441	4199	0.069	0.266	0.367	0.335
441	4199	0.164	0.031	0.1	0.195
441	4199	0.159	0.359	0.523	0.518
441	4199	0.159	0.094	0.253	0.253
441	4199	0.102	0.167	0.326	0.269
441	4199	0.189	0.25	0.352	0.439
441	4199	0.08	0.048	0.141	0.032
441	4199	0.141	0.156	0.236	0.297
441	4199	0.179	0.487	0.628	0.666
441	4199	0.102	0.204	0.383	0.306
441	4199	0.841	0.074	0.176	0.915
441	4199	0.114	0.176	0.665	0.062
441	4199	0.099	0.187	0.301	0.286
441	4199	0.114	0.487	0.586	0.601
441	4199	0.097	0.472	0.586	0.569
441	4199	0.075	0.36	0.457	0.435
441	4199	0.115	0.521	0.596	0.636
441	4199	0.093	0.125	0.24	0.218
441	4199	0.108	0.125	0.218	0.233
441	4199	0.114	0.203	0.311	0.317
441	4199	0.109	0.628	0.742	0.737
441	4199	0.141	0.107	0.216	0.248
441	4199	0.083	0.172	0.313	0.255
441	4199	0.092	0.359	0.442	0.451
441	4199	0.062	0.39	0.482	0.452
441	4199	0.104	0.063	0.125	0.167
441	4199	0.369	0.235	0.339	0.604
441	4199	0.118	0.071	0.298	0.047
441	4199	0.0	0.0	0.0	0.0
441	4199	0.0	0.0	0.0	0.0
441	4199	0.0	0.0	0.0	0.0
441	4199	0.0	0.0	0.0	0.0
441	4199	0.0	0.0	0.0	0.0
441	4199	0.0	0.0	0.0	0.0
441	4199	0.0	0.0	0.0	0.0
441	4199	0.0	0.0	0.0	0.0
441	4199	0.0	0.0	0.0	0.0
441	4199	0.0	0.0	0.0	0.0
441	4199	0.0	0.0	0.0	0.0
441	4199	0.0	0.0	0.0	0.0
441	4199	0.0	0.0	0.0	0.0
441	4199	0.0	0.0	0.0	0.0
441	4199	0.0	0.0	0.0	0.0
441	4199	0.0	0.0	0.0	0.0
441	4199	0.0	0.0	0.0	0.0
441	4199	0.0	0.0	0.0	0.0
441	4199	0.0	0.0	0.0	0.0
441	4199	0.0	0.0	0.0	0.0
441	4199	0.0	0.0	0.0	0.0
441	4199	0.0	0.0	0.0	0.0
441	4199	0.0	0.0	0.0	0.0
441	4199	0.0	0.0	0.0	0.0
441	4199	0.0	0.0	0.0	0.0
441	4199	0.0	0.0	0.0	0.0
441	4199	0.0	0.0	0.0	0.0
441	4199	0.0	0.0	0.0	0.0
441	4199	0.0	0.0	0.0	0.0
441	4199	0.0	0.0	0.0	0.0
441	4199	0.0	0.0	0.0	0.0
441	4199	0.0	0.0	0.0	0.0
441	4199	0.0	0.0	0.0	0.0
441	4199	0.0	0.0	0.0	0.0
441	4199	0.0	0.0	0.0	0.0
441	4208	0.299	0.0	0.0	0.0
441	4208	0.047	0.11	0.189	0.063
441	4208	0.087	0.614	0.661	0.701
441	4208	0.114	1.304	1.391	1.418
441	4208	0.102	0.0	0.114	0.102
441	4208	0.096	0.188	0.29	0.284
441	4208	0.082	0.755	0.851	0.837
441	4208	0.111	0.073	0.155	0.184
441	4208	0.08	0.422	0.533	0.502
441	4208	0.219	0.078	0.158	0.297
441	4208	0.19	0.145	0.074	0.045
441	4208	0.098	0.312	0.502	0.41
441	4208	0.101	0.266	0.364	0.367
441	4208	0.09	0.047	0.148	0.137
441	4208	0.12	0.094	0.184	0.214
441	4208	0.092	0.078	0.198	0.17
441	4208	0.093	0.141	0.233	0.234
441	4208	0.104	0.465	0.558	0.569
441	4208	0.088	0.063	0.167	0.151
441	4208	0.093	0.14	0.228	0.233
441	4208	0.139	0.076	0.169	0.215
441	4208	0.091	0.046	0.185	0.137
441	4208	0.136	0.078	0.169	0.214
441	4208	0.095	0.125	0.261	0.22
441	4208	0.139	0.359	0.454	0.498
441	4208	0.082	0.172	0.311	0.254
441	4208	0.096	0.088	0.17	0.184
441	4208	0.107	0.078	0.174	0.185
441	4208	0.148	0.109	0.216	0.257
441	4208	0.115	0.344	0.492	0.459
441	4208	0.165	0.133	0.248	0.298
441	4208	0.089	0.167	0.332	0.256
441	4208	0.084	1.086	1.175	1.17
441	4208	0.082	0.172	0.256	0.254
441	4208	0.078	0.156	0.238	0.234
441	4208	0.091	0.893	0.971	0.984
441	4208	0.111	0.04	0.131	0.151
441	4208	0.078	0.141	0.252	0.219
441	4208	0.099	0.503	0.581	0.602
441	4208	0.133	0.047	0.146	0.18
441	4208	0.09	0.047	0.18	0.137
441	4208	0.131	0.117	0.207	0.248
441	4208	0.093	0.078	0.209	0.171
441	4208	0.096	0.188	0.281	0.284
441	4208	0.091	1.013	1.109	1.104
441	4208	0.113	0.328	0.419	0.441
441	4208	0.1	0.094	0.207	0.194
441	4208	0.082	0.303	0.403	0.385
441	4208	0.1	0.768	0.85	0.868
441	4208	0.078	0.125	0.225	0.203
441	4208	0.102	0.281	0.359	0.383
441	4208	0.102	0.0	0.102	0.102
441	4208	0.099	0.134	0.236	0.233
441	4208	0.115	0.488	0.587	0.603
441	4208	0.223	0.297	0.412	0.52
441	4208	0.102	0.071	0.152	0.031
441	4208	0.095	0.141	0.243	0.236
441	4208	0.122	0.225	0.32	0.347
441	4208	0.114	0.022	0.144	0.136
441	4208	0.095	0.14	0.254	0.235
441	4208	0.105	0.094	0.189	0.199
441	4208	0.081	0.172	0.277	0.253
441	4208	0.096	0.404	0.485	0.5
441	4208	0.11	0.089	0.185	0.199
441	4208	0.118	0.157	0.267	0.275
441	4208	0.115	0.482	0.6	0.597
441	4208	0.074	0.062	0.177	0.136
441	4208	0.218	0.015	0.089	0.233
441	4208	0.154	0.103	0.115	0.051
441	4208	0.166	0.078	0.232	0.244
441	4228	0.354	0.0	0.0	0.0
441	4228	0.132	0.085	0.269	0.047
441	4228	0.073	0.047	0.179	0.12
441	4228	0.104	0.078	0.151	0.182
441	4228	0.077	0.125	0.229	0.202
441	4228	0.151	0.079	0.156	0.23
441	4228	0.129	0.073	0.224	0.202
441	4228	0.073	0.55	0.679	0.623
441	4228	0.104	0.094	0.167	0.198
441	4228	0.097	0.203	0.307	0.3
441	4228	0.143	0.692	0.789	0.835
441	4228	0.114	0.673	0.816	0.787
441	4228	0.088	0.282	0.396	0.37
441	4228	0.123	0.093	0.181	0.216
441	4228	0.188	0.125	0.248	0.313
441	4228	0.104	0.203	0.391	0.307
441	4228	0.084	0.051	0.155	0.135
441	4228	0.106	0.094	0.178	0.2
441	4228	0.1	0.2	0.306	0.3
441	4228	0.09	0.328	0.428	0.418
441	4228	0.081	0.438	0.528	0.519
441	4228	0.153	0.0	0.081	0.153
441	4228	0.145	0.082	0.071	0.063
441	4228	0.152	0.38	0.525	0.532
441	4228	0.117	0.472	0.624	0.589
441	4228	0.107	0.094	0.211	0.201
441	4228	0.072	0.55	0.657	0.622
441	4228	0.105	0.093	0.165	0.198
441	4228	0.11	0.14	0.245	0.25
441	4228	0.092	0.344	0.454	0.436
441	4228	0.073	0.313	0.405	0.386
441	4228	0.106	0.093	0.166	0.199
441	4228	0.11	0.041	0.147	0.151
441	4228	0.128	0.156	0.266	0.284
441	4228	0.087	0.031	0.159	0.118
441	4228	0.167	0.08	0.167	0.247
441	4228	0.077	0.094	0.261	0.171
441	4228	0.104	0.351	0.428	0.455
441	4228	0.088	0.126	0.23	0.214
441	4228	0.087	0.297	0.385	0.384
441	4228	0.107	0.11	0.197	0.217
441	4228	0.093	0.125	0.232	0.218
441	4228	0.115	0.086	0.179	0.201
441	4228	0.116	0.0	0.115	0.116
441	4228	0.099	0.721	0.837	0.82
441	4228	0.118	0.0	0.099	0.118
441	4228	0.092	0.109	0.227	0.201
441	4228	0.108	0.374	0.466	0.482
441	4228	0.067	0.456	0.564	0.523
441	4228	0.089	0.344	0.411	0.433
441	4228	0.109	0.158	0.247	0.267
441	4228	0.091	0.094	0.203	0.185
441	4228	0.133	0.047	0.138	0.18
441	4228	0.09	0.048	0.181	0.138
441	4228	0.151	0.047	0.137	0.198
441	4228	0.112	0.156	0.307	0.268
441	4228	0.114	0.407	0.519	0.521
441	4228	0.105	0.078	0.192	0.183
441	4228	0.076	0.293	0.398	0.369
441	4228	0.12	0.062	0.138	0.182
441	4228	0.093	0.427	0.547	0.52
441	4228	0.0	0.0	0.0	0.0
441	4228	0.0	0.0	0.0	0.0
441	4228	0.0	0.0	0.0	0.0
441	4228	0.0	0.0	0.0	0.0
441	4228	0.0	0.0	0.0	0.0
441	4228	0.0	0.0	0.0	0.0
441	4228	0.0	0.0	0.0	0.0
441	4228	0.0	0.0	0.0	0.0
441	4228	0.0	0.0	0.0	0.0
441	4238	0.24	0.0	0.0	0.0
441	4238	0.083	0.068	0.172	0.015
441	4238	0.079	0.157	0.24	0.236
441	4238	0.119	0.079	0.158	0.198
441	4238	0.089	0.047	0.166	0.136
441	4238	0.079	0.156	0.245	0.235
441	4238	0.114	0.084	0.163	0.198
441	4238	0.075	0.178	0.292	0.253
441	4238	0.066	0.219	0.294	0.285
441	4238	0.12	0.078	0.144	0.198
441	4238	0.089	0.046	0.166	0.135
441	4238	0.082	0.971	1.06	1.053
441	4238	0.084	0.519	0.601	0.603
441	4238	0.116	0.0	0.084	0.116
441	4238	0.126	0.125	0.241	0.251
441	4238	0.085	0.518	0.644	0.603
441	4238	0.093	0.124	0.209	0.217
441	4238	0.093	0.125	0.218	0.218
441	4238	0.192	0.039	0.132	0.231
441	4238	0.1	0.032	0.16	0.068
441	4238	0.118	0.25	0.35	0.368
441	4238	0.093	0.109	0.227	0.202
441	4238	0.152	0.831	0.924	0.983
441	4238	0.17	0.063	0.215	0.233
441	4238	0.105	0.0	0.17	0.105
441	4238	0.082	0.94	1.045	1.022
441	4238	0.077	0.156	0.238	0.233
441	4238	0.077	0.644	0.721	0.721
441	4238	0.109	0.49	0.567	0.599
441	4238	0.102	0.0	0.109	0.102
441	4238	0.092	0.109	0.211	0.201
441	4238	0.179	0.198	0.29	0.377
441	4238	0.081	0.061	0.24	0.142
441	4238	0.098	0.219	0.3	0.317
441	4238	0.081	0.203	0.301	0.284
441	4238	0.076	0.36	0.441	0.436
441	4238	0.11	0.156	0.232	0.266
441	4238	0.08	0.072	0.182	0.152
441	4238	0.187	0.031	0.111	0.218
441	4238	0.148	0.086	0.101	0.062
441	4238	0.095	0.375	0.523	0.47
441	4238	0.173	0.125	0.22	0.298
441	4238	0.169	0.065	0.238	0.234
441	4238	0.079	0.078	0.247	0.157
441	4238	0.087	0.313	0.392	0.4
441	4238	0.081	0.437	0.524	0.518
441	4238	0.123	0.078	0.159	0.201
441	4238	0.087	0.05	0.173	0.137
441	4238	0.105	0.109	0.196	0.214
441	4238	0.092	0.125	0.23	0.217
441	4238	0.092	0.376	0.468	0.468
441	4238	0.103	0.015	0.107	0.118
441	4238	0.069	0.166	0.269	0.235
441	4238	0.081	0.655	0.724	0.736
441	4238	0.107	0.391	0.472	0.498
441	4238	0.0	0.0	0.0	0.0
441	4238	0.0	0.0	0.0	0.0
441	4238	0.0	0.0	0.0	0.0
441	4238	0.0	0.0	0.0	0.0
441	4238	0.0	0.0	0.0	0.0
441	4238	0.0	0.0	0.0	0.0
441	4238	0.0	0.0	0.0	0.0
441	4238	0.0	0.0	0.0	0.0
441	4238	0.0	0.0	0.0	0.0
441	4238	0.0	0.0	0.0	0.0
441	4238	0.0	0.0	0.0	0.0
441	4238	0.0	0.0	0.0	0.0
441	4238	0.0	0.0	0.0	0.0
441	4238	0.0	0.0	0.0	0.0
441	4238	0.0	0.0	0.0	0.0
441	4250	0.323	0.0	0.0	0.0
441	4250	0.096	0.065	0.258	0.031
441	4250	0.094	0.157	0.253	0.251
441	4250	0.135	0.047	0.141	0.182
441	4250	0.077	0.093	0.228	0.17
441	4250	0.077	0.408	0.485	0.485
441	4250	0.069	0.785	0.862	0.854
441	4250	0.134	0.047	0.116	0.181
441	4250	0.056	1.227	1.361	1.283
441	4250	0.072	2.947	3.003	3.019
441	4250	0.098	0.518	0.59	0.616
441	4250	0.073	0.832	0.93	0.905
441	4250	0.151	0.312	0.385	0.463
441	4250	0.16	0.14	0.291	0.3
441	4250	0.077	0.047	0.207	0.124
441	4250	0.098	0.219	0.296	0.317
441	4250	0.254	0.518	0.616	0.772
441	4250	0.082	0.035	0.219	0.047
441	4250	0.083	0.753	0.835	0.836
441	4250	0.101	0.502	0.585	0.603
441	4250	0.107	0.14	0.241	0.247
441	4250	0.087	0.802	0.909	0.889
441	4250	0.099	0.135	0.222	0.234
441	4250	0.122	0.078	0.177	0.2
441	4250	0.081	0.406	0.528	0.487
441	4250	0.104	0.582	0.663	0.686
441	4250	0.152	0.0	0.104	0.152
441	4250	0.134	0.069	0.083	0.065
441	4250	0.194	0.468	0.602	0.662
441	4250	0.134	0.031	0.163	0.103
441	4250	0.098	0.157	0.291	0.255
441	4250	0.082	0.972	1.07	1.054
441	4250	0.089	0.312	0.394	0.401
441	4250	0.102	0.281	0.37	0.383
441	4250	0.123	0.078	0.18	0.201
441	4250	0.114	0.219	0.342	0.333
441	4250	0.101	0.219	0.333	0.32
441	4250	0.271	0.218	0.319	0.489
441	4250	0.074	0.05	0.221	0.024
441	4250	0.096	0.946	1.02	1.042
441	4250	0.09	1.4	1.496	1.49
441	4250	0.095	0.156	0.246	0.251
441	4250	0.127	0.438	0.533	0.565
441	4250	0.174	0.961	1.088	1.135
441	4250	0.134	0.271	0.445	0.405
441	4250	0.077	0.125	0.259	0.202
441	4250	0.096	0.125	0.202	0.221
441	4250	0.121	0.125	0.221	0.246
441	4250	0.073	0.062	0.183	0.135
441	4250	0.089	0.13	0.203	0.219
441	4250	0.148	0.015	0.104	0.163
441	4250	0.125	0.11	0.258	0.235
441	4250	0.081	0.44	0.565	0.521
441	4250	0.0	0.0	0.0	0.0
441	4250	0.0	0.0	0.0	0.0
441	4250	0.0	0.0	0.0	0.0
441	4250	0.0	0.0	0.0	0.0
441	4250	0.0	0.0	0.0	0.0
441	4250	0.0	0.0	0.0	0.0
441	4250	0.0	0.0	0.0	0.0
441	4250	0.0	0.0	0.0	0.0
441	4250	0.0	0.0	0.0	0.0
441	4250	0.0	0.0	0.0	0.0
441	4250	0.0	0.0	0.0	0.0
441	4250	0.0	0.0	0.0	0.0
441	4250	0.0	0.0	0.0	0.0
441	4250	0.0	0.0	0.0	0.0
441	4250	0.0	0.0	0.0	0.0
441	4250	0.0	0.0	0.0	0.0
441	4250	0.0	0.0	0.0	0.0
441	4266	0.298	0.0	0.0	0.0
441	4266	0.137	0.075	0.223	0.062
441	4266	0.136	0.548	0.685	0.684
441	4266	0.126	0.125	0.261	0.251
441	4266	0.075	0.078	0.204	0.153
441	4266	0.207	0.297	0.372	0.504
441	4266	0.137	0.088	0.119	0.049
441	4266	0.092	0.14	0.277	0.232
441	4266	0.099	0.488	0.58	0.587
441	4266	0.165	0.063	0.162	0.228
441	4266	0.088	0.754	0.919	0.842
441	4266	0.091	0.109	0.197	0.2
441	4266	0.107	0.259	0.35	0.366
441	4266	0.077	0.062	0.169	0.139
441	4266	0.178	0.016	0.093	0.194
441	4266	0.075	0.047	0.225	0.122
441	4266	0.188	0.503	0.578	0.691
441	4266	0.084	0.914	1.102	0.998
441	4266	0.0	0.0	0.0	0.0
441	4266	0.0	0.0	0.0	0.0
441	4266	0.0	0.0	0.0	0.0
441	4266	0.0	0.0	0.0	0.0
441	4266	0.0	0.0	0.0	0.0
441	4266	0.0	0.0	0.0	0.0
441	4266	0.0	0.0	0.0	0.0
441	4266	0.0	0.0	0.0	0.0
441	4266	0.0	0.0	0.0	0.0
441	4266	0.0	0.0	0.0	0.0
441	4266	0.0	0.0	0.0	0.0
441	4266	0.0	0.0	0.0	0.0
441	4266	0.0	0.0	0.0	0.0
441	4266	0.0	0.0	0.0	0.0
441	4266	0.0	0.0	0.0	0.0
441	4266	0.0	0.0	0.0	0.0
441	4266	0.0	0.0	0.0	0.0
441	4266	0.0	0.0	0.0	0.0
441	4266	0.0	0.0	0.0	0.0
441	4266	0.0	0.0	0.0	0.0
441	4266	0.0	0.0	0.0	0.0
441	4266	0.0	0.0	0.0	0.0
441	4266	0.0	0.0	0.0	0.0
441	4266	0.0	0.0	0.0	0.0
441	4266	0.0	0.0	0.0	0.0
441	4266	0.0	0.0	0.0	0.0
441	4266	0.0	0.0	0.0	0.0
441	4266	0.0	0.0	0.0	0.0
441	4266	0.0	0.0	0.0	0.0
441	4266	0.0	0.0	0.0	0.0
441	4266	0.0	0.0	0.0	0.0
441	4266	0.0	0.0	0.0	0.0
441	4266	0.0	0.0	0.0	0.0
441	4266	0.0	0.0	0.0	0.0
441	4266	0.0	0.0	0.0	0.0
441	4266	0.0	0.0	0.0	0.0
441	4266	0.0	0.0	0.0	0.0
441	4266	0.0	0.0	0.0	0.0
441	4266	0.0	0.0	0.0	0.0
441	4266	0.0	0.0	0.0	0.0
441	4266	0.0	0.0	0.0	0.0
441	4266	0.0	0.0	0.0	0.0
441	4266	0.0	0.0	0.0	0.0
441	4266	0.0	0.0	0.0	0.0
441	4266	0.0	0.0	0.0	0.0
441	4266	0.0	0.0	0.0	0.0
441	4266	0.0	0.0	0.0	0.0
441	4266	0.0	0.0	0.0	0.0
441	4266	0.0	0.0	0.0	0.0
441	4266	0.0	0.0	0.0	0.0
441	4266	0.0	0.0	0.0	0.0
441	4266	0.0	0.0	0.0	0.0
441	4273	0.202	0.0	0.0	0.0
441	4273	0.132	0.07	0.132	0.062
441	4273	0.104	0.784	0.916	0.888
441	4273	0.107	0.078	0.182	0.185
441	4273	0.548	0.172	0.279	0.72
441	4273	0.14	0.077	0.471	0.063
441	4273	0.127	0.109	0.249	0.236
441	4273	0.106	0.312	0.439	0.418
441	4273	0.135	0.248	0.354	0.383
441	4273	0.062	0.094	0.229	0.156
441	4273	0.166	0.078	0.14	0.244
441	4273	0.084	0.172	0.338	0.256
441	4273	0.12	0.078	0.162	0.198
441	4273	0.084	0.173	0.293	0.257
441	4273	0.088	0.578	0.662	0.666
441	4273	0.124	0.141	0.229	0.265
441	4273	0.087	0.125	0.249	0.212
441	4273	0.095	0.297	0.384	0.392
441	4273	0.102	0.448	0.543	0.55
441	4273	0.095	0.141	0.243	0.236
441	4273	0.108	0.126	0.221	0.234
441	4273	0.109	0.125	0.233	0.234
441	4273	0.105	0.062	0.171	0.167
441	4273	0.079	0.644	0.749	0.723
441	4273	0.134	0.062	0.141	0.196
441	4273	0.105	0.047	0.181	0.152
441	4273	0.168	0.078	0.183	0.246
441	4273	0.121	0.016	0.184	0.137
441	4273	0.155	0.261	0.382	0.416
441	4273	0.108	0.046	0.201	0.154
441	4273	0.093	0.125	0.233	0.218
441	4273	0.091	0.109	0.202	0.2
441	4273	0.136	0.062	0.153	0.198
441	4273	0.093	0.613	0.749	0.706
441	4273	0.098	0.722	0.815	0.82
441	4273	0.108	0.125	0.223	0.233
441	4273	0.095	0.141	0.249	0.236
441	4273	0.15	0.549	0.644	0.699
441	4273	0.076	0.814	0.964	0.89
441	4273	0.154	0.059	0.135	0.213
441	4273	0.084	0.219	0.373	0.303
441	4273	0.133	0.283	0.367	0.416
441	4273	0.142	0.11	0.243	0.252
441	4273	0.073	1.053	1.195	1.126
441	4273	0.0	0.0	0.0	0.0
441	4273	0.0	0.0	0.0	0.0
441	4273	0.0	0.0	0.0	0.0
441	4273	0.0	0.0	0.0	0.0
441	4273	0.0	0.0	0.0	0.0
441	4273	0.0	0.0	0.0	0.0
441	4273	0.0	0.0	0.0	0.0
441	4273	0.0	0.0	0.0	0.0
441	4273	0.0	0.0	0.0	0.0
441	4273	0.0	0.0	0.0	0.0
441	4273	0.0	0.0	0.0	0.0
441	4273	0.0	0.0	0.0	0.0
441	4273	0.0	0.0	0.0	0.0
441	4273	0.0	0.0	0.0	0.0
441	4273	0.0	0.0	0.0	0.0
441	4273	0.0	0.0	0.0	0.0
441	4273	0.0	0.0	0.0	0.0
441	4273	0.0	0.0	0.0	0.0
441	4273	0.0	0.0	0.0	0.0
441	4273	0.0	0.0	0.0	0.0
441	4273	0.0	0.0	0.0	0.0
441	4273	0.0	0.0	0.0	0.0
441	4273	0.0	0.0	0.0	0.0
441	4273	0.0	0.0	0.0	0.0
441	4273	0.0	0.0	0.0	0.0
441	4273	0.0	0.0	0.0	0.0
441	4286	0.781	0.0	0.0	0.0
441	4286	0.105	0.433	0.348	0.328
441	4286	0.086	0.533	0.638	0.619
441	4286	0.464	0.187	0.273	0.651
441	4286	0.133	0.102	0.362	0.031
441	4286	0.072	0.266	0.399	0.338
441	4286	0.15	0.047	0.119	0.197
441	4286	0.129	0.188	0.338	0.317
441	4286	0.119	0.106	0.235	0.225
441	4286	0.09	0.544	0.663	0.634
441	4286	0.132	0.047	0.137	0.179
441	4286	0.104	0.032	0.164	0.136
441	4286	0.119	0.032	0.136	0.151
441	4286	0.077	0.109	0.228	0.186
441	4286	0.124	0.156	0.233	0.28
441	4286	0.115	0.188	0.312	0.303
441	4286	0.126	1.21	1.325	1.336
441	4286	0.111	0.359	0.485	0.47
441	4286	0.164	0.134	0.245	0.298
441	4286	0.109	0.344	0.508	0.453
441	4286	0.099	0.522	0.631	0.621
441	4286	0.103	0.047	0.146	0.15
441	4286	0.094	0.125	0.228	0.219
441	4286	0.084	0.659	0.753	0.743
441	4286	0.137	0.053	0.137	0.19
441	4286	0.076	0.062	0.199	0.138
441	4286	0.139	0.141	0.217	0.28
441	4286	0.105	0.063	0.202	0.168
441	4286	0.149	0.0	0.105	0.149
441	4286	0.094	0.093	0.242	0.187
441	4286	0.246	0.125	0.219	0.371
441	4286	0.083	0.052	0.194	0.031
441	4286	0.108	0.141	0.224	0.249
441	4286	0.093	0.628	0.736	0.721
441	4286	0.123	0.126	0.219	0.249
441	4286	0.126	0.643	0.766	0.769
441	4286	0.094	0.078	0.204	0.172
441	4286	0.135	3.774	3.868	3.909
441	4286	0.095	0.391	0.526	0.486
441	4286	0.134	0.015	0.11	0.149
441	4286	0.106	0.431	0.565	0.537
441	4286	0.111	0.391	0.497	0.502
441	4286	0.151	0.265	0.376	0.416
441	4286	0.109	0.078	0.229	0.187
441	4286	0.097	0.055	0.164	0.152
441	4286	0.105	0.094	0.191	0.199
441	4286	0.114	0.153	0.258	0.267
441	4286	0.104	0.55	0.664	0.654
441	4286	0.361	0.611	0.715	0.972
441	4286	0.143	0.033	0.328	0.11
441	4286	0.0	0.0	0.0	0.0
441	4286	0.0	0.0	0.0	0.0
441	4286	0.0	0.0	0.0	0.0
441	4286	0.0	0.0	0.0	0.0
441	4286	0.0	0.0	0.0	0.0
441	4286	0.0	0.0	0.0	0.0
441	4286	0.0	0.0	0.0	0.0
441	4286	0.0	0.0	0.0	0.0
441	4286	0.0	0.0	0.0	0.0
441	4286	0.0	0.0	0.0	0.0
441	4286	0.0	0.0	0.0	0.0
441	4286	0.0	0.0	0.0	0.0
441	4286	0.0	0.0	0.0	0.0
441	4286	0.0	0.0	0.0	0.0
441	4286	0.0	0.0	0.0	0.0
441	4286	0.0	0.0	0.0	0.0
441	4286	0.0	0.0	0.0	0.0
441	4286	0.0	0.0	0.0	0.0
441	4286	0.0	0.0	0.0	0.0
441	4286	0.0	0.0	0.0	0.0
441	4302	1.046	0.0	0.0	0.0
441	4302	0.086	0.117	0.929	0.031
441	4302	0.094	0.422	0.508	0.516
441	4302	0.076	0.094	0.188	0.17
441	4302	0.078	1.192	1.268	1.27
441	4302	0.06	0.628	0.706	0.688
441	4302	0.095	0.103	0.163	0.198
441	4302	0.066	0.219	0.314	0.285
441	4302	0.074	0.344	0.41	0.418
441	4302	0.149	0.046	0.12	0.195
441	4302	0.125	0.328	0.477	0.453
441	4302	0.125	0.044	0.169	0.169
441	4302	0.093	0.109	0.234	0.202
441	4302	0.087	0.55	0.643	0.637
441	4302	0.09	0.094	0.181	0.184
441	4302	0.108	0.14	0.23	0.248
441	4302	0.153	0.013	0.121	0.166
441	4302	0.105	0.031	0.184	0.136
441	4302	0.124	0.094	0.199	0.218
441	4302	0.126	0.39	0.514	0.516
441	4302	0.159	0.141	0.267	0.3
441	4302	0.104	0.232	0.391	0.336
441	4302	0.127	0.157	0.261	0.284
441	4302	0.074	0.566	0.693	0.64
441	4302	0.118	0.296	0.37	0.414
441	4302	0.09	0.062	0.18	0.152
441	4302	0.174	0.065	0.155	0.239
441	4302	0.134	0.126	0.3	0.26
441	4302	0.112	0.157	0.291	0.269
441	4302	0.077	0.36	0.472	0.437
441	4302	0.095	0.172	0.249	0.267
441	4302	0.105	0.447	0.542	0.552
441	4302	0.102	0.016	0.121	0.118
441	4302	0.093	0.125	0.227	0.218
441	4302	0.136	0.846	0.939	0.982
441	4302	0.096	0.125	0.261	0.221
441	4302	0.123	0.109	0.205	0.232
441	4302	0.112	0.172	0.295	0.284
441	4302	0.107	0.329	0.441	0.436
441	4302	0.186	0.344	0.451	0.53
441	4302	0.123	0.016	0.202	0.139
441	4302	0.1	0.335	0.458	0.435
441	4302	0.107	0.328	0.428	0.435
441	4302	0.091	0.078	0.185	0.169
441	4302	0.078	0.156	0.247	0.234
441	4302	0.119	0.096	0.174	0.215
441	4302	0.101	0.167	0.286	0.268
441	4302	0.108	0.094	0.195	0.202
441	4302	0.091	0.078	0.186	0.169
441	4302	0.0	0.0	0.0	0.0
441	4302	0.0	0.0	0.0	0.0
441	4302	0.0	0.0	0.0	0.0
441	4302	0.0	0.0	0.0	0.0
441	4302	0.0	0.0	0.0	0.0
441	4302	0.0	0.0	0.0	0.0
441	4302	0.0	0.0	0.0	0.0
441	4302	0.0	0.0	0.0	0.0
441	4302	0.0	0.0	0.0	0.0
441	4302	0.0	0.0	0.0	0.0
441	4302	0.0	0.0	0.0	0.0
441	4302	0.0	0.0	0.0	0.0
441	4302	0.0	0.0	0.0	0.0
441	4302	0.0	0.0	0.0	0.0
441	4302	0.0	0.0	0.0	0.0
441	4302	0.0	0.0	0.0	0.0
441	4302	0.0	0.0	0.0	0.0
441	4302	0.0	0.0	0.0	0.0
441	4302	0.0	0.0	0.0	0.0
441	4302	0.0	0.0	0.0	0.0
441	4302	0.0	0.0	0.0	0.0
441	4317	0.294	0.0	0.0	0.0
441	4317	0.09	0.09	0.204	0.0
441	4317	0.094	0.14	0.23	0.234
441	4317	0.093	0.032	0.126	0.125
441	4317	0.14	0.533	0.626	0.673
441	4317	0.09	0.047	0.187	0.137
441	4317	0.094	0.156	0.246	0.25
441	4317	0.203	0.135	0.229	0.338
441	4317	0.081	0.0	0.203	0.081
441	4317	0.162	0.537	0.618	0.699
441	4317	0.114	0.691	0.853	0.805
441	4317	0.123	0.094	0.208	0.217
441	4317	0.109	0.094	0.217	0.203
441	4317	0.07	1.053	1.162	1.123
441	4317	0.09	0.125	0.195	0.215
441	4317	0.27	0.831	0.921	1.101
441	4317	0.069	0.031	0.239	0.038
441	4317	0.097	0.203	0.272	0.3
441	4317	0.11	0.406	0.503	0.516
441	4317	0.13	0.219	0.329	0.349
441	4317	0.101	0.055	0.185	0.156
441	4317	0.107	1.727	1.828	1.834
441	4317	0.107	0.062	0.169	0.169
441	4317	0.103	0.172	0.279	0.275
441	4317	0.094	0.359	0.462	0.453
441	4317	0.08	0.416	0.51	0.496
441	4317	0.092	0.125	0.205	0.217
441	4317	0.107	0.093	0.185	0.2
441	4317	0.125	0.125	0.232	0.25
441	4317	0.121	0.031	0.156	0.152
441	4317	0.074	0.328	0.449	0.402
441	4317	0.121	0.078	0.152	0.199
441	4317	0.115	0.203	0.324	0.318
441	4317	0.0	0.0	0.0	0.0
441	4317	0.0	0.0	0.0	0.0
441	4317	0.0	0.0	0.0	0.0
441	4317	0.0	0.0	0.0	0.0
441	4317	0.0	0.0	0.0	0.0
441	4317	0.0	0.0	0.0	0.0
441	4317	0.0	0.0	0.0	0.0
441	4317	0.0	0.0	0.0	0.0
441	4317	0.0	0.0	0.0	0.0
441	4317	0.0	0.0	0.0	0.0
441	4317	0.0	0.0	0.0	0.0
441	4317	0.0	0.0	0.0	0.0
441	4317	0.0	0.0	0.0	0.0
441	4317	0.0	0.0	0.0	0.0
441	4317	0.0	0.0	0.0	0.0
441	4317	0.0	0.0	0.0	0.0
441	4317	0.0	0.0	0.0	0.0
441	4317	0.0	0.0	0.0	0.0
441	4317	0.0	0.0	0.0	0.0
441	4317	0.0	0.0	0.0	0.0
441	4317	0.0	0.0	0.0	0.0
441	4317	0.0	0.0	0.0	0.0
441	4317	0.0	0.0	0.0	0.0
441	4317	0.0	0.0	0.0	0.0
441	4317	0.0	0.0	0.0	0.0
441	4317	0.0	0.0	0.0	0.0
441	4317	0.0	0.0	0.0	0.0
441	4317	0.0	0.0	0.0	0.0
441	4317	0.0	0.0	0.0	0.0
441	4317	0.0	0.0	0.0	0.0
441	4317	0.0	0.0	0.0	0.0
441	4317	0.0	0.0	0.0	0.0
441	4317	0.0	0.0	0.0	0.0
441	4317	0.0	0.0	0.0	0.0
441	4317	0.0	0.0	0.0	0.0
441	4317	0.0	0.0	0.0	0.0
441	4317	0.0	0.0	0.0	0.0
441	4336	0.266	0.0	0.0	0.0
441	4336	0.094	0.094	0.172	0.0
441	4336	0.078	0.156	0.25	0.234
441	4336	0.098	0.504	0.582	0.602
441	4336	0.105	0.328	0.426	0.433
441	4336	0.107	0.094	0.199	0.201
441	4336	0.131	0.069	0.176	0.2
441	4336	0.111	0.141	0.272	0.252
441	4336	0.125	0.659	0.77	0.784
441	4336	0.06	0.062	0.187	0.122
441	4336	0.107	0.141	0.201	0.248
441	4336	0.15	0.032	0.139	0.182
441	4336	0.106	0.047	0.197	0.153
441	4336	0.102	0.316	0.422	0.418
441	4336	0.136	0.047	0.149	0.183
441	4336	0.105	0.015	0.151	0.12
441	4336	0.136	0.211	0.316	0.347
441	4336	0.064	0.078	0.214	0.142
441	4336	0.103	0.594	0.658	0.697
441	4336	0.131	0.488	0.591	0.619
441	4336	0.104	0.172	0.303	0.276
441	4336	0.114	0.11	0.214	0.224
441	4336	0.078	0.444	0.558	0.522
441	4336	0.135	0.079	0.157	0.214
441	4336	0.162	0.125	0.26	0.287
441	4336	0.1	0.451	0.613	0.551
441	4336	0.093	0.359	0.459	0.452
441	4336	0.112	0.722	0.815	0.834
441	4336	0.077	0.11	0.222	0.187
441	4336	0.109	0.391	0.468	0.5
441	4336	0.094	0.093	0.202	0.187
441	4336	0.117	0.047	0.141	0.164
441	4336	0.085	0.201	0.318	0.286
441	4336	0.108	0.109	0.194	0.217
441	4336	0.111	0.171	0.279	0.282
441	4336	0.103	0.282	0.393	0.385
441	4336	0.132	0.504	0.607	0.636
441	4336	0.087	0.332	0.464	0.419
441	4336	0.119	0.047	0.134	0.166
441	4336	0.078	0.11	0.229	0.188
441	4336	0.471	0.549	0.627	1.02
441	4336	0.112	0.065	0.406	0.047
441	4336	0.119	0.25	0.362	0.369
441	4336	0.094	1.193	1.312	1.287
441	4336	0.078	0.359	0.453	0.437
441	4336	0.099	0.25	0.328	0.349
441	4336	0.113	0.691	0.79	0.804
441	4336	0.069	0.25	0.363	0.319
441	4336	0.062	0.925	0.994	0.987
441	4336	0.195	0.039	0.101	0.234
441	4336	0.148	0.101	0.094	0.047
441	4336	0.066	0.958	1.106	1.024
441	4336	0.0	0.0	0.0	0.0
441	4336	0.0	0.0	0.0	0.0
441	4336	0.0	0.0	0.0	0.0
441	4336	0.0	0.0	0.0	0.0
441	4336	0.0	0.0	0.0	0.0
441	4336	0.0	0.0	0.0	0.0
441	4336	0.0	0.0	0.0	0.0
441	4336	0.0	0.0	0.0	0.0
441	4336	0.0	0.0	0.0	0.0
441	4336	0.0	0.0	0.0	0.0
441	4336	0.0	0.0	0.0	0.0
441	4336	0.0	0.0	0.0	0.0
441	4336	0.0	0.0	0.0	0.0
441	4336	0.0	0.0	0.0	0.0
441	4336	0.0	0.0	0.0	0.0
441	4336	0.0	0.0	0.0	0.0
441	4336	0.0	0.0	0.0	0.0
441	4336	0.0	0.0	0.0	0.0
441	4358	0.343	0.0	0.0	0.0
441	4358	0.124	0.061	0.282	0.063
441	4358	0.078	0.094	0.218	0.172
441	4358	0.182	0.078	0.156	0.26
441	4358	0.091	0.032	0.214	0.123
441	4358	0.122	0.111	0.202	0.233
441	4358	0.133	0.0	0.122	0.133
441	4358	0.093	0.094	0.227	0.187
441	4358	0.126	0.24	0.333	0.366
441	4358	0.106	0.078	0.204	0.184
441	4358	0.123	0.094	0.2	0.217
441	4358	0.106	0.078	0.201	0.184
441	4358	0.09	1.117	1.223	1.207
441	4358	0.118	0.063	0.153	0.181
441	4358	0.106	0.078	0.196	0.184
441	4358	0.077	0.125	0.231	0.202
441	4358	0.088	0.33	0.407	0.418
441	4358	0.086	0.52	0.608	0.606
441	4358	0.115	0.031	0.117	0.146
441	4358	0.108	0.093	0.208	0.201
441	4358	0.118	0.8	0.908	0.918
441	4358	0.107	0.047	0.165	0.154
441	4358	0.09	0.094	0.201	0.184
441	4358	0.125	0.156	0.246	0.281
441	4358	0.139	0.328	0.453	0.467
441	4358	0.134	0.52	0.659	0.654
441	4358	0.138	0.078	0.212	0.216
441	4358	0.101	0.754	0.892	0.855
441	4358	0.084	0.472	0.573	0.556
441	4358	0.124	0.172	0.256	0.296
441	4358	0.141	0.125	0.249	0.266
441	4358	0.086	0.219	0.36	0.305
441	4358	0.119	0.381	0.467	0.5
441	4358	0.074	0.447	0.566	0.521
441	4358	0.122	0.078	0.152	0.2
441	4358	0.078	0.14	0.262	0.218
441	4358	0.11	0.29	0.368	0.4
441	4358	0.09	0.062	0.172	0.152
441	4358	0.218	0.0	0.09	0.218
441	4358	0.148	0.086	0.132	0.062
441	4358	0.154	0.063	0.211	0.217
441	4358	0.095	0.309	0.463	0.404
441	4358	0.102	0.402	0.497	0.504
441	4358	0.096	0.171	0.273	0.267
441	4358	0.092	0.109	0.205	0.201
441	4358	0.117	0.116	0.208	0.233
441	4358	0.091	0.863	0.98	0.954
441	4358	0.13	0.019	0.11	0.149
441	4358	0.109	0.11	0.24	0.219
441	4358	0.172	0.391	0.5	0.563
441	4358	0.097	0.359	0.531	0.456
441	4358	0.085	0.234	0.331	0.319
441	4358	0.103	0.33	0.415	0.433
441	4358	0.099	0.103	0.206	0.202
441	4358	0.536	0.359	0.458	0.895
441	4358	0.314	0.866	1.402	1.18
441	4358	0.111	0.095	0.219	0.016
441	4358	0.0	0.0	0.0	0.0
441	4358	0.0	0.0	0.0	0.0
441	4358	0.0	0.0	0.0	0.0
441	4358	0.0	0.0	0.0	0.0
441	4358	0.0	0.0	0.0	0.0
441	4358	0.0	0.0	0.0	0.0
441	4358	0.0	0.0	0.0	0.0
441	4358	0.0	0.0	0.0	0.0
441	4358	0.0	0.0	0.0	0.0
441	4358	0.0	0.0	0.0	0.0
441	4358	0.0	0.0	0.0	0.0
441	4358	0.0	0.0	0.0	0.0
441	4358	0.0	0.0	0.0	0.0
441	4382	0.612	0.0	0.0	0.0
441	4382	0.092	0.092	0.52	0.0
441	4382	0.107	0.141	0.233	0.248
441	4382	0.165	0.282	0.389	0.447
441	4382	0.093	0.85	1.015	0.943
441	4382	0.075	0.093	0.186	0.168
441	4382	0.094	0.675	0.75	0.769
441	4382	0.119	0.047	0.141	0.166
441	4382	0.09	0.078	0.197	0.168
441	4382	0.128	0.204	0.294	0.332
441	4382	0.098	0.156	0.284	0.254
441	4382	0.091	0.259	0.357	0.35
441	4382	0.073	0.36	0.451	0.433
441	4382	0.099	0.303	0.376	0.402
441	4382	0.112	0.09	0.189	0.202
441	4382	0.131	0.234	0.346	0.365
441	4382	0.13	0.156	0.287	0.286
441	4382	0.091	0.061	0.191	0.152
441	4382	0.102	0.282	0.373	0.384
441	4382	0.115	0.52	0.622	0.635
441	4382	0.093	0.109	0.224	0.202
441	4382	0.091	0.094	0.187	0.185
441	4382	0.09	0.361	0.452	0.451
441	4382	0.175	0.187	0.277	0.362
441	4382	0.086	0.789	0.964	0.875
441	4382	0.134	0.032	0.118	0.166
441	4382	0.088	0.016	0.15	0.104
441	4382	0.206	0.089	0.177	0.295
441	4382	0.072	0.034	0.172	0.038
441	4382	0.151	0.063	0.135	0.214
441	4382	0.122	0.313	0.464	0.435
441	4382	0.083	0.489	0.611	0.572
441	4382	0.749	2.232	2.315	2.981
441	4382	0.098	0.317	1.066	0.415
441	4382	0.117	0.083	0.181	0.2
441	4382	0.136	0.078	0.195	0.214
441	4382	0.487	0.265	0.401	0.752
441	4382	0.12	0.318	0.805	0.438
441	4382	0.119	0.048	0.168	0.167
441	4382	0.121	0.063	0.182	0.184
441	4382	0.105	0.296	0.417	0.401
441	4382	0.147	0.235	0.34	0.382
441	4382	0.089	0.25	0.397	0.339
441	4382	0.114	0.117	0.206	0.231
441	4382	0.091	0.079	0.193	0.17
441	4382	0.218	0.265	0.356	0.483
441	4382	0.069	0.001	0.219	0.07
441	4382	0.195	0.047	0.116	0.242
441	4382	0.124	0.383	0.578	0.507
441	4382	0.118	0.134	0.258	0.252
441	4382	0.1	0.251	0.369	0.351
441	4382	0.149	0.266	0.366	0.415
441	4382	0.103	0.218	0.367	0.321
441	4382	0.109	0.094	0.197	0.203
441	4382	0.075	0.159	0.268	0.234
441	4382	0.124	0.141	0.216	0.265
441	4382	0.158	0.141	0.265	0.299
441	4382	0.109	0.078	0.236	0.187
441	4382	0.114	0.172	0.281	0.286
441	4382	0.129	0.151	0.265	0.28
441	4382	0.062	0.094	0.223	0.156
441	4382	0.106	0.125	0.187	0.231
441	4382	0.134	0.048	0.154	0.182
441	4382	0.094	0.11	0.244	0.204
441	4382	0.113	0.52	0.614	0.633
441	4382	0.09	0.079	0.192	0.169
441	4382	0.066	0.456	0.546	0.522
441	4382	0.116	0.047	0.113	0.163
441	4382	0.119	0.566	0.682	0.685
441	4382	0.1	0.12	0.239	0.22
