PARTICIPANT_ID	TEST_SECTION_ID	HOLD_LATENCY	INTERKEY_LATENCY	PRESS_LATENCY	RELEASE_LATENCY
4453	47310	0.167	0.0	0.0	0.0
4453	47310	0.06	0.098	0.069	0.038
4453	47310	0.12	0.1	0.16	0.22
4453	47310	0.128	0.08	0.04	0.048
4453	47310	0.209	0.001	0.129	0.21
4453	47310	0.256	0.115	0.094	0.141
4453	47310	0.192	0.135	0.121	0.057
4453	47310	0.088	0.04	0.232	0.128
4453	47310	0.112	0.064	0.152	0.176
4453	47310	0.136	0.016	0.096	0.12
4453	47310	0.075	0.072	0.064	0.003
4453	47310	0.096	0.045	0.12	0.141
4453	47310	0.135	0.048	0.048	0.087
4453	47310	0.088	0.031	0.104	0.057
4453	47310	0.072	0.0	0.088	0.072
4453	47310	0.128	0.0	0.072	0.128
4453	47310	0.104	0.024	0.104	0.08
4453	47310	0.062	0.001	0.105	0.063
4453	47310	0.095	0.057	0.119	0.152
4453	47310	0.111	0.001	0.096	0.112
4453	47310	0.119	0.023	0.088	0.096
4453	47310	0.119	0.217	0.336	0.336
4453	47310	0.095	0.353	0.472	0.448
4453	47310	0.111	0.023	0.072	0.088
4453	47310	0.12	0.032	0.079	0.088
4453	47310	0.056	0.033	0.153	0.089
4453	47310	0.087	0.104	0.16	0.191
4453	47310	0.063	0.015	0.072	0.048
4453	47310	0.104	0.065	0.128	0.169
4453	47310	0.096	0.0	0.104	0.096
4453	47310	0.079	0.0	0.096	0.079
4453	47310	0.096	0.04	0.119	0.136
4453	47310	0.095	0.023	0.073	0.072
4453	47310	0.088	0.04	0.135	0.128
4453	47310	0.0	0.0	0.0	0.0
4453	47310	0.0	0.0	0.0	0.0
4453	47310	0.0	0.0	0.0	0.0
4453	47310	0.0	0.0	0.0	0.0
4453	47310	0.0	0.0	0.0	0.0
4453	47310	0.0	0.0	0.0	0.0
4453	47310	0.0	0.0	0.0	0.0
4453	47310	0.0	0.0	0.0	0.0
4453	47310	0.0	0.0	0.0	0.0
4453	47310	0.0	0.0	0.0	0.0
4453	47310	0.0	0.0	0.0	0.0
4453	47310	0.0	0.0	0.0	0.0
4453	47310	0.0	0.0	0.0	0.0
4453	47310	0.0	0.0	0.0	0.0
4453	47310	0.0	0.0	0.0	0.0
4453	47310	0.0	0.0	0.0	0.0
4453	47310	0.0	0.0	0.0	0.0
4453	47310	0.0	0.0	0.0	0.0
4453	47310	0.0	0.0	0.0	0.0
4453	47310	0.0	0.0	0.0	0.0
4453	47310	0.0	0.0	0.0	0.0
4453	47310	0.0	0.0	0.0	0.0
4453	47310	0.0	0.0	0.0	0.0
4453	47310	0.0	0.0	0.0	0.0
4453	47310	0.0	0.0	0.0	0.0
4453	47310	0.0	0.0	0.0	0.0
4453	47310	0.0	0.0	0.0	0.0
4453	47310	0.0	0.0	0.0	0.0
4453	47310	0.0	0.0	0.0	0.0
4453	47310	0.0	0.0	0.0	0.0
4453	47310	0.0	0.0	0.0	0.0
4453	47310	0.0	0.0	0.0	0.0
4453	47310	0.0	0.0	0.0	0.0
4453	47310	0.0	0.0	0.0	0.0
4453	47310	0.0	0.0	0.0	0.0
4453	47310	0.0	0.0	0.0	0.0
4453	47322	0.191	0.0	0.0	0.0
4453	47322	0.073	0.072	0.119	0.001
4453	47322	0.113	0.055	0.128	0.168
4453	47322	0.111	0.0	0.113	0.111
4453	47322	0.136	0.024	0.135	0.16
4453	47322	0.088	0.04	0.096	0.048
4453	47322	0.112	0.072	0.16	0.184
4453	47322	0.089	0.016	0.096	0.073
4453	47322	0.088	0.079	0.168	0.167
4453	47322	0.105	0.048	0.136	0.153
4453	47322	0.152	0.0	0.105	0.152
4453	47322	0.097	0.057	0.095	0.04
4453	47322	0.161	0.135	0.232	0.296
4453	47322	0.104	0.041	0.12	0.063
4453	47322	0.105	0.096	0.2	0.201
4453	47322	0.095	0.0	0.105	0.095
4453	47322	0.105	0.056	0.151	0.161
4453	47322	0.088	0.033	0.072	0.055
4453	47322	0.119	0.449	0.537	0.568
4453	47322	0.169	0.064	0.183	0.233
4453	47322	0.12	0.143	0.312	0.263
4453	47322	0.128	0.128	0.248	0.256
4453	47322	0.112	0.016	0.112	0.096
4453	47322	0.112	0.296	0.408	0.408
4453	47322	0.135	0.023	0.089	0.112
4453	47322	0.104	0.088	0.223	0.192
4453	47322	0.144	0.16	0.264	0.304
4453	47322	0.088	0.072	0.072	0.016
4453	47322	0.129	0.056	0.032	0.073
4453	47322	0.128	0.017	0.112	0.111
4453	47322	0.127	0.001	0.129	0.128
4453	47322	0.097	0.056	0.071	0.041
4453	47322	0.08	0.015	0.112	0.095
4453	47322	0.088	0.024	0.104	0.112
4453	47322	0.065	0.528	0.616	0.593
4453	47322	0.08	0.079	0.144	0.159
4453	47322	0.112	0.12	0.2	0.232
4453	47322	0.112	0.032	0.08	0.08
4453	47322	0.088	0.016	0.096	0.072
4453	47322	0.072	0.152	0.24	0.224
4453	47322	0.08	0.088	0.16	0.168
4453	47322	0.144	0.04	0.04	0.104
4453	47322	0.095	0.001	0.145	0.096
4453	47322	0.112	0.024	0.119	0.136
4453	47322	0.102	0.002	0.114	0.104
4453	47322	0.112	0.048	0.15	0.16
4453	47322	0.079	0.001	0.113	0.08
4453	47322	0.105	0.08	0.159	0.185
4453	47322	0.119	0.0	0.105	0.119
4453	47322	0.12	0.048	0.071	0.072
4453	47322	0.121	0.04	0.08	0.081
4453	47322	0.063	0.0	0.121	0.063
4453	47322	0.0	0.0	0.0	0.0
4453	47322	0.0	0.0	0.0	0.0
4453	47322	0.0	0.0	0.0	0.0
4453	47322	0.0	0.0	0.0	0.0
4453	47322	0.0	0.0	0.0	0.0
4453	47322	0.0	0.0	0.0	0.0
4453	47322	0.0	0.0	0.0	0.0
4453	47322	0.0	0.0	0.0	0.0
4453	47322	0.0	0.0	0.0	0.0
4453	47322	0.0	0.0	0.0	0.0
4453	47322	0.0	0.0	0.0	0.0
4453	47322	0.0	0.0	0.0	0.0
4453	47322	0.0	0.0	0.0	0.0
4453	47322	0.0	0.0	0.0	0.0
4453	47322	0.0	0.0	0.0	0.0
4453	47322	0.0	0.0	0.0	0.0
4453	47322	0.0	0.0	0.0	0.0
4453	47322	0.0	0.0	0.0	0.0
4453	47347	0.184	0.0	0.0	0.0
4453	47347	0.12	0.104	0.08	0.016
4453	47347	0.072	0.08	0.2	0.152
4453	47347	0.081	0.056	0.128	0.137
4453	47347	0.16	0.087	0.168	0.247
4453	47347	0.168	0.056	0.104	0.112
4453	47347	0.12	0.048	0.12	0.072
4453	47347	0.104	0.032	0.088	0.072
4453	47347	0.136	0.072	0.176	0.208
4453	47347	0.12	0.048	0.088	0.072
4453	47347	0.112	0.056	0.064	0.056
4453	47347	0.087	0.001	0.113	0.088
4453	47347	0.112	0.04	0.127	0.152
4453	47347	0.112	0.048	0.064	0.064
4453	47347	0.072	0.016	0.096	0.056
4453	47347	0.056	0.08	0.152	0.136
4453	47347	0.136	0.056	0.112	0.192
4453	47347	0.112	0.032	0.104	0.08
4453	47347	0.143	0.001	0.113	0.144
4453	47347	0.144	0.04	0.103	0.104
4453	47347	0.12	0.024	0.12	0.096
4453	47347	0.592	0.032	0.152	0.624
4453	47347	0.128	0.48	0.112	0.352
4453	47347	0.137	0.168	0.296	0.305
4453	47347	0.082	0.005	0.142	0.087
4453	47347	0.088	0.032	0.114	0.12
4453	47347	0.095	0.001	0.089	0.096
4453	47347	0.128	0.024	0.071	0.104
4453	47347	0.096	0.032	0.096	0.064
4453	47347	0.176	0.112	0.208	0.288
4453	47347	0.144	0.032	0.144	0.112
4453	47347	0.112	0.024	0.12	0.088
4453	47347	0.096	0.04	0.072	0.056
4453	47347	0.128	0.016	0.08	0.112
4453	47347	0.104	0.032	0.096	0.072
4453	47347	0.072	0.12	0.224	0.192
4453	47347	0.152	0.096	0.168	0.248
4453	47347	0.096	0.024	0.128	0.072
4453	47347	0.088	0.104	0.2	0.192
4453	47347	0.056	0.056	0.144	0.112
4453	47347	0.104	0.072	0.128	0.176
4453	47347	0.112	0.088	0.192	0.2
4453	47347	0.064	0.024	0.088	0.04
4453	47347	0.096	0.056	0.12	0.152
4453	47347	0.096	0.104	0.2	0.2
4453	47347	0.104	0.024	0.072	0.08
4453	47347	0.088	0.096	0.2	0.184
4453	47347	0.159	0.041	0.129	0.2
4453	47347	0.128	0.04	0.119	0.088
4453	47347	0.135	0.001	0.129	0.136
4453	47347	0.104	0.024	0.111	0.08
4453	47347	0.099	0.045	0.149	0.144
4453	47347	0.12	0.064	0.163	0.184
4453	47347	0.136	0.024	0.096	0.112
4453	47347	0.072	0.048	0.184	0.12
4453	47347	0.08	0.272	0.344	0.352
4453	47347	0.105	0.016	0.096	0.121
4453	47347	0.104	0.049	0.056	0.055
4453	47347	0.136	0.032	0.072	0.104
4453	47347	0.072	0.04	0.096	0.032
4453	47347	0.112	0.032	0.04	0.08
4453	47347	0.128	0.016	0.096	0.112
4453	47347	0.12	0.072	0.056	0.048
4453	47347	0.095	0.047	0.073	0.048
4453	47347	0.064	0.032	0.127	0.096
4453	47347	0.096	0.112	0.176	0.208
4453	47347	0.104	0.088	0.184	0.192
4453	47347	0.143	0.001	0.105	0.144
4453	47347	0.079	0.001	0.144	0.08
4453	47347	0.072	0.072	0.151	0.144
4453	47364	0.152	0.0	0.0	0.0
4453	47364	0.096	0.096	0.056	0.0
4453	47364	0.096	0.104	0.2	0.2
4453	47364	0.071	0.001	0.097	0.072
4453	47364	0.095	0.033	0.104	0.128
4453	47364	0.072	0.048	0.143	0.12
4453	47364	0.069	0.003	0.075	0.072
4453	47364	0.072	0.184	0.253	0.256
4453	47364	0.08	0.064	0.136	0.144
4453	47364	0.088	0.072	0.152	0.16
4453	47364	0.096	0.104	0.192	0.2
4453	47364	0.104	0.024	0.072	0.08
4453	47364	0.096	0.024	0.08	0.072
4453	47364	0.143	0.001	0.097	0.144
4453	47364	0.104	0.032	0.111	0.072
4453	47364	0.104	0.168	0.272	0.272
4453	47364	0.072	0.256	0.36	0.328
4453	47364	0.152	0.024	0.096	0.176
4453	47364	0.112	0.048	0.104	0.064
4453	47364	0.096	0.04	0.072	0.056
4453	47364	0.064	0.088	0.184	0.152
4453	47364	0.0	0.0	0.0	0.0
4453	47364	0.0	0.0	0.0	0.0
4453	47364	0.0	0.0	0.0	0.0
4453	47364	0.0	0.0	0.0	0.0
4453	47364	0.0	0.0	0.0	0.0
4453	47364	0.0	0.0	0.0	0.0
4453	47364	0.0	0.0	0.0	0.0
4453	47364	0.0	0.0	0.0	0.0
4453	47364	0.0	0.0	0.0	0.0
4453	47364	0.0	0.0	0.0	0.0
4453	47364	0.0	0.0	0.0	0.0
4453	47364	0.0	0.0	0.0	0.0
4453	47364	0.0	0.0	0.0	0.0
4453	47364	0.0	0.0	0.0	0.0
4453	47364	0.0	0.0	0.0	0.0
4453	47364	0.0	0.0	0.0	0.0
4453	47364	0.0	0.0	0.0	0.0
4453	47364	0.0	0.0	0.0	0.0
4453	47364	0.0	0.0	0.0	0.0
4453	47364	0.0	0.0	0.0	0.0
4453	47364	0.0	0.0	0.0	0.0
4453	47364	0.0	0.0	0.0	0.0
4453	47364	0.0	0.0	0.0	0.0
4453	47364	0.0	0.0	0.0	0.0
4453	47364	0.0	0.0	0.0	0.0
4453	47364	0.0	0.0	0.0	0.0
4453	47364	0.0	0.0	0.0	0.0
4453	47364	0.0	0.0	0.0	0.0
4453	47364	0.0	0.0	0.0	0.0
4453	47364	0.0	0.0	0.0	0.0
4453	47364	0.0	0.0	0.0	0.0
4453	47364	0.0	0.0	0.0	0.0
4453	47364	0.0	0.0	0.0	0.0
4453	47364	0.0	0.0	0.0	0.0
4453	47364	0.0	0.0	0.0	0.0
4453	47364	0.0	0.0	0.0	0.0
4453	47364	0.0	0.0	0.0	0.0
4453	47364	0.0	0.0	0.0	0.0
4453	47364	0.0	0.0	0.0	0.0
4453	47364	0.0	0.0	0.0	0.0
4453	47364	0.0	0.0	0.0	0.0
4453	47364	0.0	0.0	0.0	0.0
4453	47364	0.0	0.0	0.0	0.0
4453	47364	0.0	0.0	0.0	0.0
4453	47364	0.0	0.0	0.0	0.0
4453	47364	0.0	0.0	0.0	0.0
4453	47364	0.0	0.0	0.0	0.0
4453	47364	0.0	0.0	0.0	0.0
4453	47364	0.0	0.0	0.0	0.0
4453	47374	0.112	0.0	0.0	0.0
4453	47374	0.096	0.048	0.064	0.048
4453	47374	0.096	0.024	0.072	0.072
4453	47374	0.12	0.0	0.096	0.12
4453	47374	0.12	0.064	0.056	0.056
4453	47374	0.063	0.001	0.121	0.064
4453	47374	0.144	0.056	0.119	0.2
4453	47374	0.088	0.08	0.224	0.168
4453	47374	0.136	0.048	0.136	0.184
4453	47374	0.088	0.032	0.104	0.056
4453	47374	0.576	0.096	0.184	0.672
4453	47374	0.144	0.408	0.168	0.264
4453	47374	0.136	0.072	0.216	0.208
4453	47374	0.087	0.057	0.193	0.144
4453	47374	0.088	0.32	0.407	0.408
4453	47374	0.104	0.032	0.12	0.136
4453	47374	0.088	0.056	0.048	0.032
4453	47374	0.064	0.12	0.208	0.184
4453	47374	0.136	0.016	0.08	0.152
4453	47374	0.08	0.032	0.104	0.048
4453	47374	0.08	0.12	0.2	0.2
4453	47374	0.063	0.001	0.081	0.064
4453	47374	0.072	0.152	0.215	0.224
4453	47374	0.08	0.072	0.144	0.152
4453	47374	0.08	0.136	0.216	0.216
4453	47374	0.104	0.0	0.08	0.104
4453	47374	0.088	0.016	0.088	0.072
4453	47374	0.104	0.048	0.136	0.152
4453	47374	0.039	0.001	0.105	0.04
4453	47374	0.039	0.089	0.128	0.128
4453	47374	0.176	0.104	0.143	0.28
4453	47374	0.184	0.064	0.112	0.12
4453	47374	0.12	0.048	0.136	0.072
4453	47374	0.088	0.016	0.136	0.104
4453	47374	0.104	0.056	0.144	0.16
4453	47374	0.079	0.001	0.105	0.08
4453	47374	0.104	0.016	0.095	0.12
4453	47374	0.088	0.024	0.128	0.112
4453	47374	0.088	0.048	0.136	0.136
4453	47374	0.0	0.0	0.0	0.0
4453	47374	0.0	0.0	0.0	0.0
4453	47374	0.0	0.0	0.0	0.0
4453	47374	0.0	0.0	0.0	0.0
4453	47374	0.0	0.0	0.0	0.0
4453	47374	0.0	0.0	0.0	0.0
4453	47374	0.0	0.0	0.0	0.0
4453	47374	0.0	0.0	0.0	0.0
4453	47374	0.0	0.0	0.0	0.0
4453	47374	0.0	0.0	0.0	0.0
4453	47374	0.0	0.0	0.0	0.0
4453	47374	0.0	0.0	0.0	0.0
4453	47374	0.0	0.0	0.0	0.0
4453	47374	0.0	0.0	0.0	0.0
4453	47374	0.0	0.0	0.0	0.0
4453	47374	0.0	0.0	0.0	0.0
4453	47374	0.0	0.0	0.0	0.0
4453	47374	0.0	0.0	0.0	0.0
4453	47374	0.0	0.0	0.0	0.0
4453	47374	0.0	0.0	0.0	0.0
4453	47374	0.0	0.0	0.0	0.0
4453	47374	0.0	0.0	0.0	0.0
4453	47374	0.0	0.0	0.0	0.0
4453	47374	0.0	0.0	0.0	0.0
4453	47374	0.0	0.0	0.0	0.0
4453	47374	0.0	0.0	0.0	0.0
4453	47374	0.0	0.0	0.0	0.0
4453	47374	0.0	0.0	0.0	0.0
4453	47374	0.0	0.0	0.0	0.0
4453	47374	0.0	0.0	0.0	0.0
4453	47374	0.0	0.0	0.0	0.0
4453	47381	0.152	0.0	0.0	0.0
4453	47381	0.096	0.072	0.08	0.024
4453	47381	0.12	0.024	0.072	0.096
4453	47381	0.104	0.024	0.096	0.08
4453	47381	0.088	0.048	0.056	0.04
4453	47381	0.112	0.064	0.152	0.176
4453	47381	0.112	0.072	0.04	0.04
4453	47381	0.095	0.001	0.113	0.096
4453	47381	0.128	0.056	0.151	0.184
4453	47381	0.088	0.256	0.384	0.344
4453	47381	0.096	0.024	0.064	0.072
4453	47381	0.104	0.016	0.08	0.088
4453	47381	0.104	0.0	0.104	0.104
4453	47381	0.07	0.002	0.106	0.072
4453	47381	0.072	0.024	0.046	0.048
4453	47381	0.072	0.088	0.16	0.16
4453	47381	0.096	0.024	0.048	0.072
4453	47381	0.112	0.024	0.072	0.088
4453	47381	0.136	0.04	0.152	0.176
4453	47381	0.12	0.136	0.272	0.256
4453	47381	0.184	0.048	0.168	0.232
4453	47381	0.104	0.032	0.216	0.136
4453	47381	0.088	0.072	0.176	0.16
4453	47381	0.104	0.024	0.064	0.08
4453	47381	0.168	0.04	0.144	0.208
4453	47381	0.128	0.064	0.104	0.064
4453	47381	0.072	0.128	0.256	0.2
4453	47381	0.112	0.072	0.144	0.184
4453	47381	0.096	0.096	0.208	0.192
4453	47381	0.128	0.144	0.24	0.272
4453	47381	0.07	0.002	0.13	0.072
4453	47381	0.072	0.0	0.07	0.072
4453	47381	0.088	0.024	0.096	0.112
4453	47381	0.127	0.001	0.089	0.128
4453	47381	0.08	0.024	0.103	0.056
4453	47381	0.136	0.136	0.216	0.272
4453	47381	0.048	0.048	0.088	0.0
4453	47381	0.096	0.08	0.128	0.176
4453	47381	0.112	0.032	0.064	0.08
4453	47381	0.064	0.0	0.112	0.064
4453	47381	0.072	0.04	0.104	0.112
4453	47381	0.0	0.0	0.0	0.0
4453	47381	0.0	0.0	0.0	0.0
4453	47381	0.0	0.0	0.0	0.0
4453	47381	0.0	0.0	0.0	0.0
4453	47381	0.0	0.0	0.0	0.0
4453	47381	0.0	0.0	0.0	0.0
4453	47381	0.0	0.0	0.0	0.0
4453	47381	0.0	0.0	0.0	0.0
4453	47381	0.0	0.0	0.0	0.0
4453	47381	0.0	0.0	0.0	0.0
4453	47381	0.0	0.0	0.0	0.0
4453	47381	0.0	0.0	0.0	0.0
4453	47381	0.0	0.0	0.0	0.0
4453	47381	0.0	0.0	0.0	0.0
4453	47381	0.0	0.0	0.0	0.0
4453	47381	0.0	0.0	0.0	0.0
4453	47381	0.0	0.0	0.0	0.0
4453	47381	0.0	0.0	0.0	0.0
4453	47381	0.0	0.0	0.0	0.0
4453	47381	0.0	0.0	0.0	0.0
4453	47381	0.0	0.0	0.0	0.0
4453	47381	0.0	0.0	0.0	0.0
4453	47381	0.0	0.0	0.0	0.0
4453	47381	0.0	0.0	0.0	0.0
4453	47381	0.0	0.0	0.0	0.0
4453	47381	0.0	0.0	0.0	0.0
4453	47381	0.0	0.0	0.0	0.0
4453	47381	0.0	0.0	0.0	0.0
4453	47381	0.0	0.0	0.0	0.0
4453	47393	0.544	0.0	0.0	0.0
4453	47393	0.072	0.456	0.088	0.384
4453	47393	0.096	0.12	0.192	0.216
4453	47393	0.08	0.088	0.184	0.168
4453	47393	0.088	0.12	0.2	0.208
4453	47393	0.088	0.024	0.112	0.112
4453	47393	0.104	0.184	0.272	0.288
4453	47393	0.096	0.016	0.088	0.08
4453	47393	0.104	0.032	0.064	0.072
4453	47393	0.112	0.072	0.176	0.184
4453	47393	0.072	0.232	0.344	0.304
4453	47393	0.105	0.096	0.168	0.201
4453	47393	0.088	0.041	0.064	0.047
4453	47393	0.105	0.0	0.088	0.105
4453	47393	0.104	0.017	0.088	0.087
4453	47393	0.128	0.04	0.064	0.088
4453	47393	0.104	0.0	0.128	0.104
4453	47393	0.088	0.032	0.072	0.056
4453	47393	0.088	0.04	0.128	0.128
4453	47393	0.055	0.001	0.089	0.056
4453	47393	0.096	0.056	0.111	0.152
4453	47393	0.104	0.016	0.112	0.12
4453	47393	0.095	0.001	0.105	0.096
4453	47393	0.136	0.0	0.095	0.136
4453	47393	0.088	0.0	0.136	0.088
4453	47393	0.088	0.032	0.056	0.056
4453	47393	0.144	0.112	0.2	0.256
4453	47393	0.088	0.032	0.112	0.056
4453	47393	0.112	0.144	0.232	0.256
4453	47393	0.176	0.0	0.112	0.176
4453	47393	0.12	0.024	0.2	0.144
4453	47393	0.128	0.08	0.2	0.208
4453	47393	0.12	0.056	0.072	0.064
4453	47393	0.112	0.112	0.232	0.224
4453	47393	0.088	0.0	0.112	0.088
4453	47393	0.127	0.001	0.089	0.128
4453	47393	0.072	0.056	0.071	0.016
4453	47393	0.12	0.056	0.128	0.176
4453	47393	0.208	0.168	0.288	0.376
4453	47393	0.08	0.08	0.128	0.0
4453	47393	0.0	0.0	0.0	0.0
4453	47393	0.0	0.0	0.0	0.0
4453	47393	0.0	0.0	0.0	0.0
4453	47393	0.0	0.0	0.0	0.0
4453	47393	0.0	0.0	0.0	0.0
4453	47393	0.0	0.0	0.0	0.0
4453	47393	0.0	0.0	0.0	0.0
4453	47393	0.0	0.0	0.0	0.0
4453	47393	0.0	0.0	0.0	0.0
4453	47393	0.0	0.0	0.0	0.0
4453	47393	0.0	0.0	0.0	0.0
4453	47393	0.0	0.0	0.0	0.0
4453	47393	0.0	0.0	0.0	0.0
4453	47393	0.0	0.0	0.0	0.0
4453	47393	0.0	0.0	0.0	0.0
4453	47393	0.0	0.0	0.0	0.0
4453	47393	0.0	0.0	0.0	0.0
4453	47393	0.0	0.0	0.0	0.0
4453	47393	0.0	0.0	0.0	0.0
4453	47393	0.0	0.0	0.0	0.0
4453	47393	0.0	0.0	0.0	0.0
4453	47393	0.0	0.0	0.0	0.0
4453	47393	0.0	0.0	0.0	0.0
4453	47393	0.0	0.0	0.0	0.0
4453	47393	0.0	0.0	0.0	0.0
4453	47393	0.0	0.0	0.0	0.0
4453	47393	0.0	0.0	0.0	0.0
4453	47393	0.0	0.0	0.0	0.0
4453	47393	0.0	0.0	0.0	0.0
4453	47393	0.0	0.0	0.0	0.0
4453	47406	0.128	0.0	0.0	0.0
4453	47406	0.072	0.048	0.08	0.024
4453	47406	0.128	0.024	0.048	0.104
4453	47406	0.096	0.032	0.096	0.064
4453	47406	0.112	0.024	0.072	0.088
4453	47406	0.128	0.0	0.112	0.128
4453	47406	0.054	0.002	0.13	0.056
4453	47406	0.096	0.128	0.182	0.224
4453	47406	0.144	0.136	0.232	0.28
4453	47406	0.112	0.088	0.232	0.2
4453	47406	0.104	0.08	0.192	0.184
4453	47406	0.096	0.152	0.256	0.248
4453	47406	0.12	0.024	0.072	0.096
4453	47406	0.104	0.0	0.12	0.104
4453	47406	0.104	0.0	0.104	0.104
4453	47406	0.064	0.024	0.08	0.04
4453	47406	0.056	0.072	0.136	0.128
4453	47406	0.08	0.072	0.128	0.152
4453	47406	0.08	0.032	0.112	0.112
4453	47406	0.088	0.096	0.176	0.184
4453	47406	0.096	0.032	0.056	0.064
4453	47406	0.08	0.144	0.24	0.224
4453	47406	0.112	0.08	0.16	0.192
4453	47406	0.088	0.04	0.072	0.048
4453	47406	0.088	0.024	0.064	0.064
4453	47406	0.08	0.016	0.104	0.096
4453	47406	0.064	0.024	0.104	0.088
4453	47406	0.064	0.096	0.16	0.16
4453	47406	0.088	0.0	0.064	0.088
4453	47406	0.072	0.016	0.104	0.088
4453	47406	0.128	0.024	0.048	0.104
4453	47406	0.096	0.0	0.128	0.096
4453	47406	0.112	0.056	0.04	0.056
4453	47406	0.088	0.056	0.056	0.032
4453	47406	0.103	0.031	0.057	0.072
4453	47406	0.104	0.048	0.151	0.152
4453	47406	0.144	0.024	0.128	0.168
4453	47406	0.096	0.064	0.08	0.032
4453	47406	0.072	0.0	0.096	0.072
4453	47406	0.072	0.024	0.096	0.096
4453	47406	0.0	0.0	0.0	0.0
4453	47406	0.0	0.0	0.0	0.0
4453	47406	0.0	0.0	0.0	0.0
4453	47406	0.0	0.0	0.0	0.0
4453	47406	0.0	0.0	0.0	0.0
4453	47406	0.0	0.0	0.0	0.0
4453	47406	0.0	0.0	0.0	0.0
4453	47406	0.0	0.0	0.0	0.0
4453	47406	0.0	0.0	0.0	0.0
4453	47406	0.0	0.0	0.0	0.0
4453	47406	0.0	0.0	0.0	0.0
4453	47406	0.0	0.0	0.0	0.0
4453	47406	0.0	0.0	0.0	0.0
4453	47406	0.0	0.0	0.0	0.0
4453	47406	0.0	0.0	0.0	0.0
4453	47406	0.0	0.0	0.0	0.0
4453	47406	0.0	0.0	0.0	0.0
4453	47406	0.0	0.0	0.0	0.0
4453	47406	0.0	0.0	0.0	0.0
4453	47406	0.0	0.0	0.0	0.0
4453	47406	0.0	0.0	0.0	0.0
4453	47406	0.0	0.0	0.0	0.0
4453	47406	0.0	0.0	0.0	0.0
4453	47406	0.0	0.0	0.0	0.0
4453	47406	0.0	0.0	0.0	0.0
4453	47406	0.0	0.0	0.0	0.0
4453	47406	0.0	0.0	0.0	0.0
4453	47406	0.0	0.0	0.0	0.0
4453	47406	0.0	0.0	0.0	0.0
4453	47406	0.0	0.0	0.0	0.0
4453	47418	0.16	0.0	0.0	0.0
4453	47418	0.08	0.064	0.096	0.016
4453	47418	0.104	0.016	0.064	0.088
4453	47418	0.112	0.032	0.072	0.08
4453	47418	0.136	0.0	0.112	0.136
4453	47418	0.104	0.04	0.096	0.064
4453	47418	0.08	0.08	0.184	0.16
4453	47418	0.056	0.088	0.168	0.144
4453	47418	0.088	0.048	0.104	0.136
4453	47418	0.128	0.024	0.112	0.152
4453	47418	0.12	0.024	0.104	0.096
4453	47418	0.12	0.08	0.2	0.2
4453	47418	0.12	0.032	0.152	0.152
4453	47418	0.064	0.12	0.24	0.184
4453	47418	0.096	0.024	0.04	0.072
4453	47418	0.08	0.336	0.432	0.416
4453	47418	0.071	0.001	0.081	0.072
4453	47418	0.08	0.016	0.087	0.096
4453	47418	0.08	0.136	0.216	0.216
4453	47418	0.072	0.064	0.144	0.136
4453	47418	0.104	0.152	0.224	0.256
4453	47418	0.088	0.056	0.16	0.144
4453	47418	0.2	0.08	0.168	0.28
4453	47418	0.12	0.12	0.08	0.0
4453	47418	0.128	0.056	0.064	0.072
4453	47418	0.104	0.024	0.104	0.08
4453	47418	0.064	0.064	0.168	0.128
4453	47418	0.144	0.016	0.048	0.128
4453	47418	0.104	0.032	0.112	0.072
4453	47418	0.064	0.28	0.384	0.344
4453	47418	0.112	0.224	0.288	0.336
4453	47418	0.096	0.024	0.136	0.12
4453	47418	0.088	0.152	0.248	0.24
4453	47418	0.104	0.12	0.208	0.224
4453	47418	0.064	0.112	0.216	0.176
4453	47418	0.072	0.056	0.12	0.128
4453	47418	0.096	0.088	0.16	0.184
4453	47418	0.096	0.0	0.096	0.096
4453	47418	0.12	0.032	0.064	0.088
4453	47418	0.104	0.032	0.088	0.072
4453	47418	0.073	0.072	0.032	0.001
4453	47418	0.088	0.087	0.16	0.175
4453	47418	0.064	0.024	0.064	0.04
4453	47418	0.088	0.088	0.152	0.176
4453	47418	0.136	0.04	0.048	0.096
4453	47418	0.128	0.04	0.096	0.088
4453	47418	0.064	0.0	0.128	0.064
4453	47418	0.12	0.0	0.064	0.12
4453	47418	0.152	0.168	0.288	0.32
4453	47418	0.088	0.024	0.176	0.112
4453	47418	0.055	0.12	0.208	0.175
4453	47418	0.136	0.065	0.12	0.201
4453	47418	0.088	0.072	0.064	0.016
4453	47418	0.121	0.064	0.152	0.185
4453	47418	0.12	0.015	0.136	0.135
4453	47418	0.103	0.032	0.088	0.071
4453	47418	0.128	0.025	0.128	0.153
4453	47418	0.072	0.056	0.072	0.016
4453	47418	0.152	0.016	0.088	0.168
4453	47418	0.104	0.08	0.072	0.024
4453	47418	0.065	0.023	0.127	0.088
4453	47418	0.0	0.0	0.0	0.0
4453	47418	0.0	0.0	0.0	0.0
4453	47418	0.0	0.0	0.0	0.0
4453	47418	0.0	0.0	0.0	0.0
4453	47418	0.0	0.0	0.0	0.0
4453	47418	0.0	0.0	0.0	0.0
4453	47418	0.0	0.0	0.0	0.0
4453	47418	0.0	0.0	0.0	0.0
4453	47418	0.0	0.0	0.0	0.0
4453	47431	0.151	0.0	0.0	0.0
4453	47431	0.112	0.055	0.096	0.057
4453	47431	0.096	0.056	0.168	0.152
4453	47431	0.111	0.0	0.096	0.111
4453	47431	0.088	0.023	0.088	0.065
4453	47431	0.119	0.192	0.28	0.311
4453	47431	0.16	0.055	0.064	0.105
4453	47431	0.08	0.08	0.08	0.0
4453	47431	0.08	0.096	0.176	0.176
4453	47431	0.088	0.0	0.08	0.088
4453	47431	0.104	0.04	0.128	0.144
4453	47431	0.129	0.023	0.127	0.152
4453	47431	0.112	0.064	0.065	0.048
4453	47431	0.048	0.039	0.151	0.087
4453	47431	0.064	0.233	0.281	0.297
4453	47431	0.088	0.0	0.064	0.088
4453	47431	0.12	0.016	0.072	0.104
4453	47431	0.087	0.04	0.08	0.047
4453	47431	0.104	0.097	0.184	0.201
4453	47431	0.08	0.088	0.192	0.168
4453	47431	0.103	0.128	0.208	0.231
4453	47431	0.224	0.129	0.232	0.353
4453	47431	0.128	0.048	0.176	0.08
4453	47431	0.071	0.072	0.2	0.143
4453	47431	0.112	0.233	0.304	0.345
4453	47431	0.104	0.048	0.16	0.152
4453	47431	0.112	0.064	0.168	0.176
4453	47431	0.08	0.032	0.144	0.112
4453	47431	0.12	0.024	0.104	0.144
4453	47431	0.088	0.248	0.368	0.336
4453	47431	0.2	0.048	0.04	0.152
4453	47431	0.071	0.136	0.336	0.207
4453	47431	0.072	0.08	0.151	0.152
4453	47431	0.12	0.073	0.145	0.193
4453	47431	0.112	0.048	0.072	0.064
4453	47431	0.103	0.0	0.112	0.103
4453	47431	0.096	0.153	0.256	0.249
4453	47431	0.104	0.216	0.312	0.32
4453	47431	0.112	0.024	0.128	0.136
4453	47431	0.072	0.128	0.24	0.2
4453	47431	0.144	0.064	0.136	0.208
4453	47431	0.104	0.048	0.096	0.056
4453	47431	0.088	0.039	0.143	0.127
4453	47431	0.056	0.065	0.153	0.121
4453	47431	0.121	0.039	0.095	0.16
4453	47431	0.104	0.032	0.089	0.072
4453	47431	0.168	0.096	0.2	0.264
4453	47431	0.096	0.016	0.184	0.112
4453	47431	0.088	0.304	0.4	0.392
4453	47431	0.12	0.088	0.176	0.208
4453	47431	0.064	0.064	0.056	0.0
4453	47431	0.137	0.095	0.159	0.232
4453	47431	0.072	0.048	0.089	0.024
4453	47431	0.109	0.022	0.05	0.087
4453	47431	0.112	0.001	0.11	0.113
4453	47431	0.144	0.016	0.128	0.16
4453	47431	0.088	0.088	0.056	0.0
4453	47431	0.04	0.103	0.191	0.143
4453	47431	0.0	0.0	0.0	0.0
4453	47431	0.0	0.0	0.0	0.0
4453	47431	0.0	0.0	0.0	0.0
4453	47431	0.0	0.0	0.0	0.0
4453	47431	0.0	0.0	0.0	0.0
4453	47431	0.0	0.0	0.0	0.0
4453	47431	0.0	0.0	0.0	0.0
4453	47431	0.0	0.0	0.0	0.0
4453	47431	0.0	0.0	0.0	0.0
4453	47431	0.0	0.0	0.0	0.0
4453	47431	0.0	0.0	0.0	0.0
4453	47431	0.0	0.0	0.0	0.0
4453	47446	0.159	0.0	0.0	0.0
4453	47446	0.112	0.055	0.104	0.057
4453	47446	0.072	0.0	0.112	0.072
4453	47446	0.12	0.0	0.072	0.12
4453	47446	0.104	0.0	0.12	0.104
4453	47446	0.127	0.032	0.072	0.095
4453	47446	0.096	0.04	0.087	0.056
4453	47446	0.191	0.033	0.129	0.224
4453	47446	0.135	0.055	0.136	0.08
4453	47446	0.12	0.04	0.095	0.08
4453	47446	0.111	0.023	0.097	0.088
4453	47446	0.127	0.177	0.288	0.304
4453	47446	0.136	0.055	0.072	0.081
4453	47446	0.08	0.0	0.136	0.08
4453	47446	0.112	0.239	0.319	0.351
4453	47446	0.08	0.039	0.073	0.041
4453	47446	0.055	0.104	0.184	0.159
4453	47446	0.073	0.128	0.183	0.201
4453	47446	0.097	0.039	0.112	0.136
4453	47446	0.095	0.08	0.177	0.175
4453	47446	0.103	0.305	0.4	0.408
4453	47446	0.095	0.057	0.16	0.152
4453	47446	0.079	0.065	0.16	0.144
4453	47446	0.087	0.177	0.256	0.264
4453	47446	0.097	0.032	0.119	0.129
4453	47446	0.103	0.0	0.097	0.103
4453	47446	0.087	0.081	0.184	0.168
4453	47446	0.104	0.023	0.064	0.081
4453	47446	0.088	0.016	0.088	0.072
4453	47446	0.039	0.0	0.088	0.039
4453	47446	0.113	0.08	0.119	0.193
4453	47446	0.112	0.072	0.041	0.04
4453	47446	0.087	0.039	0.073	0.048
4453	47446	0.104	0.071	0.158	0.175
4453	47446	0.119	0.039	0.065	0.08
4453	47446	0.08	0.016	0.103	0.064
4453	47446	0.103	0.031	0.049	0.072
4453	47446	0.129	0.072	0.175	0.201
4453	47446	0.047	0.0	0.129	0.047
4453	47446	0.096	0.08	0.127	0.176
4453	47446	0.136	0.016	0.112	0.152
4453	47446	0.087	0.031	0.105	0.056
4453	47446	0.112	0.04	0.047	0.072
4453	47446	0.104	0.04	0.072	0.064
4453	47446	0.104	0.032	0.072	0.072
4453	47446	0.136	0.032	0.136	0.168
4453	47446	0.12	0.112	0.248	0.232
4453	47446	0.128	0.064	0.056	0.064
4453	47446	0.12	0.047	0.081	0.073
4453	47446	0.127	0.0	0.12	0.127
4453	47446	0.136	0.04	0.167	0.176
4453	47446	0.137	0.056	0.08	0.081
4453	47446	0.136	0.049	0.088	0.087
4453	47446	0.08	0.104	0.24	0.184
4453	47446	0.144	0.096	0.176	0.24
4453	47446	0.119	0.055	0.089	0.064
4453	47446	0.12	0.04	0.079	0.08
4453	47446	0.103	0.001	0.121	0.104
4453	47446	0.105	0.048	0.055	0.057
4453	47446	0.095	0.0	0.105	0.095
4453	47446	0.081	0.392	0.487	0.473
4453	47446	0.112	0.025	0.056	0.087
4453	47446	0.144	0.032	0.08	0.112
4453	47446	0.096	0.04	0.104	0.056
4453	47446	0.192	0.12	0.216	0.312
4453	47446	0.135	0.039	0.153	0.096
4453	47446	0.183	0.097	0.232	0.28
4453	47446	0.184	0.04	0.143	0.144
4453	47446	0.12	0.104	0.08	0.016
4453	47446	0.096	0.136	0.256	0.232
4453	47470	0.216	0.0	0.0	0.0
4453	47470	0.137	0.072	0.144	0.065
4453	47470	0.056	0.0	0.137	0.056
4453	47470	0.103	0.0	0.056	0.103
4453	47470	0.137	0.288	0.391	0.425
4453	47470	0.104	0.073	0.064	0.031
4453	47470	0.078	0.03	0.074	0.048
4453	47470	0.088	0.056	0.134	0.144
4453	47470	0.12	0.024	0.064	0.096
4453	47470	0.057	0.056	0.064	0.001
4453	47470	0.08	0.087	0.144	0.167
4453	47470	0.088	0.04	0.04	0.048
4453	47470	0.144	0.112	0.2	0.256
4453	47470	0.12	0.04	0.104	0.08
4453	47470	0.095	0.001	0.121	0.096
4453	47470	0.128	0.04	0.055	0.088
4453	47470	0.097	0.032	0.096	0.065
4453	47470	0.08	0.079	0.176	0.159
4453	47470	0.119	0.001	0.081	0.12
4453	47470	0.072	0.032	0.087	0.04
4453	47470	0.144	0.072	0.144	0.216
4453	47470	0.096	0.16	0.304	0.256
4453	47470	0.072	0.224	0.32	0.296
4453	47470	0.088	0.064	0.136	0.152
4453	47470	0.072	0.12	0.208	0.192
4453	47470	0.087	0.585	0.657	0.672
4453	47470	0.088	0.024	0.111	0.112
4453	47470	0.136	0.04	0.128	0.176
4453	47470	0.096	0.008	0.128	0.088
4453	47470	0.104	0.016	0.112	0.12
4453	47470	0.144	0.088	0.192	0.232
4453	47470	0.152	0.16	0.304	0.312
4453	47470	0.095	0.015	0.137	0.08
4453	47470	0.072	0.12	0.215	0.192
4453	47470	0.08	0.04	0.112	0.12
4453	47470	0.0	0.0	0.0	0.0
4453	47470	0.0	0.0	0.0	0.0
4453	47470	0.0	0.0	0.0	0.0
4453	47470	0.0	0.0	0.0	0.0
4453	47470	0.0	0.0	0.0	0.0
4453	47470	0.0	0.0	0.0	0.0
4453	47470	0.0	0.0	0.0	0.0
4453	47470	0.0	0.0	0.0	0.0
4453	47470	0.0	0.0	0.0	0.0
4453	47470	0.0	0.0	0.0	0.0
4453	47470	0.0	0.0	0.0	0.0
4453	47470	0.0	0.0	0.0	0.0
4453	47470	0.0	0.0	0.0	0.0
4453	47470	0.0	0.0	0.0	0.0
4453	47470	0.0	0.0	0.0	0.0
4453	47470	0.0	0.0	0.0	0.0
4453	47470	0.0	0.0	0.0	0.0
4453	47470	0.0	0.0	0.0	0.0
4453	47470	0.0	0.0	0.0	0.0
4453	47470	0.0	0.0	0.0	0.0
4453	47470	0.0	0.0	0.0	0.0
4453	47470	0.0	0.0	0.0	0.0
4453	47470	0.0	0.0	0.0	0.0
4453	47470	0.0	0.0	0.0	0.0
4453	47470	0.0	0.0	0.0	0.0
4453	47470	0.0	0.0	0.0	0.0
4453	47470	0.0	0.0	0.0	0.0
4453	47470	0.0	0.0	0.0	0.0
4453	47470	0.0	0.0	0.0	0.0
4453	47470	0.0	0.0	0.0	0.0
4453	47470	0.0	0.0	0.0	0.0
4453	47470	0.0	0.0	0.0	0.0
4453	47470	0.0	0.0	0.0	0.0
4453	47470	0.0	0.0	0.0	0.0
4453	47470	0.0	0.0	0.0	0.0
4453	47479	0.144	0.0	0.0	0.0
4453	47479	0.096	0.056	0.088	0.04
4453	47479	0.095	0.039	0.057	0.056
4453	47479	0.103	0.001	0.096	0.104
4453	47479	0.128	0.064	0.039	0.064
4453	47479	0.104	0.04	0.088	0.064
4453	47479	0.104	0.048	0.152	0.152
4453	47479	0.103	0.001	0.105	0.104
4453	47479	0.072	0.024	0.079	0.048
4453	47479	0.215	0.049	0.121	0.264
4453	47479	0.13	0.128	0.087	0.002
4453	47479	0.137	0.074	0.056	0.063
4453	47479	0.101	0.062	0.075	0.039
4453	47479	0.103	0.039	0.062	0.064
4453	47479	0.08	0.112	0.215	0.192
4453	47479	0.087	0.001	0.081	0.088
4453	47479	0.118	0.014	0.073	0.104
4453	47479	0.112	0.08	0.038	0.032
4453	47479	0.111	0.031	0.081	0.08
4453	47479	0.12	0.024	0.135	0.144
4453	47479	0.112	0.048	0.072	0.064
4453	47479	0.112	0.088	0.024	0.024
4453	47479	0.096	0.0	0.112	0.096
4453	47479	0.062	0.002	0.098	0.064
4453	47479	0.072	0.08	0.142	0.152
4453	47479	0.089	0.064	0.136	0.153
4453	47479	0.065	0.065	0.024	0.0
4453	47479	0.08	0.055	0.12	0.135
4453	47479	0.064	0.104	0.184	0.168
4453	47479	0.096	0.04	0.024	0.056
4453	47479	0.072	0.064	0.16	0.136
4453	47479	0.152	0.04	0.112	0.192
4453	47479	0.097	0.056	0.096	0.041
4453	47479	0.096	0.017	0.08	0.079
4453	47479	0.087	0.001	0.097	0.088
4453	47479	0.192	0.16	0.247	0.352
4453	47479	0.104	0.088	0.104	0.016
4453	47479	0.144	0.015	0.089	0.129
4453	47479	0.12	0.033	0.111	0.087
4453	47479	0.104	0.024	0.096	0.08
4453	47479	0.119	0.001	0.105	0.12
4453	47479	0.088	0.032	0.087	0.056
4453	47479	0.073	0.096	0.184	0.169
4453	47479	0.0	0.0	0.0	0.0
4453	47479	0.0	0.0	0.0	0.0
4453	47479	0.0	0.0	0.0	0.0
4453	47479	0.0	0.0	0.0	0.0
4453	47479	0.0	0.0	0.0	0.0
4453	47479	0.0	0.0	0.0	0.0
4453	47479	0.0	0.0	0.0	0.0
4453	47479	0.0	0.0	0.0	0.0
4453	47479	0.0	0.0	0.0	0.0
4453	47479	0.0	0.0	0.0	0.0
4453	47479	0.0	0.0	0.0	0.0
4453	47479	0.0	0.0	0.0	0.0
4453	47479	0.0	0.0	0.0	0.0
4453	47479	0.0	0.0	0.0	0.0
4453	47479	0.0	0.0	0.0	0.0
4453	47479	0.0	0.0	0.0	0.0
4453	47479	0.0	0.0	0.0	0.0
4453	47479	0.0	0.0	0.0	0.0
4453	47479	0.0	0.0	0.0	0.0
4453	47479	0.0	0.0	0.0	0.0
4453	47479	0.0	0.0	0.0	0.0
4453	47479	0.0	0.0	0.0	0.0
4453	47479	0.0	0.0	0.0	0.0
4453	47479	0.0	0.0	0.0	0.0
4453	47479	0.0	0.0	0.0	0.0
4453	47479	0.0	0.0	0.0	0.0
4453	47479	0.0	0.0	0.0	0.0
4453	47490	0.168	0.0	0.0	0.0
4453	47490	0.089	0.088	0.08	0.001
4453	47490	0.095	0.0	0.089	0.095
4453	47490	0.087	0.001	0.096	0.088
4453	47490	0.112	0.016	0.071	0.096
4453	47490	0.088	0.048	0.064	0.04
4453	47490	0.08	0.056	0.144	0.136
4453	47490	0.104	0.024	0.056	0.08
4453	47490	0.104	0.024	0.08	0.08
4453	47490	0.144	0.04	0.064	0.104
4453	47490	0.08	0.04	0.104	0.04
4453	47490	0.096	0.064	0.144	0.16
4453	47490	0.096	0.04	0.056	0.056
4453	47490	0.12	0.032	0.064	0.088
4453	47490	0.095	0.001	0.121	0.096
4453	47490	0.12	0.04	0.055	0.08
4453	47490	0.096	0.064	0.056	0.032
4453	47490	0.088	0.168	0.264	0.256
4453	47490	0.103	0.001	0.089	0.104
4453	47490	0.128	0.032	0.135	0.16
4453	47490	0.113	0.016	0.112	0.097
4453	47490	0.112	0.023	0.136	0.135
4453	47490	0.096	0.16	0.272	0.256
4453	47490	0.064	0.048	0.144	0.112
4453	47490	0.088	0.032	0.032	0.056
4453	47490	0.0	0.0	0.0	0.0
4453	47490	0.0	0.0	0.0	0.0
4453	47490	0.0	0.0	0.0	0.0
4453	47490	0.0	0.0	0.0	0.0
4453	47490	0.0	0.0	0.0	0.0
4453	47490	0.0	0.0	0.0	0.0
4453	47490	0.0	0.0	0.0	0.0
4453	47490	0.0	0.0	0.0	0.0
4453	47490	0.0	0.0	0.0	0.0
4453	47490	0.0	0.0	0.0	0.0
4453	47490	0.0	0.0	0.0	0.0
4453	47490	0.0	0.0	0.0	0.0
4453	47490	0.0	0.0	0.0	0.0
4453	47490	0.0	0.0	0.0	0.0
4453	47490	0.0	0.0	0.0	0.0
4453	47490	0.0	0.0	0.0	0.0
4453	47490	0.0	0.0	0.0	0.0
4453	47490	0.0	0.0	0.0	0.0
4453	47490	0.0	0.0	0.0	0.0
4453	47490	0.0	0.0	0.0	0.0
4453	47490	0.0	0.0	0.0	0.0
4453	47490	0.0	0.0	0.0	0.0
4453	47490	0.0	0.0	0.0	0.0
4453	47490	0.0	0.0	0.0	0.0
4453	47490	0.0	0.0	0.0	0.0
4453	47490	0.0	0.0	0.0	0.0
4453	47490	0.0	0.0	0.0	0.0
4453	47490	0.0	0.0	0.0	0.0
4453	47490	0.0	0.0	0.0	0.0
4453	47490	0.0	0.0	0.0	0.0
4453	47490	0.0	0.0	0.0	0.0
4453	47490	0.0	0.0	0.0	0.0
4453	47490	0.0	0.0	0.0	0.0
4453	47490	0.0	0.0	0.0	0.0
4453	47490	0.0	0.0	0.0	0.0
4453	47490	0.0	0.0	0.0	0.0
4453	47490	0.0	0.0	0.0	0.0
4453	47490	0.0	0.0	0.0	0.0
4453	47490	0.0	0.0	0.0	0.0
4453	47490	0.0	0.0	0.0	0.0
4453	47490	0.0	0.0	0.0	0.0
4453	47490	0.0	0.0	0.0	0.0
4453	47490	0.0	0.0	0.0	0.0
4453	47490	0.0	0.0	0.0	0.0
4453	47490	0.0	0.0	0.0	0.0
4453	47501	0.2	0.0	0.0	0.0
4453	47501	0.088	0.088	0.112	0.0
4453	47501	0.088	0.2	0.288	0.288
4453	47501	0.128	0.096	0.184	0.224
4453	47501	0.152	0.024	0.152	0.176
4453	47501	0.096	0.0	0.152	0.096
4453	47501	0.157	0.003	0.099	0.16
4453	47501	0.12	0.136	0.021	0.016
4453	47501	0.12	0.08	0.2	0.2
4453	47501	0.136	0.048	0.072	0.088
4453	47501	0.12	0.087	0.049	0.033
4453	47501	0.102	0.031	0.089	0.071
4453	47501	0.136	0.192	0.294	0.328
4453	47501	0.104	0.072	0.064	0.032
4453	47501	0.064	0.016	0.088	0.048
4453	47501	0.064	0.16	0.224	0.224
4453	47501	0.112	0.064	0.128	0.176
4453	47501	0.184	0.056	0.056	0.128
4453	47501	0.128	0.096	0.088	0.032
4453	47501	0.087	0.031	0.097	0.056
4453	47501	0.096	0.12	0.207	0.216
4453	47501	0.16	0.12	0.216	0.28
4453	47501	0.12	0.088	0.248	0.208
4453	47501	0.12	0.12	0.24	0.24
4453	47501	0.152	0.016	0.104	0.136
4453	47501	0.16	0.024	0.128	0.136
4453	47501	0.104	0.16	0.32	0.264
4453	47501	0.136	0.024	0.128	0.16
4453	47501	0.104	0.024	0.112	0.08
4453	47501	0.096	0.032	0.072	0.064
4453	47501	0.136	0.032	0.128	0.168
4453	47501	0.088	0.064	0.072	0.024
4453	47501	0.088	0.064	0.152	0.152
4453	47501	0.088	0.024	0.112	0.112
4453	47501	0.0	0.0	0.0	0.0
4453	47501	0.0	0.0	0.0	0.0
4453	47501	0.0	0.0	0.0	0.0
4453	47501	0.0	0.0	0.0	0.0
4453	47501	0.0	0.0	0.0	0.0
4453	47501	0.0	0.0	0.0	0.0
4453	47501	0.0	0.0	0.0	0.0
4453	47501	0.0	0.0	0.0	0.0
4453	47501	0.0	0.0	0.0	0.0
4453	47501	0.0	0.0	0.0	0.0
4453	47501	0.0	0.0	0.0	0.0
4453	47501	0.0	0.0	0.0	0.0
4453	47501	0.0	0.0	0.0	0.0
4453	47501	0.0	0.0	0.0	0.0
4453	47501	0.0	0.0	0.0	0.0
4453	47501	0.0	0.0	0.0	0.0
4453	47501	0.0	0.0	0.0	0.0
4453	47501	0.0	0.0	0.0	0.0
4453	47501	0.0	0.0	0.0	0.0
4453	47501	0.0	0.0	0.0	0.0
4453	47501	0.0	0.0	0.0	0.0
4453	47501	0.0	0.0	0.0	0.0
4453	47501	0.0	0.0	0.0	0.0
4453	47501	0.0	0.0	0.0	0.0
4453	47501	0.0	0.0	0.0	0.0
4453	47501	0.0	0.0	0.0	0.0
4453	47501	0.0	0.0	0.0	0.0
4453	47501	0.0	0.0	0.0	0.0
4453	47501	0.0	0.0	0.0	0.0
4453	47501	0.0	0.0	0.0	0.0
4453	47501	0.0	0.0	0.0	0.0
4453	47501	0.0	0.0	0.0	0.0
4453	47501	0.0	0.0	0.0	0.0
4453	47501	0.0	0.0	0.0	0.0
4453	47501	0.0	0.0	0.0	0.0
4453	47501	0.0	0.0	0.0	0.0
