PARTICIPANT_ID	TEST_SECTION_ID	HOLD_LATENCY	INTERKEY_LATENCY	PRESS_LATENCY	RELEASE_LATENCY
4718	50143	0.207	0.0	0.0	0.0
4718	50143	0.072	0.039	0.246	0.111
4718	50143	0.167	0.025	0.097	0.192
4718	50143	0.176	0.176	0.343	0.352
4718	50143	0.072	0.824	1.0	0.896
4718	50143	0.072	0.072	0.144	0.144
4718	50143	0.096	0.056	0.128	0.152
4718	50143	0.096	0.04	0.136	0.136
4718	50143	0.312	0.201	0.297	0.513
4718	50143	0.144	0.185	0.127	0.041
4718	50143	0.184	0.168	0.312	0.352
4718	50143	0.224	0.12	0.304	0.344
4718	50143	0.128	0.048	0.176	0.08
4718	50143	0.16	0.088	0.216	0.248
4718	50143	0.128	0.064	0.096	0.064
4718	50143	0.16	0.28	0.408	0.44
4718	50143	0.12	0.064	0.224	0.184
4718	50143	0.162	0.176	0.296	0.338
4718	50143	0.168	0.022	0.184	0.19
4718	50143	0.152	0.416	0.584	0.568
4718	50143	0.192	0.008	0.144	0.184
4718	50143	0.136	0.056	0.136	0.08
4718	50143	0.152	0.016	0.152	0.168
4718	50143	0.16	0.136	0.288	0.296
4718	50143	0.153	0.008	0.152	0.145
4718	50143	0.152	0.079	0.232	0.231
4718	50143	0.188	0.104	0.256	0.292
4718	50143	0.16	0.012	0.176	0.148
4718	50143	0.152	0.024	0.184	0.176
4718	50143	0.136	0.016	0.136	0.12
4718	50143	0.135	0.001	0.137	0.136
4718	50143	0.152	0.064	0.199	0.216
4718	50143	0.128	0.008	0.144	0.12
4718	50143	0.152	0.352	0.48	0.504
4718	50143	0.136	0.072	0.224	0.208
4718	50143	0.128	0.04	0.176	0.168
4718	50143	0.12	0.08	0.208	0.2
4718	50143	0.152	0.064	0.184	0.216
4718	50143	0.12	0.168	0.32	0.288
4718	50143	0.144	0.12	0.24	0.264
4718	50143	0.152	0.016	0.16	0.168
4718	50143	0.176	0.016	0.136	0.16
4718	50143	0.128	0.312	0.488	0.44
4718	50143	0.168	0.232	0.36	0.4
4718	50143	0.144	0.096	0.264	0.24
4718	50143	0.184	0.112	0.256	0.296
4718	50143	0.18	0.088	0.272	0.268
4718	50143	0.152	0.164	0.344	0.316
4718	50143	0.28	0.24	0.392	0.52
4718	50143	0.0	0.0	0.0	0.0
4718	50143	0.0	0.0	0.0	0.0
4718	50143	0.0	0.0	0.0	0.0
4718	50143	0.0	0.0	0.0	0.0
4718	50143	0.0	0.0	0.0	0.0
4718	50143	0.0	0.0	0.0	0.0
4718	50143	0.0	0.0	0.0	0.0
4718	50143	0.0	0.0	0.0	0.0
4718	50143	0.0	0.0	0.0	0.0
4718	50143	0.0	0.0	0.0	0.0
4718	50143	0.0	0.0	0.0	0.0
4718	50143	0.0	0.0	0.0	0.0
4718	50143	0.0	0.0	0.0	0.0
4718	50143	0.0	0.0	0.0	0.0
4718	50143	0.0	0.0	0.0	0.0
4718	50143	0.0	0.0	0.0	0.0
4718	50143	0.0	0.0	0.0	0.0
4718	50143	0.0	0.0	0.0	0.0
4718	50143	0.0	0.0	0.0	0.0
4718	50143	0.0	0.0	0.0	0.0
4718	50143	0.0	0.0	0.0	0.0
4718	50167	0.216	0.0	0.0	0.0
4718	50167	0.112	0.048	0.168	0.064
4718	50167	0.192	0.024	0.136	0.216
4718	50167	0.112	0.056	0.248	0.168
4718	50167	0.072	0.056	0.168	0.128
4718	50167	0.136	0.272	0.344	0.408
4718	50167	0.152	0.392	0.528	0.544
4718	50167	0.12	0.104	0.256	0.224
4718	50167	0.208	0.024	0.144	0.232
4718	50167	0.12	0.08	0.128	0.04
4718	50167	0.184	0.76	0.88	0.944
4718	50167	0.176	0.2	0.384	0.376
4718	50167	0.137	0.096	0.272	0.233
4718	50167	0.109	0.226	0.363	0.335
4718	50167	0.04	0.032	0.141	0.072
4718	50167	0.08	0.376	0.416	0.456
4718	50167	0.08	0.072	0.152	0.152
4718	50167	0.168	0.144	0.224	0.312
4718	50167	0.12	0.032	0.2	0.152
4718	50167	0.144	0.192	0.312	0.336
4718	50167	0.072	0.464	0.608	0.536
4718	50167	0.128	0.384	0.456	0.512
4718	50167	0.144	0.056	0.184	0.2
4718	50167	0.144	0.064	0.208	0.208
4718	50167	0.152	0.184	0.328	0.336
4718	50167	0.152	0.048	0.2	0.2
4718	50167	0.136	0.016	0.136	0.12
4718	50167	0.12	0.016	0.152	0.136
4718	50167	0.136	0.16	0.28	0.296
4718	50167	0.169	0.016	0.152	0.185
4718	50167	0.096	0.063	0.232	0.159
4718	50167	0.112	0.04	0.056	0.072
4718	50167	0.12	0.128	0.24	0.248
4718	50167	0.152	0.112	0.232	0.264
4718	50167	0.136	0.024	0.176	0.16
4718	50167	0.104	0.08	0.216	0.184
4718	50167	0.129	0.008	0.112	0.137
4718	50167	0.12	0.055	0.184	0.175
4718	50167	0.128	0.12	0.24	0.248
4718	50167	0.112	0.176	0.304	0.288
4718	50167	0.0	0.0	0.0	0.0
4718	50167	0.0	0.0	0.0	0.0
4718	50167	0.0	0.0	0.0	0.0
4718	50167	0.0	0.0	0.0	0.0
4718	50167	0.0	0.0	0.0	0.0
4718	50167	0.0	0.0	0.0	0.0
4718	50167	0.0	0.0	0.0	0.0
4718	50167	0.0	0.0	0.0	0.0
4718	50167	0.0	0.0	0.0	0.0
4718	50167	0.0	0.0	0.0	0.0
4718	50167	0.0	0.0	0.0	0.0
4718	50167	0.0	0.0	0.0	0.0
4718	50167	0.0	0.0	0.0	0.0
4718	50167	0.0	0.0	0.0	0.0
4718	50167	0.0	0.0	0.0	0.0
4718	50167	0.0	0.0	0.0	0.0
4718	50167	0.0	0.0	0.0	0.0
4718	50167	0.0	0.0	0.0	0.0
4718	50167	0.0	0.0	0.0	0.0
4718	50167	0.0	0.0	0.0	0.0
4718	50167	0.0	0.0	0.0	0.0
4718	50167	0.0	0.0	0.0	0.0
4718	50167	0.0	0.0	0.0	0.0
4718	50167	0.0	0.0	0.0	0.0
4718	50167	0.0	0.0	0.0	0.0
4718	50167	0.0	0.0	0.0	0.0
4718	50167	0.0	0.0	0.0	0.0
4718	50167	0.0	0.0	0.0	0.0
4718	50167	0.0	0.0	0.0	0.0
4718	50167	0.0	0.0	0.0	0.0
4718	50185	0.216	0.0	0.0	0.0
4718	50185	0.088	0.12	0.096	0.032
4718	50185	0.096	0.104	0.192	0.2
4718	50185	0.112	0.04	0.136	0.152
4718	50185	0.096	0.048	0.16	0.144
4718	50185	0.152	0.096	0.192	0.248
4718	50185	0.088	0.04	0.192	0.128
4718	50185	0.064	0.096	0.184	0.16
4718	50185	0.128	0.232	0.296	0.36
4718	50185	0.136	0.024	0.152	0.16
4718	50185	0.104	0.408	0.544	0.512
4718	50185	0.152	0.048	0.152	0.2
4718	50185	0.128	0.048	0.2	0.176
4718	50185	0.104	0.064	0.192	0.168
4718	50185	0.104	0.112	0.216	0.216
4718	50185	0.128	0.08	0.184	0.208
4718	50185	0.12	0.064	0.192	0.184
4718	50185	0.128	0.168	0.288	0.296
4718	50185	0.136	0.24	0.368	0.376
4718	50185	0.147	0.072	0.208	0.219
4718	50185	0.12	0.011	0.136	0.109
4718	50185	0.16	0.056	0.176	0.216
4718	50185	0.152	0.032	0.192	0.184
4718	50185	0.12	0.024	0.128	0.096
4718	50185	0.144	0.048	0.168	0.192
4718	50185	0.136	0.032	0.112	0.104
4718	50185	0.168	0.2	0.336	0.368
4718	50185	0.087	0.105	0.273	0.192
4718	50185	0.096	0.136	0.223	0.232
4718	50185	0.136	0.368	0.464	0.504
4718	50185	0.0	0.0	0.0	0.0
4718	50185	0.0	0.0	0.0	0.0
4718	50185	0.0	0.0	0.0	0.0
4718	50185	0.0	0.0	0.0	0.0
4718	50185	0.0	0.0	0.0	0.0
4718	50185	0.0	0.0	0.0	0.0
4718	50185	0.0	0.0	0.0	0.0
4718	50185	0.0	0.0	0.0	0.0
4718	50185	0.0	0.0	0.0	0.0
4718	50185	0.0	0.0	0.0	0.0
4718	50185	0.0	0.0	0.0	0.0
4718	50185	0.0	0.0	0.0	0.0
4718	50185	0.0	0.0	0.0	0.0
4718	50185	0.0	0.0	0.0	0.0
4718	50185	0.0	0.0	0.0	0.0
4718	50185	0.0	0.0	0.0	0.0
4718	50185	0.0	0.0	0.0	0.0
4718	50185	0.0	0.0	0.0	0.0
4718	50185	0.0	0.0	0.0	0.0
4718	50185	0.0	0.0	0.0	0.0
4718	50185	0.0	0.0	0.0	0.0
4718	50185	0.0	0.0	0.0	0.0
4718	50185	0.0	0.0	0.0	0.0
4718	50185	0.0	0.0	0.0	0.0
4718	50185	0.0	0.0	0.0	0.0
4718	50185	0.0	0.0	0.0	0.0
4718	50185	0.0	0.0	0.0	0.0
4718	50185	0.0	0.0	0.0	0.0
4718	50185	0.0	0.0	0.0	0.0
4718	50185	0.0	0.0	0.0	0.0
4718	50185	0.0	0.0	0.0	0.0
4718	50185	0.0	0.0	0.0	0.0
4718	50185	0.0	0.0	0.0	0.0
4718	50185	0.0	0.0	0.0	0.0
4718	50185	0.0	0.0	0.0	0.0
4718	50185	0.0	0.0	0.0	0.0
4718	50185	0.0	0.0	0.0	0.0
4718	50185	0.0	0.0	0.0	0.0
4718	50185	0.0	0.0	0.0	0.0
4718	50185	0.0	0.0	0.0	0.0
4718	50197	0.144	0.0	0.0	0.0
4718	50197	0.12	0.072	0.072	0.048
4718	50197	0.089	0.087	0.207	0.176
4718	50197	0.16	0.008	0.081	0.152
4718	50197	0.096	0.064	0.224	0.16
4718	50197	0.144	0.144	0.24	0.288
4718	50197	0.152	0.024	0.168	0.176
4718	50197	0.104	0.032	0.12	0.072
4718	50197	0.112	0.056	0.16	0.168
4718	50197	0.112	0.064	0.176	0.176
4718	50197	0.136	0.064	0.176	0.2
4718	50197	0.12	0.112	0.248	0.232
4718	50197	0.144	0.032	0.152	0.176
4718	50197	0.168	0.088	0.232	0.256
4718	50197	0.12	0.056	0.112	0.064
4718	50197	0.144	0.032	0.152	0.176
4718	50197	0.168	0.08	0.224	0.248
4718	50197	1.744	0.536	0.704	2.28
4718	50197	0.056	0.128	1.616	0.072
4718	50197	0.0	0.0	0.0	0.0
4718	50197	0.0	0.0	0.0	0.0
4718	50197	0.0	0.0	0.0	0.0
4718	50197	0.0	0.0	0.0	0.0
4718	50197	0.0	0.0	0.0	0.0
4718	50197	0.0	0.0	0.0	0.0
4718	50197	0.0	0.0	0.0	0.0
4718	50197	0.0	0.0	0.0	0.0
4718	50197	0.0	0.0	0.0	0.0
4718	50197	0.0	0.0	0.0	0.0
4718	50197	0.0	0.0	0.0	0.0
4718	50197	0.0	0.0	0.0	0.0
4718	50197	0.0	0.0	0.0	0.0
4718	50197	0.0	0.0	0.0	0.0
4718	50197	0.0	0.0	0.0	0.0
4718	50197	0.0	0.0	0.0	0.0
4718	50197	0.0	0.0	0.0	0.0
4718	50197	0.0	0.0	0.0	0.0
4718	50197	0.0	0.0	0.0	0.0
4718	50197	0.0	0.0	0.0	0.0
4718	50197	0.0	0.0	0.0	0.0
4718	50197	0.0	0.0	0.0	0.0
4718	50197	0.0	0.0	0.0	0.0
4718	50197	0.0	0.0	0.0	0.0
4718	50197	0.0	0.0	0.0	0.0
4718	50197	0.0	0.0	0.0	0.0
4718	50197	0.0	0.0	0.0	0.0
4718	50197	0.0	0.0	0.0	0.0
4718	50197	0.0	0.0	0.0	0.0
4718	50197	0.0	0.0	0.0	0.0
4718	50197	0.0	0.0	0.0	0.0
4718	50197	0.0	0.0	0.0	0.0
4718	50197	0.0	0.0	0.0	0.0
4718	50197	0.0	0.0	0.0	0.0
4718	50197	0.0	0.0	0.0	0.0
4718	50197	0.0	0.0	0.0	0.0
4718	50197	0.0	0.0	0.0	0.0
4718	50197	0.0	0.0	0.0	0.0
4718	50197	0.0	0.0	0.0	0.0
4718	50197	0.0	0.0	0.0	0.0
4718	50197	0.0	0.0	0.0	0.0
4718	50197	0.0	0.0	0.0	0.0
4718	50197	0.0	0.0	0.0	0.0
4718	50197	0.0	0.0	0.0	0.0
4718	50197	0.0	0.0	0.0	0.0
4718	50197	0.0	0.0	0.0	0.0
4718	50197	0.0	0.0	0.0	0.0
4718	50197	0.0	0.0	0.0	0.0
4718	50197	0.0	0.0	0.0	0.0
4718	50197	0.0	0.0	0.0	0.0
4718	50197	0.0	0.0	0.0	0.0
4718	50206	0.176	0.0	0.0	0.0
4718	50206	0.128	0.016	0.192	0.144
4718	50206	0.16	0.104	0.232	0.264
4718	50206	0.16	0.04	0.2	0.2
4718	50206	0.073	0.271	0.431	0.344
4718	50206	0.064	0.08	0.153	0.144
4718	50206	0.056	0.08	0.144	0.136
4718	50206	0.08	0.064	0.12	0.144
4718	50206	0.256	0.056	0.136	0.312
4718	50206	0.104	0.064	0.192	0.04
4718	50206	0.152	0.096	0.2	0.248
4718	50206	0.144	0.08	0.232	0.224
4718	50206	0.136	0.064	0.208	0.2
4718	50206	0.088	0.016	0.152	0.104
4718	50206	0.072	0.152	0.24	0.224
4718	50206	0.096	0.08	0.152	0.176
4718	50206	0.104	0.096	0.192	0.2
4718	50206	0.12	0.096	0.2	0.216
4718	50206	0.144	0.056	0.176	0.2
4718	50206	0.159	0.016	0.16	0.175
4718	50206	0.136	0.089	0.248	0.225
4718	50206	0.168	0.128	0.264	0.296
4718	50206	0.151	0.08	0.248	0.231
4718	50206	0.128	0.017	0.168	0.145
4718	50206	0.2	0.624	0.752	0.824
4718	50206	0.136	0.032	0.168	0.104
4718	50206	0.152	0.04	0.176	0.192
4718	50206	0.174	0.112	0.264	0.286
4718	50206	0.184	0.022	0.152	0.162
4718	50206	0.208	0.024	0.16	0.184
4718	50206	0.136	0.04	0.168	0.096
4718	50206	0.128	0.048	0.184	0.176
4718	50206	0.16	0.104	0.232	0.264
4718	50206	0.12	0.024	0.184	0.144
4718	50206	0.136	0.12	0.24	0.256
4718	50206	0.127	0.048	0.184	0.175
4718	50206	0.072	0.625	0.752	0.697
4718	50206	0.176	0.064	0.136	0.24
4718	50206	0.143	0.056	0.232	0.199
4718	50206	0.168	0.039	0.104	0.129
4718	50206	0.152	0.024	0.144	0.128
4718	50206	0.144	0.072	0.224	0.216
4718	50206	0.128	0.056	0.2	0.184
4718	50206	0.129	0.015	0.143	0.144
4718	50206	0.188	0.02	0.109	0.168
4718	50206	0.168	0.224	0.412	0.392
4718	50206	0.152	0.112	0.28	0.264
4718	50206	0.176	0.072	0.224	0.248
4718	50206	0.128	0.032	0.208	0.16
4718	50206	0.096	0.384	0.512	0.48
4718	50206	0.144	0.384	0.48	0.528
4718	50206	0.136	0.024	0.168	0.16
4718	50206	0.136	0.136	0.272	0.272
4718	50206	0.088	3.92	4.056	4.008
4718	50206	0.079	0.656	0.744	0.735
4718	50206	0.088	0.264	0.343	0.352
4718	50206	0.0	0.0	0.0	0.0
4718	50206	0.0	0.0	0.0	0.0
4718	50206	0.0	0.0	0.0	0.0
4718	50206	0.0	0.0	0.0	0.0
4718	50206	0.0	0.0	0.0	0.0
4718	50206	0.0	0.0	0.0	0.0
4718	50206	0.0	0.0	0.0	0.0
4718	50206	0.0	0.0	0.0	0.0
4718	50206	0.0	0.0	0.0	0.0
4718	50206	0.0	0.0	0.0	0.0
4718	50206	0.0	0.0	0.0	0.0
4718	50206	0.0	0.0	0.0	0.0
4718	50206	0.0	0.0	0.0	0.0
4718	50206	0.0	0.0	0.0	0.0
4718	50248	0.2	0.0	0.0	0.0
4718	50248	0.142	0.102	0.098	0.04
4718	50248	0.12	0.04	0.182	0.16
4718	50248	0.169	0.04	0.16	0.209
4718	50248	0.12	0.033	0.136	0.087
4718	50248	0.151	0.273	0.393	0.424
4718	50248	0.175	0.049	0.2	0.224
4718	50248	0.127	0.225	0.4	0.352
4718	50248	0.224	0.072	0.199	0.296
4718	50248	0.087	0.257	0.481	0.344
4718	50248	0.087	0.065	0.152	0.152
4718	50248	0.08	0.048	0.135	0.128
4718	50248	0.104	0.064	0.144	0.168
4718	50248	0.176	0.216	0.32	0.392
4718	50248	0.191	0.057	0.233	0.248
4718	50248	0.128	0.144	0.335	0.272
4718	50248	0.208	0.016	0.112	0.192
4718	50248	0.143	0.047	0.161	0.096
4718	50248	0.119	0.049	0.192	0.168
4718	50248	0.128	0.072	0.191	0.2
4718	50248	0.143	0.023	0.105	0.12
4718	50248	0.144	0.024	0.119	0.12
4718	50248	0.108	0.004	0.14	0.104
4718	50248	0.16	0.192	0.3	0.352
4718	50248	0.145	0.008	0.168	0.153
4718	50248	0.136	0.032	0.113	0.104
4718	50248	0.128	0.103	0.239	0.231
4718	50248	0.129	0.104	0.232	0.233
4718	50248	0.2	0.175	0.304	0.375
4718	50248	0.153	0.048	0.248	0.201
4718	50248	0.112	1.399	1.552	1.511
4718	50248	0.183	0.089	0.201	0.272
4718	50248	0.159	0.047	0.136	0.112
4718	50248	0.24	0.016	0.175	0.256
4718	50248	0.136	0.064	0.176	0.072
4718	50248	0.055	0.697	0.833	0.752
4718	50248	0.072	0.08	0.135	0.152
4718	50248	0.08	0.08	0.152	0.16
4718	50248	0.136	0.44	0.52	0.576
4718	50248	0.12	0.056	0.192	0.176
4718	50248	0.144	0.056	0.064	0.088
4718	50248	0.199	0.801	0.945	1.0
4718	50248	0.127	0.017	0.216	0.144
4718	50248	0.225	1.817	1.944	2.042
4718	50248	0.096	0.279	0.504	0.375
4718	50248	0.121	0.072	0.168	0.193
4718	50248	0.2	0.255	0.376	0.455
4718	50248	0.168	0.856	1.056	1.024
4718	50248	0.159	0.031	0.137	0.128
4718	50248	0.168	0.152	0.311	0.32
4718	50248	0.182	0.078	0.09	0.104
4718	50248	0.144	0.016	0.198	0.16
4718	50248	0.216	0.064	0.08	0.152
4718	50248	0.16	0.08	0.136	0.08
4718	50248	0.144	0.096	0.256	0.24
4718	50248	0.135	0.001	0.145	0.136
4718	50248	0.144	0.007	0.128	0.137
4718	50248	0.152	0.033	0.111	0.119
4718	50248	0.096	0.04	0.112	0.056
4718	50248	0.176	0.128	0.224	0.304
4718	50248	0.128	0.056	0.12	0.072
4718	50248	0.048	0.152	0.28	0.2
4718	50248	0.096	0.072	0.12	0.168
4718	50248	0.152	0.152	0.248	0.304
4718	50248	0.128	0.12	0.272	0.248
4718	50248	0.128	0.096	0.224	0.224
4718	50248	0.144	0.096	0.224	0.24
4718	50248	0.0	0.0	0.0	0.0
4718	50248	0.0	0.0	0.0	0.0
4718	50248	0.0	0.0	0.0	0.0
4718	50278	0.128	0.0	0.0	0.0
4718	50278	0.114	0.066	0.062	0.048
4718	50278	0.128	0.032	0.146	0.16
4718	50278	0.136	0.04	0.088	0.096
4718	50278	0.143	0.697	0.833	0.84
4718	50278	0.169	0.56	0.703	0.729
4718	50278	0.111	0.064	0.105	0.047
4718	50278	0.113	0.112	0.223	0.225
4718	50278	0.064	0.399	0.512	0.463
4718	50278	0.128	0.056	0.12	0.184
4718	50278	0.128	0.072	0.2	0.2
4718	50278	0.144	0.12	0.248	0.264
4718	50278	0.16	0.056	0.088	0.104
4718	50278	0.192	0.056	0.216	0.248
4718	50278	0.16	0.032	0.16	0.128
4718	50278	0.152	0.024	0.184	0.176
4718	50278	0.136	0.12	0.272	0.256
4718	50278	0.152	0.088	0.224	0.24
4718	50278	0.176	0.048	0.104	0.128
4718	50278	0.112	0.128	0.304	0.24
4718	50278	0.136	0.544	0.656	0.68
4718	50278	0.152	0.536	0.672	0.688
4718	50278	0.152	0.12	0.272	0.272
4718	50278	0.112	0.792	0.944	0.904
4718	50278	0.168	0.496	0.608	0.664
4718	50278	0.168	0.04	0.208	0.208
4718	50278	0.144	0.48	0.648	0.624
4718	50278	0.144	0.064	0.208	0.208
4718	50278	0.192	0.112	0.256	0.304
4718	50278	0.118	0.346	0.538	0.464
4718	50278	0.144	0.088	0.206	0.232
4718	50278	0.12	0.08	0.224	0.2
4718	50278	0.119	0.073	0.193	0.192
4718	50278	0.096	0.16	0.279	0.256
4718	50278	0.239	0.033	0.129	0.272
4718	50278	0.136	0.216	0.455	0.352
4718	50278	0.111	0.369	0.505	0.48
4718	50278	0.096	0.2	0.311	0.296
4718	50278	0.168	0.112	0.208	0.28
4718	50278	0.16	0.416	0.584	0.576
4718	50278	0.111	0.001	0.161	0.112
4718	50278	0.152	0.048	0.159	0.2
4718	50278	0.151	0.297	0.449	0.448
4718	50278	0.168	0.048	0.199	0.216
4718	50278	0.113	0.016	0.184	0.129
4718	50278	0.144	0.015	0.128	0.159
4718	50278	0.096	0.816	0.96	0.912
4718	50278	0.08	0.144	0.24	0.224
4718	50278	0.056	1.848	1.928	1.904
4718	50278	0.0	0.0	0.0	0.0
4718	50278	0.0	0.0	0.0	0.0
4718	50278	0.0	0.0	0.0	0.0
4718	50278	0.0	0.0	0.0	0.0
4718	50278	0.0	0.0	0.0	0.0
4718	50278	0.0	0.0	0.0	0.0
4718	50278	0.0	0.0	0.0	0.0
4718	50278	0.0	0.0	0.0	0.0
4718	50278	0.0	0.0	0.0	0.0
4718	50278	0.0	0.0	0.0	0.0
4718	50278	0.0	0.0	0.0	0.0
4718	50278	0.0	0.0	0.0	0.0
4718	50278	0.0	0.0	0.0	0.0
4718	50278	0.0	0.0	0.0	0.0
4718	50278	0.0	0.0	0.0	0.0
4718	50278	0.0	0.0	0.0	0.0
4718	50278	0.0	0.0	0.0	0.0
4718	50278	0.0	0.0	0.0	0.0
4718	50278	0.0	0.0	0.0	0.0
4718	50278	0.0	0.0	0.0	0.0
4718	50278	0.0	0.0	0.0	0.0
4718	50305	0.2	0.0	0.0	0.0
4718	50305	0.176	0.12	0.08	0.056
4718	50305	0.128	0.432	0.608	0.56
4718	50305	0.148	0.136	0.264	0.284
4718	50305	0.112	0.012	0.16	0.124
4718	50305	0.128	0.12	0.232	0.248
4718	50305	0.152	0.096	0.224	0.248
4718	50305	0.152	0.096	0.248	0.248
4718	50305	0.144	0.128	0.28	0.272
4718	50305	0.152	0.152	0.296	0.304
4718	50305	0.128	0.048	0.2	0.176
4718	50305	0.144	0.016	0.144	0.16
4718	50305	0.128	0.056	0.2	0.184
4718	50305	0.184	0.024	0.104	0.16
4718	50305	0.12	0.016	0.2	0.136
4718	50305	0.16	0.072	0.192	0.232
4718	50305	0.208	0.056	0.216	0.264
4718	50305	0.136	0.088	0.296	0.224
4718	50305	0.148	0.348	0.484	0.496
4718	50305	0.144	0.056	0.204	0.2
4718	50305	0.176	0.072	0.216	0.248
4718	50305	0.184	0.032	0.144	0.152
4718	50305	0.152	0.032	0.152	0.12
4718	50305	0.128	0.264	0.416	0.392
4718	50305	0.128	0.464	0.592	0.592
4718	50305	0.144	1.0	1.128	1.144
4718	50305	0.16	0.136	0.28	0.296
4718	50305	0.136	0.016	0.176	0.152
4718	50305	0.128	0.024	0.16	0.152
4718	50305	0.128	0.224	0.352	0.352
4718	50305	0.0	0.0	0.0	0.0
4718	50305	0.0	0.0	0.0	0.0
4718	50305	0.0	0.0	0.0	0.0
4718	50305	0.0	0.0	0.0	0.0
4718	50305	0.0	0.0	0.0	0.0
4718	50305	0.0	0.0	0.0	0.0
4718	50305	0.0	0.0	0.0	0.0
4718	50305	0.0	0.0	0.0	0.0
4718	50305	0.0	0.0	0.0	0.0
4718	50305	0.0	0.0	0.0	0.0
4718	50305	0.0	0.0	0.0	0.0
4718	50305	0.0	0.0	0.0	0.0
4718	50305	0.0	0.0	0.0	0.0
4718	50305	0.0	0.0	0.0	0.0
4718	50305	0.0	0.0	0.0	0.0
4718	50305	0.0	0.0	0.0	0.0
4718	50305	0.0	0.0	0.0	0.0
4718	50305	0.0	0.0	0.0	0.0
4718	50305	0.0	0.0	0.0	0.0
4718	50305	0.0	0.0	0.0	0.0
4718	50305	0.0	0.0	0.0	0.0
4718	50305	0.0	0.0	0.0	0.0
4718	50305	0.0	0.0	0.0	0.0
4718	50305	0.0	0.0	0.0	0.0
4718	50305	0.0	0.0	0.0	0.0
4718	50305	0.0	0.0	0.0	0.0
4718	50305	0.0	0.0	0.0	0.0
4718	50305	0.0	0.0	0.0	0.0
4718	50305	0.0	0.0	0.0	0.0
4718	50305	0.0	0.0	0.0	0.0
4718	50305	0.0	0.0	0.0	0.0
4718	50305	0.0	0.0	0.0	0.0
4718	50305	0.0	0.0	0.0	0.0
4718	50305	0.0	0.0	0.0	0.0
4718	50305	0.0	0.0	0.0	0.0
4718	50305	0.0	0.0	0.0	0.0
4718	50305	0.0	0.0	0.0	0.0
4718	50305	0.0	0.0	0.0	0.0
4718	50305	0.0	0.0	0.0	0.0
4718	50305	0.0	0.0	0.0	0.0
4718	50319	0.177	0.0	0.0	0.0
4718	50319	0.128	0.153	0.024	0.025
4718	50319	0.136	0.088	0.216	0.224
4718	50319	0.12	0.064	0.2	0.184
4718	50319	0.192	0.144	0.264	0.336
4718	50319	0.08	0.032	0.16	0.048
4718	50319	0.12	0.064	0.144	0.184
4718	50319	0.168	0.048	0.168	0.216
4718	50319	0.152	0.056	0.224	0.208
4718	50319	0.136	0.088	0.24	0.224
4718	50319	0.184	0.04	0.176	0.224
4718	50319	0.152	0.032	0.152	0.12
4718	50319	0.064	0.208	0.36	0.272
4718	50319	0.136	0.36	0.424	0.496
4718	50319	0.176	0.024	0.16	0.2
4718	50319	0.112	0.008	0.184	0.12
4718	50319	0.12	0.2	0.312	0.32
4718	50319	0.184	0.168	0.288	0.352
4718	50319	0.096	0.056	0.128	0.04
4718	50319	0.152	0.032	0.128	0.184
4718	50319	0.089	0.52	0.672	0.609
4718	50319	0.184	0.295	0.384	0.479
4718	50319	0.152	0.016	0.168	0.136
4718	50319	0.152	0.024	0.128	0.128
4718	50319	0.168	0.104	0.256	0.272
4718	50319	0.168	0.024	0.144	0.144
4718	50319	0.136	0.048	0.216	0.184
4718	50319	0.104	0.04	0.096	0.064
4718	50319	0.184	0.024	0.128	0.208
4718	50319	0.144	0.104	0.08	0.04
4718	50319	0.152	0.032	0.176	0.184
4718	50319	0.104	0.072	0.224	0.176
4718	50319	0.064	0.016	0.12	0.08
4718	50319	0.2	0.016	0.08	0.216
4718	50319	0.152	0.08	0.28	0.232
4718	50319	0.184	0.136	0.288	0.32
4718	50319	0.152	0.048	0.232	0.2
4718	50319	0.12	0.008	0.144	0.112
4718	50319	0.136	0.024	0.144	0.16
4718	50319	0.128	0.112	0.248	0.24
4718	50319	0.136	0.08	0.208	0.216
4718	50319	0.136	0.176	0.312	0.312
4718	50319	0.144	0.048	0.184	0.192
4718	50319	0.12	0.16	0.304	0.28
4718	50319	0.177	0.016	0.136	0.193
4718	50319	0.088	0.017	0.16	0.071
4718	50319	0.104	0.144	0.232	0.248
4718	50319	0.112	0.088	0.192	0.2
4718	50319	0.2	0.136	0.248	0.336
4718	50319	0.128	0.032	0.168	0.096
4718	50319	0.0	0.0	0.0	0.0
4718	50319	0.0	0.0	0.0	0.0
4718	50319	0.0	0.0	0.0	0.0
4718	50319	0.0	0.0	0.0	0.0
4718	50319	0.0	0.0	0.0	0.0
4718	50319	0.0	0.0	0.0	0.0
4718	50319	0.0	0.0	0.0	0.0
4718	50319	0.0	0.0	0.0	0.0
4718	50319	0.0	0.0	0.0	0.0
4718	50319	0.0	0.0	0.0	0.0
4718	50319	0.0	0.0	0.0	0.0
4718	50319	0.0	0.0	0.0	0.0
4718	50319	0.0	0.0	0.0	0.0
4718	50319	0.0	0.0	0.0	0.0
4718	50319	0.0	0.0	0.0	0.0
4718	50319	0.0	0.0	0.0	0.0
4718	50319	0.0	0.0	0.0	0.0
4718	50319	0.0	0.0	0.0	0.0
4718	50319	0.0	0.0	0.0	0.0
4718	50319	0.0	0.0	0.0	0.0
4718	50353	0.188	0.0	0.0	0.0
4718	50353	0.136	0.04	0.148	0.096
4718	50353	0.08	0.048	0.184	0.128
4718	50353	0.096	0.096	0.176	0.192
4718	50353	0.176	0.136	0.232	0.312
4718	50353	0.156	0.016	0.192	0.172
4718	50353	0.183	0.044	0.112	0.139
4718	50353	0.12	0.039	0.144	0.081
4718	50353	0.112	0.048	0.168	0.16
4718	50353	0.112	0.016	0.096	0.096
4718	50353	0.2	0.048	0.064	0.152
4718	50353	0.128	0.056	0.144	0.072
4718	50353	0.136	0.16	0.288	0.296
4718	50353	0.12	0.048	0.184	0.168
4718	50353	0.176	0.12	0.24	0.296
4718	50353	0.16	0.04	0.136	0.12
4718	50353	0.167	0.016	0.144	0.151
4718	50353	0.168	0.081	0.248	0.249
4718	50353	0.16	0.064	0.232	0.224
4718	50353	0.081	0.016	0.176	0.097
4718	50353	0.08	0.407	0.488	0.487
4718	50353	0.192	0.12	0.2	0.312
4718	50353	0.144	0.056	0.136	0.088
4718	50353	0.136	0.064	0.208	0.2
4718	50353	0.143	0.024	0.16	0.167
4718	50353	0.208	0.024	0.167	0.232
4718	50353	0.136	0.184	0.392	0.32
4718	50353	0.096	0.016	0.152	0.112
4718	50353	0.136	0.024	0.12	0.16
4718	50353	0.152	0.04	0.176	0.192
4718	50353	0.184	0.464	0.616	0.648
4718	50353	0.16	0.088	0.096	0.072
4718	50353	0.12	0.048	0.112	0.072
4718	50353	0.152	0.352	0.472	0.504
4718	50353	0.184	0.016	0.168	0.2
4718	50353	0.176	0.08	0.104	0.096
4718	50353	0.12	0.256	0.432	0.376
4718	50353	0.143	0.001	0.121	0.144
4718	50353	0.176	0.024	0.119	0.152
4718	50353	0.128	0.056	0.12	0.072
4718	50353	0.2	0.048	0.08	0.152
4718	50353	0.136	0.056	0.144	0.08
4718	50353	0.168	0.104	0.24	0.272
4718	50353	0.224	0.248	0.416	0.472
4718	50353	0.08	0.376	0.6	0.456
4718	50353	0.064	0.072	0.152	0.136
4718	50353	0.072	0.072	0.136	0.144
4718	50353	0.088	0.08	0.152	0.168
4718	50353	0.088	0.2	0.288	0.288
4718	50353	0.048	0.096	0.184	0.144
4718	50353	0.104	0.072	0.12	0.176
4718	50353	0.072	0.096	0.2	0.168
4718	50353	0.096	0.08	0.152	0.176
4718	50353	0.136	1.104	1.2	1.24
4718	50353	0.144	0.032	0.168	0.176
4718	50353	0.096	0.152	0.296	0.248
4718	50353	0.136	0.016	0.112	0.152
4718	50353	0.16	0.048	0.184	0.208
4718	50353	0.104	0.488	0.648	0.592
4718	50353	0.191	0.2	0.304	0.391
4718	50353	0.136	0.023	0.168	0.113
4718	50353	0.176	0.265	0.401	0.441
4718	50353	0.2	0.207	0.383	0.407
4718	50353	0.144	0.76	0.96	0.904
4718	50353	0.128	0.032	0.176	0.16
4718	50353	0.208	0.032	0.16	0.24
4718	50353	0.184	0.264	0.472	0.448
4718	50353	0.147	0.056	0.24	0.203
4718	50353	0.184	0.005	0.152	0.189
4718	50353	0.128	0.008	0.192	0.136
4718	50386	0.136	0.0	0.0	0.0
4718	50386	0.157	0.109	0.027	0.048
4718	50386	0.152	0.072	0.229	0.224
4718	50386	0.16	0.016	0.168	0.176
4718	50386	0.144	0.024	0.136	0.12
4718	50386	0.176	0.104	0.248	0.28
4718	50386	0.11	0.002	0.178	0.112
4718	50386	0.144	0.168	0.278	0.312
4718	50386	0.128	0.44	0.584	0.568
4718	50386	0.248	0.224	0.352	0.472
4718	50386	0.153	0.007	0.255	0.16
4718	50386	0.112	0.096	0.249	0.208
4718	50386	0.144	0.04	0.152	0.184
4718	50386	0.151	0.001	0.145	0.152
4718	50386	0.152	0.072	0.079	0.08
4718	50386	0.121	0.039	0.191	0.16
4718	50386	0.143	0.081	0.202	0.224
4718	50386	0.128	0.024	0.167	0.152
4718	50386	0.111	0.016	0.144	0.127
4718	50386	0.12	0.015	0.096	0.105
4718	50386	0.192	0.04	0.08	0.152
4718	50386	0.16	0.088	0.104	0.072
4718	50386	0.128	0.032	0.192	0.16
4718	50386	0.167	0.264	0.392	0.431
4718	50386	0.128	0.041	0.208	0.169
4718	50386	0.208	0.392	0.52	0.6
4718	50386	0.144	0.024	0.184	0.12
4718	50386	0.168	0.144	0.288	0.312
4718	50386	0.184	0.144	0.312	0.328
4718	50386	0.128	0.016	0.168	0.112
4718	50386	0.129	0.071	0.199	0.2
4718	50386	0.16	0.496	0.625	0.656
4718	50386	0.121	0.137	0.023	0.016
4718	50386	0.152	0.04	0.161	0.192
4718	50386	0.159	0.064	0.216	0.223
4718	50386	0.16	0.081	0.24	0.241
4718	50386	0.12	0.048	0.208	0.168
4718	50386	0.136	0.656	0.776	0.792
4718	50386	0.096	0.28	0.416	0.376
4718	50386	0.199	0.056	0.152	0.255
4718	50386	0.119	0.601	0.8	0.72
4718	50386	0.137	0.032	0.151	0.169
4718	50386	0.128	0.047	0.184	0.175
4718	50386	0.168	0.073	0.201	0.241
4718	50386	0.087	0.368	0.536	0.455
4718	50386	0.104	0.392	0.479	0.496
4718	50386	0.161	0.288	0.392	0.449
4718	50386	0.136	0.039	0.2	0.175
4718	50386	0.177	0.048	0.184	0.225
4718	50386	0.087	0.032	0.145	0.055
4718	50386	0.137	0.064	0.151	0.201
4718	50386	0.104	0.031	0.168	0.135
4718	50386	0.127	0.177	0.281	0.304
4718	50386	0.168	0.073	0.2	0.241
4718	50386	0.113	0.119	0.287	0.232
4718	50386	0.192	0.103	0.216	0.295
4718	50386	0.103	0.023	0.169	0.08
4718	50386	0.103	0.121	0.224	0.224
4718	50386	0.103	0.065	0.168	0.168
4718	50386	0.137	0.016	0.087	0.121
4718	50386	0.104	0.079	0.216	0.183
4718	50386	0.0	0.0	0.0	0.0
4718	50386	0.0	0.0	0.0	0.0
4718	50386	0.0	0.0	0.0	0.0
4718	50386	0.0	0.0	0.0	0.0
4718	50386	0.0	0.0	0.0	0.0
4718	50386	0.0	0.0	0.0	0.0
4718	50386	0.0	0.0	0.0	0.0
4718	50386	0.0	0.0	0.0	0.0
4718	50386	0.0	0.0	0.0	0.0
4718	50415	0.159	0.0	0.0	0.0
4718	50415	0.176	0.096	0.063	0.08
4718	50415	0.096	0.745	0.921	0.841
4718	50415	0.056	0.112	0.208	0.168
4718	50415	0.119	0.0	0.056	0.119
4718	50415	0.183	0.057	0.176	0.24
4718	50415	0.104	0.024	0.207	0.128
4718	50415	0.104	0.808	0.912	0.912
4718	50415	0.096	0.129	0.233	0.225
4718	50415	0.128	0.255	0.351	0.383
4718	50415	0.112	0.128	0.256	0.24
4718	50415	0.087	0.345	0.457	0.432
4718	50415	0.193	0.624	0.711	0.817
4718	50415	0.167	0.032	0.161	0.135
4718	50415	0.185	0.016	0.183	0.201
4718	50415	0.112	0.135	0.32	0.247
4718	50415	0.136	0.056	0.056	0.08
4718	50415	0.128	0.048	0.184	0.176
4718	50415	0.128	0.016	0.112	0.112
4718	50415	0.08	0.025	0.153	0.105
4718	50415	0.089	0.695	0.775	0.784
4718	50415	0.103	0.0	0.089	0.103
4718	50415	0.145	0.64	0.743	0.785
4718	50415	0.102	0.001	0.146	0.103
4718	50415	0.159	0.129	0.231	0.288
4718	50415	0.144	0.272	0.431	0.416
4718	50415	0.121	0.08	0.224	0.201
4718	50415	0.087	0.016	0.137	0.103
4718	50415	0.183	0.449	0.536	0.632
4718	50415	0.168	0.087	0.096	0.081
4718	50415	0.08	0.463	0.631	0.543
4718	50415	0.104	0.056	0.136	0.16
4718	50415	0.161	0.016	0.12	0.177
4718	50415	0.2	0.009	0.152	0.191
4718	50415	0.16	0.095	0.105	0.065
4718	50415	0.136	0.015	0.175	0.151
4718	50415	0.0	0.0	0.0	0.0
4718	50415	0.0	0.0	0.0	0.0
4718	50415	0.0	0.0	0.0	0.0
4718	50415	0.0	0.0	0.0	0.0
4718	50415	0.0	0.0	0.0	0.0
4718	50415	0.0	0.0	0.0	0.0
4718	50415	0.0	0.0	0.0	0.0
4718	50415	0.0	0.0	0.0	0.0
4718	50415	0.0	0.0	0.0	0.0
4718	50415	0.0	0.0	0.0	0.0
4718	50415	0.0	0.0	0.0	0.0
4718	50415	0.0	0.0	0.0	0.0
4718	50415	0.0	0.0	0.0	0.0
4718	50415	0.0	0.0	0.0	0.0
4718	50415	0.0	0.0	0.0	0.0
4718	50415	0.0	0.0	0.0	0.0
4718	50415	0.0	0.0	0.0	0.0
4718	50415	0.0	0.0	0.0	0.0
4718	50415	0.0	0.0	0.0	0.0
4718	50415	0.0	0.0	0.0	0.0
4718	50415	0.0	0.0	0.0	0.0
4718	50415	0.0	0.0	0.0	0.0
4718	50415	0.0	0.0	0.0	0.0
4718	50415	0.0	0.0	0.0	0.0
4718	50415	0.0	0.0	0.0	0.0
4718	50415	0.0	0.0	0.0	0.0
4718	50415	0.0	0.0	0.0	0.0
4718	50415	0.0	0.0	0.0	0.0
4718	50415	0.0	0.0	0.0	0.0
4718	50415	0.0	0.0	0.0	0.0
4718	50415	0.0	0.0	0.0	0.0
4718	50415	0.0	0.0	0.0	0.0
4718	50415	0.0	0.0	0.0	0.0
4718	50415	0.0	0.0	0.0	0.0
4718	50436	0.128	0.0	0.0	0.0
4718	50436	0.112	0.048	0.176	0.16
4718	50436	0.136	0.072	0.184	0.208
4718	50436	0.176	0.16	0.296	0.336
4718	50436	0.168	0.04	0.136	0.128
4718	50436	0.14	0.008	0.176	0.148
4718	50436	0.192	0.012	0.128	0.18
4718	50436	0.129	0.016	0.208	0.145
4718	50436	0.144	0.327	0.456	0.471
4718	50436	0.104	0.048	0.096	0.056
4718	50436	0.136	0.92	1.024	1.056
4718	50436	0.159	0.033	0.169	0.192
4718	50436	0.136	0.048	0.111	0.088
4718	50436	0.096	0.328	0.464	0.424
4718	50436	0.152	0.072	0.168	0.224
4718	50436	0.112	0.064	0.216	0.176
4718	50436	0.104	0.023	0.089	0.081
4718	50436	0.16	0.127	0.231	0.287
4718	50436	0.112	0.048	0.208	0.16
4718	50436	0.104	0.064	0.176	0.168
4718	50436	0.144	0.048	0.152	0.192
4718	50436	0.168	0.088	0.232	0.256
4718	50436	0.143	0.015	0.153	0.128
4718	50436	0.16	0.201	0.344	0.361
4718	50436	0.081	0.055	0.215	0.136
4718	50436	0.088	0.167	0.248	0.255
4718	50436	0.183	0.233	0.321	0.416
4718	50436	0.135	0.465	0.648	0.6
4718	50436	0.104	0.048	0.183	0.152
4718	50436	0.16	0.096	0.2	0.256
4718	50436	0.079	0.377	0.537	0.456
4718	50436	0.08	0.056	0.135	0.136
4718	50436	0.065	0.08	0.16	0.145
4718	50436	0.095	0.072	0.137	0.167
4718	50436	0.072	0.032	0.127	0.104
4718	50436	0.111	0.129	0.201	0.24
4718	50436	0.103	0.273	0.384	0.376
4718	50436	0.2	0.104	0.207	0.304
4718	50436	0.144	0.04	0.16	0.104
4718	50436	0.12	0.096	0.24	0.216
4718	50436	0.153	0.024	0.144	0.177
4718	50436	0.128	0.049	0.104	0.079
4718	50436	0.12	0.016	0.112	0.104
4718	50436	0.12	0.097	0.217	0.217
4718	50436	0.136	0.104	0.224	0.24
4718	50436	0.159	0.025	0.161	0.184
4718	50436	0.144	0.016	0.143	0.128
4718	50436	0.111	0.017	0.161	0.128
4718	50436	0.103	0.201	0.312	0.304
4718	50436	0.08	0.048	0.151	0.128
4718	50436	0.144	0.016	0.096	0.16
4718	50436	0.137	0.024	0.168	0.161
4718	50436	0.107	0.151	0.288	0.258
4718	50436	0.191	0.11	0.217	0.301
4718	50436	0.151	0.209	0.4	0.36
4718	50436	0.16	0.096	0.247	0.256
4718	50436	0.152	0.032	0.192	0.184
4718	50436	0.16	0.112	0.264	0.272
4718	50436	0.097	0.032	0.192	0.129
4718	50436	0.0	0.0	0.0	0.0
4718	50436	0.0	0.0	0.0	0.0
4718	50436	0.0	0.0	0.0	0.0
4718	50436	0.0	0.0	0.0	0.0
4718	50436	0.0	0.0	0.0	0.0
4718	50436	0.0	0.0	0.0	0.0
4718	50436	0.0	0.0	0.0	0.0
4718	50436	0.0	0.0	0.0	0.0
4718	50436	0.0	0.0	0.0	0.0
4718	50436	0.0	0.0	0.0	0.0
4718	50436	0.0	0.0	0.0	0.0
4718	50586	0.223	0.0	0.0	0.0
4718	50586	0.168	0.064	0.159	0.104
4718	50586	0.135	0.2	0.368	0.335
4718	50586	0.168	0.208	0.343	0.376
4718	50586	0.216	0.056	0.224	0.272
4718	50586	0.143	0.321	0.537	0.464
4718	50586	0.193	0.128	0.271	0.321
4718	50586	0.184	0.039	0.232	0.223
4718	50586	0.159	0.065	0.249	0.224
4718	50586	0.1	0.101	0.26	0.201
4718	50586	0.153	0.039	0.139	0.192
4718	50586	0.128	0.025	0.128	0.103
4718	50586	0.104	0.072	0.2	0.176
4718	50586	0.16	0.008	0.112	0.168
4718	50586	0.184	0.232	0.392	0.416
4718	50586	0.208	0.024	0.16	0.184
4718	50586	0.143	0.313	0.521	0.456
4718	50586	0.153	0.112	0.255	0.265
4718	50586	0.176	0.008	0.145	0.168
4718	50586	0.127	0.104	0.28	0.231
4718	50586	0.12	0.032	0.159	0.152
4718	50586	0.135	0.031	0.089	0.104
4718	50586	0.128	0.023	0.112	0.105
4718	50586	0.144	0.047	0.175	0.191
4718	50586	0.216	0.2	0.344	0.416
4718	50586	0.176	0.048	0.168	0.128
4718	50586	0.16	0.697	0.873	0.857
4718	50586	0.167	0.224	0.384	0.391
4718	50586	0.184	0.808	0.975	0.992
4718	50586	0.12	0.024	0.208	0.144
4718	50586	0.129	0.056	0.176	0.185
4718	50586	0.151	0.016	0.145	0.167
4718	50586	0.136	0.104	0.255	0.24
4718	50586	0.129	0.032	0.168	0.161
4718	50586	0.16	0.143	0.272	0.303
4718	50586	0.072	0.088	0.248	0.16
4718	50586	0.176	0.032	0.04	0.144
4718	50586	0.144	0.488	0.664	0.632
4718	50586	0.16	0.08	0.224	0.24
4718	50586	0.144	0.616	0.776	0.76
4718	50586	0.16	0.032	0.176	0.192
4718	50586	0.153	0.032	0.192	0.185
4718	50586	0.144	0.032	0.121	0.112
4718	50586	0.112	0.023	0.167	0.135
4718	50586	0.12	0.08	0.192	0.2
4718	50586	0.081	0.048	0.168	0.129
4718	50586	0.176	0.057	0.024	0.119
4718	50586	0.08	0.144	0.32	0.224
4718	50586	0.175	0.329	0.409	0.504
4718	50586	0.151	0.071	0.104	0.08
4718	50586	0.143	0.023	0.128	0.12
4718	50586	0.16	0.72	0.863	0.88
4718	50586	0.096	0.072	0.232	0.168
4718	50586	0.144	0.048	0.144	0.192
4718	50586	0.129	0.048	0.096	0.081
4718	50586	0.128	0.119	0.248	0.247
4718	50586	0.119	0.145	0.273	0.264
4718	50586	0.16	0.016	0.135	0.176
4718	50586	0.136	0.128	0.288	0.264
4718	50586	0.129	0.064	0.2	0.193
4718	50586	0.12	0.023	0.152	0.143
4718	50586	0.144	0.184	0.304	0.328
4718	50586	0.144	0.04	0.104	0.104
4718	50586	0.136	0.32	0.464	0.456
4718	50586	0.224	0.04	0.096	0.184
4718	50586	0.193	0.064	0.16	0.129
4718	50586	0.168	0.079	0.272	0.247
4718	50586	0.0	0.0	0.0	0.0
4718	50586	0.0	0.0	0.0	0.0
4718	50586	0.0	0.0	0.0	0.0
4718	50612	0.127	0.0	0.0	0.0
4718	50612	0.176	0.688	0.815	0.864
4718	50612	0.152	0.072	0.104	0.08
4718	50612	0.152	0.024	0.176	0.176
4718	50612	0.112	0.144	0.296	0.256
4718	50612	0.2	0.088	0.2	0.288
4718	50612	0.176	0.024	0.176	0.152
4718	50612	0.178	0.034	0.142	0.144
4718	50612	0.168	0.128	0.306	0.296
4718	50612	0.168	0.08	0.088	0.088
4718	50612	0.152	0.024	0.192	0.176
4718	50612	0.12	0.048	0.2	0.168
4718	50612	0.224	0.024	0.096	0.2
4718	50612	0.104	0.024	0.248	0.128
4718	50612	0.136	0.064	0.168	0.2
4718	50612	0.16	0.016	0.152	0.176
4718	50612	0.152	0.008	0.152	0.144
4718	50612	0.176	0.104	0.256	0.28
4718	50612	0.121	0.416	0.592	0.537
4718	50612	0.103	0.152	0.273	0.255
4718	50612	0.072	0.12	0.223	0.192
4718	50612	0.136	0.096	0.168	0.232
4718	50612	0.1	0.484	0.62	0.584
4718	50612	0.144	0.128	0.228	0.272
4718	50612	0.128	0.056	0.2	0.184
4718	50612	0.337	0.032	0.16	0.369
4718	50612	0.055	0.216	0.121	0.161
4718	50612	0.152	0.84	0.895	0.992
4718	50612	0.136	0.048	0.2	0.184
4718	50612	0.112	0.056	0.192	0.168
4718	50612	0.136	0.072	0.184	0.208
4718	50612	0.128	0.032	0.168	0.16
4718	50612	0.176	0.112	0.24	0.288
4718	50612	0.129	0.04	0.136	0.089
4718	50612	0.144	0.063	0.192	0.207
4718	50612	0.12	0.984	1.128	1.104
4718	50612	0.207	0.161	0.281	0.368
4718	50612	0.128	0.024	0.183	0.104
4718	50612	0.168	0.008	0.136	0.176
4718	50612	0.119	0.249	0.417	0.368
4718	50612	0.0	0.0	0.0	0.0
4718	50612	0.0	0.0	0.0	0.0
4718	50612	0.0	0.0	0.0	0.0
4718	50612	0.0	0.0	0.0	0.0
4718	50612	0.0	0.0	0.0	0.0
4718	50612	0.0	0.0	0.0	0.0
4718	50612	0.0	0.0	0.0	0.0
4718	50612	0.0	0.0	0.0	0.0
4718	50612	0.0	0.0	0.0	0.0
4718	50612	0.0	0.0	0.0	0.0
4718	50612	0.0	0.0	0.0	0.0
4718	50612	0.0	0.0	0.0	0.0
4718	50612	0.0	0.0	0.0	0.0
4718	50612	0.0	0.0	0.0	0.0
4718	50612	0.0	0.0	0.0	0.0
4718	50612	0.0	0.0	0.0	0.0
4718	50612	0.0	0.0	0.0	0.0
4718	50612	0.0	0.0	0.0	0.0
4718	50612	0.0	0.0	0.0	0.0
4718	50612	0.0	0.0	0.0	0.0
4718	50612	0.0	0.0	0.0	0.0
4718	50612	0.0	0.0	0.0	0.0
4718	50612	0.0	0.0	0.0	0.0
4718	50612	0.0	0.0	0.0	0.0
4718	50612	0.0	0.0	0.0	0.0
4718	50612	0.0	0.0	0.0	0.0
4718	50612	0.0	0.0	0.0	0.0
4718	50612	0.0	0.0	0.0	0.0
4718	50612	0.0	0.0	0.0	0.0
4718	50612	0.0	0.0	0.0	0.0
