PARTICIPANT_ID	TEST_SECTION_ID	HOLD_LATENCY	INTERKEY_LATENCY	PRESS_LATENCY	RELEASE_LATENCY
4750	50557	0.208	0.0	0.0	0.0
4750	50557	0.124	0.047	0.161	0.077
4750	50557	0.254	0.023	0.101	0.231
4750	50557	0.0	0.001	0.255	0.001
4750	50557	0.062	0.001	0.001	0.063
4750	50557	0.109	0.03	0.092	0.139
4750	50557	0.126	0.094	0.203	0.22
4750	50557	0.14	0.032	0.094	0.108
4750	50557	0.153	0.027	0.113	0.126
4750	50557	0.122	0.061	0.092	0.061
4750	50557	0.109	0.173	0.295	0.282
4750	50557	0.109	0.203	0.312	0.312
4750	50557	0.11	0.016	0.093	0.094
4750	50557	0.124	0.079	0.189	0.203
4750	50557	0.141	0.063	0.061	0.078
4750	50557	0.141	0.0	0.141	0.141
4750	50557	0.17	0.126	0.267	0.296
4750	50557	0.11	0.03	0.14	0.08
4750	50557	0.109	0.327	0.437	0.436
4750	50557	0.109	0.094	0.203	0.203
4750	50557	0.155	0.298	0.407	0.453
4750	50557	0.188	0.047	0.108	0.141
4750	50557	0.219	0.078	0.11	0.141
4750	50557	0.141	0.094	0.125	0.047
4750	50557	0.094	0.093	0.234	0.187
4750	50557	0.139	0.014	0.08	0.125
4750	50557	0.109	0.032	0.171	0.141
4750	50557	0.109	0.016	0.125	0.125
4750	50557	0.111	0.016	0.093	0.095
4750	50557	0.108	0.001	0.112	0.109
4750	50557	0.112	0.046	0.154	0.158
4750	50557	0.108	0.014	0.126	0.122
4750	50557	0.131	0.015	0.123	0.146
4750	50557	0.091	0.014	0.145	0.105
4750	50557	0.126	0.031	0.122	0.157
4750	50557	0.157	0.062	0.064	0.095
4750	50557	0.064	0.002	0.155	0.062
4750	50557	0.155	0.077	0.141	0.232
4750	50557	0.11	0.047	0.202	0.157
4750	50557	0.063	0.437	0.547	0.5
4750	50557	0.093	0.001	0.064	0.094
4750	50557	0.108	0.157	0.25	0.265
4750	50557	0.0	0.0	0.0	0.0
4750	50557	0.0	0.0	0.0	0.0
4750	50557	0.0	0.0	0.0	0.0
4750	50557	0.0	0.0	0.0	0.0
4750	50557	0.0	0.0	0.0	0.0
4750	50557	0.0	0.0	0.0	0.0
4750	50557	0.0	0.0	0.0	0.0
4750	50557	0.0	0.0	0.0	0.0
4750	50557	0.0	0.0	0.0	0.0
4750	50557	0.0	0.0	0.0	0.0
4750	50557	0.0	0.0	0.0	0.0
4750	50557	0.0	0.0	0.0	0.0
4750	50557	0.0	0.0	0.0	0.0
4750	50557	0.0	0.0	0.0	0.0
4750	50557	0.0	0.0	0.0	0.0
4750	50557	0.0	0.0	0.0	0.0
4750	50557	0.0	0.0	0.0	0.0
4750	50557	0.0	0.0	0.0	0.0
4750	50557	0.0	0.0	0.0	0.0
4750	50557	0.0	0.0	0.0	0.0
4750	50557	0.0	0.0	0.0	0.0
4750	50557	0.0	0.0	0.0	0.0
4750	50557	0.0	0.0	0.0	0.0
4750	50557	0.0	0.0	0.0	0.0
4750	50557	0.0	0.0	0.0	0.0
4750	50557	0.0	0.0	0.0	0.0
4750	50557	0.0	0.0	0.0	0.0
4750	50557	0.0	0.0	0.0	0.0
4750	50625	0.234	0.0	0.0	0.0
4750	50625	0.141	0.094	0.14	0.047
4750	50625	0.125	0.015	0.126	0.11
4750	50625	0.094	0.014	0.139	0.108
4750	50625	0.14	0.19	0.284	0.33
4750	50625	0.093	0.001	0.141	0.094
4750	50625	0.218	0.001	0.092	0.217
4750	50625	0.141	0.094	0.124	0.047
4750	50625	0.109	0.047	0.094	0.062
4750	50625	0.11	0.049	0.158	0.159
4750	50625	0.001	0.001	0.109	0.0
4750	50625	0.077	0.03	0.031	0.107
4750	50625	0.093	0.018	0.095	0.111
4750	50625	0.109	0.046	0.139	0.155
4750	50625	0.156	0.032	0.077	0.124
4750	50625	0.156	0.031	0.125	0.125
4750	50625	0.112	0.0	0.156	0.112
4750	50625	0.092	0.031	0.143	0.123
4750	50625	0.0	0.0	0.0	0.0
4750	50625	0.0	0.0	0.0	0.0
4750	50625	0.0	0.0	0.0	0.0
4750	50625	0.0	0.0	0.0	0.0
4750	50625	0.0	0.0	0.0	0.0
4750	50625	0.0	0.0	0.0	0.0
4750	50625	0.0	0.0	0.0	0.0
4750	50625	0.0	0.0	0.0	0.0
4750	50625	0.0	0.0	0.0	0.0
4750	50625	0.0	0.0	0.0	0.0
4750	50625	0.0	0.0	0.0	0.0
4750	50625	0.0	0.0	0.0	0.0
4750	50625	0.0	0.0	0.0	0.0
4750	50625	0.0	0.0	0.0	0.0
4750	50625	0.0	0.0	0.0	0.0
4750	50625	0.0	0.0	0.0	0.0
4750	50625	0.0	0.0	0.0	0.0
4750	50625	0.0	0.0	0.0	0.0
4750	50625	0.0	0.0	0.0	0.0
4750	50625	0.0	0.0	0.0	0.0
4750	50625	0.0	0.0	0.0	0.0
4750	50625	0.0	0.0	0.0	0.0
4750	50625	0.0	0.0	0.0	0.0
4750	50625	0.0	0.0	0.0	0.0
4750	50625	0.0	0.0	0.0	0.0
4750	50625	0.0	0.0	0.0	0.0
4750	50625	0.0	0.0	0.0	0.0
4750	50625	0.0	0.0	0.0	0.0
4750	50625	0.0	0.0	0.0	0.0
4750	50625	0.0	0.0	0.0	0.0
4750	50625	0.0	0.0	0.0	0.0
4750	50625	0.0	0.0	0.0	0.0
4750	50625	0.0	0.0	0.0	0.0
4750	50625	0.0	0.0	0.0	0.0
4750	50625	0.0	0.0	0.0	0.0
4750	50625	0.0	0.0	0.0	0.0
4750	50625	0.0	0.0	0.0	0.0
4750	50625	0.0	0.0	0.0	0.0
4750	50625	0.0	0.0	0.0	0.0
4750	50625	0.0	0.0	0.0	0.0
4750	50625	0.0	0.0	0.0	0.0
4750	50625	0.0	0.0	0.0	0.0
4750	50625	0.0	0.0	0.0	0.0
4750	50625	0.0	0.0	0.0	0.0
4750	50625	0.0	0.0	0.0	0.0
4750	50625	0.0	0.0	0.0	0.0
4750	50625	0.0	0.0	0.0	0.0
4750	50625	0.0	0.0	0.0	0.0
4750	50625	0.0	0.0	0.0	0.0
4750	50625	0.0	0.0	0.0	0.0
4750	50625	0.0	0.0	0.0	0.0
4750	50625	0.0	0.0	0.0	0.0
4750	50629	0.218	0.0	0.0	0.0
4750	50629	0.14	0.107	0.111	0.033
4750	50629	0.125	0.032	0.108	0.093
4750	50629	0.063	0.065	0.19	0.128
4750	50629	0.074	0.0	0.063	0.074
4750	50629	0.081	0.111	0.185	0.192
4750	50629	0.111	0.012	0.093	0.123
4750	50629	0.075	0.001	0.112	0.076
4750	50629	0.485	0.016	0.091	0.501
4750	50629	0.11	0.048	0.437	0.062
4750	50629	0.141	0.094	0.204	0.235
4750	50629	0.094	0.046	0.187	0.14
4750	50629	0.115	0.113	0.207	0.228
4750	50629	0.1	0.046	0.161	0.146
4750	50629	0.094	0.204	0.304	0.298
4750	50629	0.172	0.031	0.125	0.203
4750	50629	0.158	0.079	0.093	0.079
4750	50629	0.139	0.077	0.081	0.062
4750	50629	0.14	0.0	0.139	0.14
4750	50629	0.093	0.062	0.078	0.031
4750	50629	0.155	0.03	0.063	0.125
4750	50629	0.11	0.0	0.155	0.11
4750	50629	0.112	0.014	0.124	0.126
4750	50629	0.079	0.014	0.126	0.093
4750	50629	0.094	0.109	0.188	0.203
4750	50629	0.123	0.015	0.079	0.108
4750	50629	0.076	0.013	0.11	0.063
4750	50629	0.094	0.016	0.092	0.11
4750	50629	0.108	0.032	0.126	0.14
4750	50629	0.078	0.079	0.187	0.157
4750	50629	0.095	0.046	0.124	0.141
4750	50629	0.111	0.016	0.079	0.095
4750	50629	0.098	0.014	0.125	0.112
4750	50629	0.125	0.136	0.234	0.261
4750	50629	0.157	0.046	0.079	0.111
4750	50629	0.001	0.001	0.156	0.0
4750	50629	0.093	0.047	0.048	0.14
4750	50629	0.077	0.078	0.171	0.155
4750	50629	0.0	0.0	0.0	0.0
4750	50629	0.0	0.0	0.0	0.0
4750	50629	0.0	0.0	0.0	0.0
4750	50629	0.0	0.0	0.0	0.0
4750	50629	0.0	0.0	0.0	0.0
4750	50629	0.0	0.0	0.0	0.0
4750	50629	0.0	0.0	0.0	0.0
4750	50629	0.0	0.0	0.0	0.0
4750	50629	0.0	0.0	0.0	0.0
4750	50629	0.0	0.0	0.0	0.0
4750	50629	0.0	0.0	0.0	0.0
4750	50629	0.0	0.0	0.0	0.0
4750	50629	0.0	0.0	0.0	0.0
4750	50629	0.0	0.0	0.0	0.0
4750	50629	0.0	0.0	0.0	0.0
4750	50629	0.0	0.0	0.0	0.0
4750	50629	0.0	0.0	0.0	0.0
4750	50629	0.0	0.0	0.0	0.0
4750	50629	0.0	0.0	0.0	0.0
4750	50629	0.0	0.0	0.0	0.0
4750	50629	0.0	0.0	0.0	0.0
4750	50629	0.0	0.0	0.0	0.0
4750	50629	0.0	0.0	0.0	0.0
4750	50629	0.0	0.0	0.0	0.0
4750	50629	0.0	0.0	0.0	0.0
4750	50629	0.0	0.0	0.0	0.0
4750	50629	0.0	0.0	0.0	0.0
4750	50629	0.0	0.0	0.0	0.0
4750	50629	0.0	0.0	0.0	0.0
4750	50629	0.0	0.0	0.0	0.0
4750	50629	0.0	0.0	0.0	0.0
4750	50629	0.0	0.0	0.0	0.0
4750	50637	0.126	0.0	0.0	0.0
4750	50637	0.186	0.001	0.125	0.185
4750	50637	0.155	0.093	0.093	0.062
4750	50637	0.091	0.175	0.33	0.266
4750	50637	0.078	0.062	0.153	0.14
4750	50637	0.077	0.065	0.143	0.142
4750	50637	0.096	0.062	0.139	0.158
4750	50637	0.187	0.079	0.017	0.108
4750	50637	0.064	0.001	0.186	0.063
4750	50637	0.173	0.032	0.032	0.141
4750	50637	0.139	0.094	0.079	0.045
4750	50637	0.093	0.015	0.124	0.078
4750	50637	0.077	0.08	0.173	0.157
4750	50637	0.078	0.062	0.139	0.14
4750	50637	0.093	0.063	0.141	0.156
4750	50637	0.046	0.001	0.094	0.047
4750	50637	0.093	0.11	0.156	0.203
4750	50637	0.108	0.001	0.094	0.109
4750	50637	0.079	0.033	0.141	0.112
4750	50637	0.124	0.077	0.156	0.201
4750	50637	0.125	0.002	0.126	0.127
4750	50637	0.094	0.002	0.123	0.092
4750	50637	0.078	0.095	0.189	0.173
4750	50637	0.046	0.141	0.219	0.187
4750	50637	0.125	0.593	0.639	0.718
4750	50637	0.172	0.016	0.141	0.188
4750	50637	0.108	0.046	0.126	0.062
4750	50637	0.078	0.017	0.125	0.095
4750	50637	0.092	0.063	0.141	0.155
4750	50637	0.158	0.015	0.107	0.173
4750	50637	0.219	0.079	0.079	0.14
4750	50637	0.127	0.063	0.156	0.064
4750	50637	0.094	0.014	0.141	0.108
4750	50637	0.201	0.095	0.189	0.296
4750	50637	0.17	0.092	0.109	0.078
4750	50637	0.062	1.314	1.484	1.376
4750	50637	0.046	0.125	0.187	0.171
4750	50637	0.095	0.328	0.374	0.423
4750	50637	0.094	0.046	0.141	0.14
4750	50637	0.106	0.113	0.207	0.219
4750	50637	0.095	0.031	0.137	0.126
4750	50637	0.159	0.029	0.124	0.188
4750	50637	0.14	0.08	0.079	0.06
4750	50637	0.111	0.047	0.187	0.158
4750	50637	0.078	0.359	0.47	0.437
4750	50637	0.077	0.157	0.235	0.234
4750	50637	0.11	0.094	0.171	0.204
4750	50637	0.065	0.045	0.155	0.11
4750	50637	0.078	0.078	0.143	0.156
4750	50637	0.183	0.065	0.143	0.248
4750	50637	0.123	0.076	0.107	0.047
4750	50637	0.109	0.048	0.171	0.157
4750	50637	0.235	0.015	0.124	0.25
4750	50637	0.033	0.001	0.234	0.032
4750	50637	0.144	0.016	0.049	0.16
4750	50637	0.165	0.038	0.182	0.203
4750	50637	0.139	0.09	0.075	0.049
4750	50637	0.102	0.001	0.14	0.103
4750	50637	0.095	0.061	0.163	0.156
4750	50637	0.155	0.079	0.174	0.234
4750	50637	0.141	0.094	0.249	0.235
4750	50637	0.219	0.155	0.296	0.374
4750	50637	0.143	0.078	0.141	0.065
4750	50637	0.108	0.001	0.142	0.107
4750	50637	0.061	0.064	0.172	0.125
4750	50637	0.096	0.126	0.187	0.222
4750	50637	0.108	0.013	0.109	0.121
4750	50637	0.079	0.033	0.141	0.112
4750	50637	0.123	0.125	0.204	0.248
4750	50637	0.062	0.031	0.092	0.031
4750	50655	0.25	0.0	0.0	0.0
4750	50655	0.143	0.063	0.187	0.08
4750	50655	0.11	0.001	0.142	0.109
4750	50655	0.078	0.001	0.109	0.077
4750	50655	0.11	0.015	0.093	0.125
4750	50655	0.123	0.001	0.111	0.124
4750	50655	0.123	0.096	0.219	0.219
4750	50655	0.109	0.032	0.155	0.141
4750	50655	0.079	0.016	0.125	0.095
4750	50655	0.078	0.077	0.156	0.155
4750	50655	0.11	0.093	0.171	0.203
4750	50655	0.203	0.031	0.079	0.172
4750	50655	0.155	0.062	0.141	0.093
4750	50655	0.123	0.019	0.174	0.142
4750	50655	0.22	0.077	0.2	0.297
4750	50655	0.125	0.063	0.157	0.062
4750	50655	0.109	0.016	0.141	0.125
4750	50655	0.077	0.033	0.142	0.11
4750	50655	0.127	0.015	0.092	0.142
4750	50655	0.155	0.047	0.08	0.108
4750	50655	0.111	0.062	0.217	0.173
4750	50655	0.109	0.108	0.219	0.217
4750	50655	0.14	0.094	0.203	0.234
4750	50655	0.188	0.016	0.156	0.204
4750	50655	0.219	0.095	0.093	0.124
4750	50655	0.172	0.093	0.126	0.079
4750	50655	0.28	0.062	0.11	0.218
4750	50655	0.156	0.093	0.187	0.063
4750	50655	0.108	0.531	0.687	0.639
4750	50655	0.08	0.157	0.265	0.237
4750	50655	0.124	0.047	0.127	0.171
4750	50655	0.267	0.048	0.076	0.219
4750	50655	0.173	0.11	0.157	0.063
4750	50655	0.094	0.076	0.249	0.17
4750	50655	0.25	0.39	0.484	0.64
4750	50655	0.172	0.17	0.08	0.002
4750	50655	0.139	0.03	0.142	0.109
4750	50655	0.079	0.015	0.154	0.094
4750	50655	0.142	0.093	0.172	0.235
4750	50655	0.14	0.063	0.079	0.077
4750	50655	0.127	0.0	0.14	0.127
4750	50655	0.143	0.091	0.218	0.234
4750	50655	0.111	0.048	0.095	0.063
4750	50655	0.126	0.028	0.139	0.154
4750	50655	0.078	0.095	0.221	0.173
4750	50655	0.062	0.187	0.265	0.249
4750	50655	0.125	0.109	0.171	0.234
4750	50655	0.142	0.015	0.11	0.127
4750	50655	0.187	0.016	0.126	0.171
4750	50655	0.11	0.063	0.124	0.047
4750	50655	0.048	0.375	0.485	0.423
4750	50655	0.063	0.092	0.14	0.155
4750	50655	0.141	0.093	0.156	0.234
4750	50655	0.141	0.001	0.14	0.14
4750	50655	0.17	0.376	0.517	0.546
4750	50655	0.118	0.118	0.288	0.236
4750	50655	0.095	0.031	0.149	0.126
4750	50655	0.0	0.0	0.0	0.0
4750	50655	0.0	0.0	0.0	0.0
4750	50655	0.0	0.0	0.0	0.0
4750	50655	0.0	0.0	0.0	0.0
4750	50655	0.0	0.0	0.0	0.0
4750	50655	0.0	0.0	0.0	0.0
4750	50655	0.0	0.0	0.0	0.0
4750	50655	0.0	0.0	0.0	0.0
4750	50655	0.0	0.0	0.0	0.0
4750	50655	0.0	0.0	0.0	0.0
4750	50655	0.0	0.0	0.0	0.0
4750	50655	0.0	0.0	0.0	0.0
4750	50655	0.0	0.0	0.0	0.0
4750	50668	0.406	0.0	0.0	0.0
4750	50668	0.092	0.124	0.282	0.032
4750	50668	0.17	0.141	0.233	0.311
4750	50668	0.127	0.046	0.124	0.081
4750	50668	0.08	0.138	0.265	0.218
4750	50668	0.11	0.015	0.095	0.125
4750	50668	0.093	0.031	0.141	0.124
4750	50668	0.124	0.079	0.172	0.203
4750	50668	0.189	0.046	0.078	0.143
4750	50668	0.127	0.111	0.078	0.016
4750	50668	0.079	0.06	0.187	0.139
4750	50668	0.106	0.002	0.081	0.108
4750	50668	0.11	0.079	0.185	0.189
4750	50668	0.125	0.078	0.188	0.203
4750	50668	0.188	0.015	0.11	0.173
4750	50668	0.141	0.093	0.095	0.048
4750	50668	0.109	0.016	0.125	0.093
4750	50668	0.079	0.046	0.155	0.125
4750	50668	0.092	0.079	0.158	0.171
4750	50668	0.061	0.0	0.092	0.061
4750	50668	0.095	0.14	0.201	0.235
4750	50668	0.095	0.015	0.11	0.11
4750	50668	0.064	0.077	0.172	0.141
4750	50668	0.125	0.077	0.141	0.202
4750	50668	0.107	0.611	0.736	0.718
4750	50668	0.079	0.048	0.155	0.127
4750	50668	0.138	0.014	0.065	0.124
4750	50668	0.119	0.041	0.097	0.078
4750	50668	0.139	0.001	0.12	0.14
4750	50668	0.109	0.03	0.109	0.079
4750	50668	0.172	0.031	0.14	0.203
4750	50668	0.109	0.063	0.109	0.046
4750	50668	0.314	0.078	0.031	0.236
4750	50668	0.002	0.001	0.313	0.001
4750	50668	0.109	0.045	0.047	0.154
4750	50668	0.157	0.047	0.062	0.11
4750	50668	0.079	0.077	0.234	0.156
4750	50668	0.0	0.0	0.0	0.0
4750	50668	0.0	0.0	0.0	0.0
4750	50668	0.0	0.0	0.0	0.0
4750	50668	0.0	0.0	0.0	0.0
4750	50668	0.0	0.0	0.0	0.0
4750	50668	0.0	0.0	0.0	0.0
4750	50668	0.0	0.0	0.0	0.0
4750	50668	0.0	0.0	0.0	0.0
4750	50668	0.0	0.0	0.0	0.0
4750	50668	0.0	0.0	0.0	0.0
4750	50668	0.0	0.0	0.0	0.0
4750	50668	0.0	0.0	0.0	0.0
4750	50668	0.0	0.0	0.0	0.0
4750	50668	0.0	0.0	0.0	0.0
4750	50668	0.0	0.0	0.0	0.0
4750	50668	0.0	0.0	0.0	0.0
4750	50668	0.0	0.0	0.0	0.0
4750	50668	0.0	0.0	0.0	0.0
4750	50668	0.0	0.0	0.0	0.0
4750	50668	0.0	0.0	0.0	0.0
4750	50668	0.0	0.0	0.0	0.0
4750	50668	0.0	0.0	0.0	0.0
4750	50668	0.0	0.0	0.0	0.0
4750	50668	0.0	0.0	0.0	0.0
4750	50668	0.0	0.0	0.0	0.0
4750	50668	0.0	0.0	0.0	0.0
4750	50668	0.0	0.0	0.0	0.0
4750	50668	0.0	0.0	0.0	0.0
4750	50668	0.0	0.0	0.0	0.0
4750	50668	0.0	0.0	0.0	0.0
4750	50668	0.0	0.0	0.0	0.0
4750	50668	0.0	0.0	0.0	0.0
4750	50668	0.0	0.0	0.0	0.0
4750	50678	0.233	0.0	0.0	0.0
4750	50678	0.142	0.077	0.156	0.065
4750	50678	0.106	0.014	0.128	0.092
4750	50678	0.109	0.001	0.107	0.11
4750	50678	0.109	0.015	0.124	0.124
4750	50678	0.172	0.047	0.156	0.219
4750	50678	0.265	0.062	0.11	0.203
4750	50678	0.187	0.109	0.156	0.078
4750	50678	0.409	0.062	0.249	0.471
4750	50678	0.001	0.0	0.409	0.001
4750	50678	0.031	0.001	0.0	0.03
4750	50678	0.142	0.154	0.185	0.296
4750	50678	0.096	0.045	0.187	0.141
4750	50678	0.064	0.092	0.188	0.156
4750	50678	0.094	0.002	0.062	0.092
4750	50678	0.138	0.014	0.08	0.124
4750	50678	0.079	0.001	0.139	0.08
4750	50678	0.203	0.001	0.078	0.202
4750	50678	0.11	0.093	0.11	0.017
4750	50678	0.078	0.061	0.171	0.139
4750	50678	0.109	0.188	0.266	0.297
4750	50678	0.063	0.517	0.626	0.58
4750	50678	0.11	0.062	0.125	0.172
4750	50678	0.11	0.078	0.188	0.188
4750	50678	0.081	0.232	0.342	0.313
4750	50678	0.096	0.091	0.172	0.187
4750	50678	0.141	0.014	0.11	0.155
4750	50678	0.109	0.016	0.157	0.125
4750	50678	0.001	0.265	0.374	0.266
4750	50678	0.11	0.015	0.016	0.125
4750	50678	0.124	0.112	0.222	0.236
4750	50678	0.282	0.031	0.093	0.251
4750	50678	0.167	0.076	0.206	0.091
4750	50678	0.125	0.077	0.09	0.048
4750	50678	0.111	0.018	0.107	0.093
4750	50678	0.171	0.0	0.111	0.171
4750	50678	0.156	0.093	0.078	0.063
4750	50678	0.139	0.126	0.282	0.265
4750	50678	0.14	0.046	0.093	0.094
4750	50678	0.11	0.141	0.281	0.251
4750	50678	0.108	0.0	0.11	0.108
4750	50678	0.094	0.109	0.217	0.203
4750	50678	0.109	0.047	0.141	0.156
4750	50678	0.14	0.029	0.08	0.111
4750	50678	0.122	0.001	0.141	0.123
4750	50678	0.109	0.031	0.091	0.078
4750	50678	0.121	0.021	0.13	0.142
4750	50678	0.595	0.0	0.121	0.595
4750	50678	0.134	0.11	0.485	0.024
4750	50678	0.078	0.13	0.264	0.208
4750	50678	0.093	0.095	0.173	0.188
4750	50678	0.078	0.062	0.155	0.14
4750	50678	0.0	0.0	0.0	0.0
4750	50678	0.0	0.0	0.0	0.0
4750	50678	0.0	0.0	0.0	0.0
4750	50678	0.0	0.0	0.0	0.0
4750	50678	0.0	0.0	0.0	0.0
4750	50678	0.0	0.0	0.0	0.0
4750	50678	0.0	0.0	0.0	0.0
4750	50678	0.0	0.0	0.0	0.0
4750	50678	0.0	0.0	0.0	0.0
4750	50678	0.0	0.0	0.0	0.0
4750	50678	0.0	0.0	0.0	0.0
4750	50678	0.0	0.0	0.0	0.0
4750	50678	0.0	0.0	0.0	0.0
4750	50678	0.0	0.0	0.0	0.0
4750	50678	0.0	0.0	0.0	0.0
4750	50678	0.0	0.0	0.0	0.0
4750	50678	0.0	0.0	0.0	0.0
4750	50678	0.0	0.0	0.0	0.0
4750	50692	0.252	0.0	0.0	0.0
4750	50692	0.218	0.14	0.112	0.078
4750	50692	0.175	0.078	0.14	0.097
4750	50692	0.169	0.0	0.175	0.169
4750	50692	0.39	0.032	0.137	0.358
4750	50692	0.234	0.203	0.187	0.031
4750	50692	0.187	0.124	0.11	0.063
4750	50692	0.127	0.483	0.67	0.61
4750	50692	0.141	0.061	0.188	0.202
4750	50692	0.124	0.03	0.111	0.094
4750	50692	0.111	0.0	0.124	0.111
4750	50692	0.126	0.016	0.095	0.11
4750	50692	0.111	0.013	0.139	0.124
4750	50692	0.061	0.0	0.111	0.061
4750	50692	0.109	0.017	0.078	0.126
4750	50692	0.108	0.065	0.174	0.173
4750	50692	0.126	0.048	0.06	0.078
4750	50692	0.093	0.002	0.124	0.091
4750	50692	0.204	0.016	0.109	0.22
4750	50692	0.078	0.092	0.112	0.014
4750	50692	0.139	0.062	0.14	0.201
4750	50692	0.157	0.016	0.123	0.141
4750	50692	0.125	0.015	0.172	0.14
4750	50692	0.451	0.066	0.191	0.517
4750	50692	0.095	0.126	0.325	0.031
4750	50692	0.156	0.046	0.141	0.202
4750	50692	0.063	0.015	0.141	0.048
4750	50692	0.108	0.079	0.142	0.187
4750	50692	0.097	0.093	0.201	0.19
4750	50692	0.079	0.248	0.345	0.327
4750	50692	0.092	0.001	0.08	0.093
4750	50692	0.122	0.001	0.093	0.123
4750	50692	0.062	0.095	0.217	0.157
4750	50692	0.063	0.078	0.14	0.141
4750	50692	0.095	0.047	0.11	0.142
4750	50692	0.06	0.003	0.098	0.063
4750	50692	0.155	0.046	0.106	0.201
4750	50692	0.124	0.076	0.079	0.048
4750	50692	0.111	0.033	0.091	0.078
4750	50692	0.096	0.014	0.125	0.11
4750	50692	0.092	0.031	0.127	0.123
4750	50692	0.065	0.001	0.093	0.066
4750	50692	0.093	0.029	0.094	0.122
4750	50692	0.078	0.078	0.171	0.156
4750	50692	0.094	0.095	0.173	0.189
4750	50692	0.171	0.017	0.077	0.154
4750	50692	0.141	0.062	0.109	0.079
4750	50692	0.0	0.0	0.0	0.0
4750	50692	0.0	0.0	0.0	0.0
4750	50692	0.0	0.0	0.0	0.0
4750	50692	0.0	0.0	0.0	0.0
4750	50692	0.0	0.0	0.0	0.0
4750	50692	0.0	0.0	0.0	0.0
4750	50692	0.0	0.0	0.0	0.0
4750	50692	0.0	0.0	0.0	0.0
4750	50692	0.0	0.0	0.0	0.0
4750	50692	0.0	0.0	0.0	0.0
4750	50692	0.0	0.0	0.0	0.0
4750	50692	0.0	0.0	0.0	0.0
4750	50692	0.0	0.0	0.0	0.0
4750	50692	0.0	0.0	0.0	0.0
4750	50692	0.0	0.0	0.0	0.0
4750	50692	0.0	0.0	0.0	0.0
4750	50692	0.0	0.0	0.0	0.0
4750	50692	0.0	0.0	0.0	0.0
4750	50692	0.0	0.0	0.0	0.0
4750	50692	0.0	0.0	0.0	0.0
4750	50692	0.0	0.0	0.0	0.0
4750	50692	0.0	0.0	0.0	0.0
4750	50692	0.0	0.0	0.0	0.0
4750	50707	0.259	0.0	0.0	0.0
4750	50707	0.079	0.092	0.167	0.013
4750	50707	0.124	0.03	0.109	0.154
4750	50707	0.061	0.065	0.189	0.126
4750	50707	0.079	0.001	0.06	0.078
4750	50707	0.128	0.092	0.171	0.22
4750	50707	0.125	0.05	0.078	0.075
4750	50707	0.141	0.016	0.141	0.157
4750	50707	0.187	0.016	0.157	0.203
4750	50707	0.11	0.062	0.125	0.048
4750	50707	0.092	0.047	0.157	0.139
4750	50707	0.045	0.065	0.157	0.11
4750	50707	0.094	0.093	0.138	0.187
4750	50707	0.126	0.031	0.063	0.095
4750	50707	0.204	0.063	0.063	0.141
4750	50707	0.109	0.032	0.172	0.077
4750	50707	0.126	0.0	0.109	0.126
4750	50707	0.187	0.327	0.453	0.514
4750	50707	0.111	0.062	0.125	0.049
4750	50707	0.172	0.033	0.078	0.139
4750	50707	0.095	0.218	0.39	0.313
4750	50707	0.171	0.048	0.143	0.219
4750	50707	0.064	0.048	0.123	0.016
4750	50707	0.062	0.235	0.299	0.297
4750	50707	0.04	0.053	0.115	0.093
4750	50707	0.063	0.11	0.15	0.173
4750	50707	0.089	0.099	0.162	0.188
4750	50707	0.048	0.012	0.101	0.06
4750	50707	0.0	0.11	0.158	0.11
4750	50707	0.142	0.031	0.031	0.173
4750	50707	0.108	0.047	0.095	0.061
4750	50707	0.095	0.156	0.264	0.251
4750	50707	0.11	0.031	0.126	0.141
4750	50707	0.078	0.03	0.14	0.108
4750	50707	0.11	0.296	0.374	0.406
4750	50707	0.047	0.235	0.345	0.282
4750	50707	0.078	0.015	0.062	0.093
4750	50707	0.063	0.063	0.141	0.126
4750	50707	0.095	0.014	0.077	0.109
4750	50707	0.064	0.079	0.174	0.143
4750	50707	0.111	0.122	0.186	0.233
4750	50707	0.047	0.156	0.267	0.203
4750	50707	0.156	0.015	0.062	0.171
4750	50707	0.11	0.031	0.125	0.079
4750	50707	0.063	0.108	0.218	0.171
4750	50707	0.0	0.0	0.0	0.0
4750	50707	0.0	0.0	0.0	0.0
4750	50707	0.0	0.0	0.0	0.0
4750	50707	0.0	0.0	0.0	0.0
4750	50707	0.0	0.0	0.0	0.0
4750	50707	0.0	0.0	0.0	0.0
4750	50707	0.0	0.0	0.0	0.0
4750	50707	0.0	0.0	0.0	0.0
4750	50707	0.0	0.0	0.0	0.0
4750	50707	0.0	0.0	0.0	0.0
4750	50707	0.0	0.0	0.0	0.0
4750	50707	0.0	0.0	0.0	0.0
4750	50707	0.0	0.0	0.0	0.0
4750	50707	0.0	0.0	0.0	0.0
4750	50707	0.0	0.0	0.0	0.0
4750	50707	0.0	0.0	0.0	0.0
4750	50707	0.0	0.0	0.0	0.0
4750	50707	0.0	0.0	0.0	0.0
4750	50707	0.0	0.0	0.0	0.0
4750	50707	0.0	0.0	0.0	0.0
4750	50707	0.0	0.0	0.0	0.0
4750	50707	0.0	0.0	0.0	0.0
4750	50707	0.0	0.0	0.0	0.0
4750	50707	0.0	0.0	0.0	0.0
4750	50707	0.0	0.0	0.0	0.0
4750	50716	0.356	0.0	0.0	0.0
4750	50716	0.091	0.075	0.281	0.016
4750	50716	0.109	0.125	0.216	0.234
4750	50716	0.188	0.03	0.079	0.158
4750	50716	0.095	0.048	0.14	0.047
4750	50716	0.156	0.016	0.079	0.14
4750	50716	0.126	0.0	0.156	0.126
4750	50716	0.096	0.03	0.156	0.126
4750	50716	0.143	0.013	0.109	0.156
4750	50716	0.079	0.031	0.174	0.11
4750	50716	0.077	0.109	0.188	0.186
4750	50716	0.094	0.0	0.077	0.094
4750	50716	0.08	0.014	0.108	0.094
4750	50716	0.093	0.109	0.189	0.202
4750	50716	0.141	0.095	0.188	0.236
4750	50716	0.076	0.546	0.687	0.622
4750	50716	0.065	0.079	0.155	0.144
4750	50716	0.094	0.092	0.157	0.186
4750	50716	0.095	0.062	0.156	0.157
4750	50716	0.076	0.078	0.173	0.154
4750	50716	0.128	0.078	0.154	0.206
4750	50716	0.049	0.419	0.547	0.468
4750	50716	0.113	0.076	0.125	0.189
4750	50716	0.109	0.045	0.158	0.154
4750	50716	0.078	0.031	0.14	0.109
4750	50716	0.094	0.016	0.094	0.11
4750	50716	0.141	0.046	0.14	0.187
4750	50716	0.11	0.016	0.157	0.126
4750	50716	0.139	0.046	0.156	0.185
4750	50716	0.175	0.376	0.515	0.551
4750	50716	0.157	0.095	0.08	0.062
4750	50716	0.077	0.0	0.157	0.077
4750	50716	0.075	0.033	0.11	0.108
4750	50716	0.0	0.0	0.0	0.0
4750	50716	0.0	0.0	0.0	0.0
4750	50716	0.0	0.0	0.0	0.0
4750	50716	0.0	0.0	0.0	0.0
4750	50716	0.0	0.0	0.0	0.0
4750	50716	0.0	0.0	0.0	0.0
4750	50716	0.0	0.0	0.0	0.0
4750	50716	0.0	0.0	0.0	0.0
4750	50716	0.0	0.0	0.0	0.0
4750	50716	0.0	0.0	0.0	0.0
4750	50716	0.0	0.0	0.0	0.0
4750	50716	0.0	0.0	0.0	0.0
4750	50716	0.0	0.0	0.0	0.0
4750	50716	0.0	0.0	0.0	0.0
4750	50716	0.0	0.0	0.0	0.0
4750	50716	0.0	0.0	0.0	0.0
4750	50716	0.0	0.0	0.0	0.0
4750	50716	0.0	0.0	0.0	0.0
4750	50716	0.0	0.0	0.0	0.0
4750	50716	0.0	0.0	0.0	0.0
4750	50716	0.0	0.0	0.0	0.0
4750	50716	0.0	0.0	0.0	0.0
4750	50716	0.0	0.0	0.0	0.0
4750	50716	0.0	0.0	0.0	0.0
4750	50716	0.0	0.0	0.0	0.0
4750	50716	0.0	0.0	0.0	0.0
4750	50716	0.0	0.0	0.0	0.0
4750	50716	0.0	0.0	0.0	0.0
4750	50716	0.0	0.0	0.0	0.0
4750	50716	0.0	0.0	0.0	0.0
4750	50716	0.0	0.0	0.0	0.0
4750	50716	0.0	0.0	0.0	0.0
4750	50716	0.0	0.0	0.0	0.0
4750	50716	0.0	0.0	0.0	0.0
4750	50716	0.0	0.0	0.0	0.0
4750	50716	0.0	0.0	0.0	0.0
4750	50716	0.0	0.0	0.0	0.0
4750	50806	0.453	0.0	0.0	0.0
4750	50806	0.096	0.081	0.372	0.015
4750	50806	0.125	0.123	0.219	0.248
4750	50806	0.14	0.048	0.173	0.188
4750	50806	0.281	0.016	0.124	0.265
4750	50806	0.241	0.171	0.11	0.07
4750	50806	0.172	0.148	0.093	0.024
4750	50806	0.108	0.001	0.173	0.109
4750	50806	0.143	0.172	0.28	0.315
4750	50806	0.125	0.048	0.095	0.077
4750	50806	0.078	0.249	0.374	0.327
4750	50806	0.124	0.096	0.174	0.22
4750	50806	0.155	0.299	0.423	0.454
4750	50806	0.142	0.048	0.107	0.094
4750	50806	0.11	0.016	0.158	0.126
4750	50806	0.078	0.059	0.169	0.137
4750	50806	0.109	0.329	0.407	0.438
4750	50806	0.14	0.002	0.111	0.142
4750	50806	0.095	0.014	0.154	0.109
4750	50806	0.155	0.063	0.158	0.218
4750	50806	0.064	0.032	0.123	0.032
4750	50806	0.107	0.142	0.206	0.249
4750	50806	0.125	0.129	0.236	0.254
4750	50806	0.141	0.064	0.061	0.077
4750	50806	0.092	0.0	0.141	0.092
4750	50806	0.06	0.001	0.093	0.061
4750	50806	0.109	0.048	0.108	0.157
4750	50806	0.14	0.015	0.094	0.125
4750	50806	0.156	0.062	0.078	0.094
4750	50806	0.078	0.016	0.172	0.094
4750	50806	0.11	0.062	0.14	0.172
4750	50806	0.064	0.015	0.125	0.079
4750	50806	0.094	0.233	0.297	0.327
4750	50806	0.088	0.062	0.156	0.15
4750	50806	0.062	0.039	0.127	0.101
4750	50806	0.094	0.109	0.171	0.203
4750	50806	0.156	0.001	0.093	0.155
4750	50806	0.143	0.015	0.141	0.128
4750	50806	0.109	0.045	0.188	0.154
4750	50806	0.124	0.079	0.188	0.203
4750	50806	0.11	0.312	0.436	0.422
4750	50806	0.092	1.252	1.362	1.344
4750	50806	0.107	0.032	0.124	0.139
4750	50806	0.109	0.064	0.171	0.173
4750	50806	0.125	0.047	0.062	0.078
4750	50806	0.077	0.079	0.204	0.156
4750	50806	0.0	0.0	0.0	0.0
4750	50806	0.0	0.0	0.0	0.0
4750	50806	0.0	0.0	0.0	0.0
4750	50806	0.0	0.0	0.0	0.0
4750	50806	0.0	0.0	0.0	0.0
4750	50806	0.0	0.0	0.0	0.0
4750	50806	0.0	0.0	0.0	0.0
4750	50806	0.0	0.0	0.0	0.0
4750	50806	0.0	0.0	0.0	0.0
4750	50806	0.0	0.0	0.0	0.0
4750	50806	0.0	0.0	0.0	0.0
4750	50806	0.0	0.0	0.0	0.0
4750	50806	0.0	0.0	0.0	0.0
4750	50806	0.0	0.0	0.0	0.0
4750	50806	0.0	0.0	0.0	0.0
4750	50806	0.0	0.0	0.0	0.0
4750	50806	0.0	0.0	0.0	0.0
4750	50806	0.0	0.0	0.0	0.0
4750	50806	0.0	0.0	0.0	0.0
4750	50806	0.0	0.0	0.0	0.0
4750	50806	0.0	0.0	0.0	0.0
4750	50806	0.0	0.0	0.0	0.0
4750	50806	0.0	0.0	0.0	0.0
4750	50806	0.0	0.0	0.0	0.0
4750	51340	0.204	0.0	0.0	0.0
4750	51340	0.109	0.109	0.095	0.0
4750	51340	0.095	0.048	0.157	0.143
4750	51340	0.108	0.015	0.11	0.123
4750	51340	0.172	0.032	0.14	0.204
4750	51340	0.118	0.057	0.115	0.061
4750	51340	0.123	0.065	0.183	0.188
4750	51340	0.049	0.032	0.091	0.017
4750	51340	0.095	0.108	0.157	0.203
4750	51340	0.062	0.015	0.11	0.077
4750	51340	0.094	0.031	0.093	0.125
4750	51340	0.11	0.0	0.094	0.11
4750	51340	0.17	0.018	0.128	0.188
4750	51340	0.155	0.063	0.107	0.092
4750	51340	0.094	0.031	0.186	0.125
4750	51340	0.173	0.031	0.125	0.204
4750	51340	0.077	0.062	0.111	0.015
4750	51340	0.094	0.031	0.108	0.125
4750	51340	0.0	0.0	0.0	0.0
4750	51340	0.0	0.0	0.0	0.0
4750	51340	0.0	0.0	0.0	0.0
4750	51340	0.0	0.0	0.0	0.0
4750	51340	0.0	0.0	0.0	0.0
4750	51340	0.0	0.0	0.0	0.0
4750	51340	0.0	0.0	0.0	0.0
4750	51340	0.0	0.0	0.0	0.0
4750	51340	0.0	0.0	0.0	0.0
4750	51340	0.0	0.0	0.0	0.0
4750	51340	0.0	0.0	0.0	0.0
4750	51340	0.0	0.0	0.0	0.0
4750	51340	0.0	0.0	0.0	0.0
4750	51340	0.0	0.0	0.0	0.0
4750	51340	0.0	0.0	0.0	0.0
4750	51340	0.0	0.0	0.0	0.0
4750	51340	0.0	0.0	0.0	0.0
4750	51340	0.0	0.0	0.0	0.0
4750	51340	0.0	0.0	0.0	0.0
4750	51340	0.0	0.0	0.0	0.0
4750	51340	0.0	0.0	0.0	0.0
4750	51340	0.0	0.0	0.0	0.0
4750	51340	0.0	0.0	0.0	0.0
4750	51340	0.0	0.0	0.0	0.0
4750	51340	0.0	0.0	0.0	0.0
4750	51340	0.0	0.0	0.0	0.0
4750	51340	0.0	0.0	0.0	0.0
4750	51340	0.0	0.0	0.0	0.0
4750	51340	0.0	0.0	0.0	0.0
4750	51340	0.0	0.0	0.0	0.0
4750	51340	0.0	0.0	0.0	0.0
4750	51340	0.0	0.0	0.0	0.0
4750	51340	0.0	0.0	0.0	0.0
4750	51340	0.0	0.0	0.0	0.0
4750	51340	0.0	0.0	0.0	0.0
4750	51340	0.0	0.0	0.0	0.0
4750	51340	0.0	0.0	0.0	0.0
4750	51340	0.0	0.0	0.0	0.0
4750	51340	0.0	0.0	0.0	0.0
4750	51340	0.0	0.0	0.0	0.0
4750	51340	0.0	0.0	0.0	0.0
4750	51340	0.0	0.0	0.0	0.0
4750	51340	0.0	0.0	0.0	0.0
4750	51340	0.0	0.0	0.0	0.0
4750	51340	0.0	0.0	0.0	0.0
4750	51340	0.0	0.0	0.0	0.0
4750	51340	0.0	0.0	0.0	0.0
4750	51340	0.0	0.0	0.0	0.0
4750	51340	0.0	0.0	0.0	0.0
4750	51340	0.0	0.0	0.0	0.0
4750	51340	0.0	0.0	0.0	0.0
4750	51340	0.0	0.0	0.0	0.0
4750	51347	0.25	0.0	0.0	0.0
4750	51347	0.14	0.078	0.172	0.062
4750	51347	0.126	0.11	0.25	0.236
4750	51347	0.108	0.031	0.157	0.139
4750	51347	0.063	0.25	0.358	0.313
4750	51347	0.093	0.313	0.376	0.406
4750	51347	0.078	0.469	0.562	0.547
4750	51347	0.092	0.048	0.126	0.14
4750	51347	0.094	0.016	0.108	0.11
4750	51347	0.111	0.016	0.11	0.127
4750	51347	0.11	0.06	0.171	0.17
4750	51347	0.077	0.03	0.08	0.047
4750	51347	0.125	0.109	0.186	0.234
4750	51347	0.174	0.031	0.156	0.205
4750	51347	0.158	0.095	0.079	0.063
4750	51347	0.094	0.063	0.095	0.031
4750	51347	0.155	0.061	0.155	0.216
4750	51347	0.094	0.046	0.109	0.048
4750	51347	0.203	0.046	0.048	0.157
4750	51347	0.141	0.048	0.155	0.093
4750	51347	0.157	0.109	0.25	0.266
4750	51347	0.125	0.062	0.095	0.063
4750	51347	0.095	0.077	0.202	0.172
4750	51347	0.0	0.0	0.0	0.0
4750	51347	0.0	0.0	0.0	0.0
4750	51347	0.0	0.0	0.0	0.0
4750	51347	0.0	0.0	0.0	0.0
4750	51347	0.0	0.0	0.0	0.0
4750	51347	0.0	0.0	0.0	0.0
4750	51347	0.0	0.0	0.0	0.0
4750	51347	0.0	0.0	0.0	0.0
4750	51347	0.0	0.0	0.0	0.0
4750	51347	0.0	0.0	0.0	0.0
4750	51347	0.0	0.0	0.0	0.0
4750	51347	0.0	0.0	0.0	0.0
4750	51347	0.0	0.0	0.0	0.0
4750	51347	0.0	0.0	0.0	0.0
4750	51347	0.0	0.0	0.0	0.0
4750	51347	0.0	0.0	0.0	0.0
4750	51347	0.0	0.0	0.0	0.0
4750	51347	0.0	0.0	0.0	0.0
4750	51347	0.0	0.0	0.0	0.0
4750	51347	0.0	0.0	0.0	0.0
4750	51347	0.0	0.0	0.0	0.0
4750	51347	0.0	0.0	0.0	0.0
4750	51347	0.0	0.0	0.0	0.0
4750	51347	0.0	0.0	0.0	0.0
4750	51347	0.0	0.0	0.0	0.0
4750	51347	0.0	0.0	0.0	0.0
4750	51347	0.0	0.0	0.0	0.0
4750	51347	0.0	0.0	0.0	0.0
4750	51347	0.0	0.0	0.0	0.0
4750	51347	0.0	0.0	0.0	0.0
4750	51347	0.0	0.0	0.0	0.0
4750	51347	0.0	0.0	0.0	0.0
4750	51347	0.0	0.0	0.0	0.0
4750	51347	0.0	0.0	0.0	0.0
4750	51347	0.0	0.0	0.0	0.0
4750	51347	0.0	0.0	0.0	0.0
4750	51347	0.0	0.0	0.0	0.0
4750	51347	0.0	0.0	0.0	0.0
4750	51347	0.0	0.0	0.0	0.0
4750	51347	0.0	0.0	0.0	0.0
4750	51347	0.0	0.0	0.0	0.0
4750	51347	0.0	0.0	0.0	0.0
4750	51347	0.0	0.0	0.0	0.0
4750	51347	0.0	0.0	0.0	0.0
4750	51347	0.0	0.0	0.0	0.0
4750	51347	0.0	0.0	0.0	0.0
4750	51347	0.0	0.0	0.0	0.0
4750	51354	0.186	0.0	0.0	0.0
4750	51354	0.203	0.078	0.108	0.125
4750	51354	0.126	0.062	0.141	0.064
4750	51354	0.11	0.001	0.125	0.109
4750	51354	0.076	0.048	0.158	0.124
4750	51354	0.187	0.141	0.217	0.328
4750	51354	0.127	0.078	0.109	0.049
4750	51354	0.12	0.029	0.098	0.091
4750	51354	0.095	0.049	0.169	0.144
4750	51354	0.109	0.06	0.155	0.169
4750	51354	0.187	0.313	0.422	0.5
4750	51354	0.141	0.046	0.141	0.095
4750	51354	0.11	0.015	0.156	0.125
4750	51354	0.111	0.017	0.093	0.094
4750	51354	0.126	0.049	0.062	0.077
4750	51354	0.125	0.0	0.126	0.125
4750	51354	0.093	0.219	0.344	0.312
4750	51354	0.08	0.063	0.156	0.143
4750	51354	0.107	0.096	0.176	0.203
4750	51354	0.127	0.017	0.09	0.11
4750	51354	0.081	0.029	0.156	0.11
4750	51354	0.107	0.406	0.487	0.513
4750	51354	0.127	0.03	0.137	0.157
4750	51354	0.109	0.031	0.158	0.14
4750	51354	0.094	0.062	0.171	0.156
4750	51354	0.078	0.0	0.094	0.078
4750	51354	0.141	0.047	0.125	0.188
4750	51354	0.093	0.141	0.282	0.234
4750	51354	0.11	0.109	0.202	0.219
4750	51354	0.093	0.094	0.204	0.187
4750	51354	0.108	0.014	0.079	0.094
4750	51354	0.108	0.033	0.141	0.141
4750	51354	0.109	0.203	0.311	0.312
4750	51354	0.063	0.063	0.172	0.126
4750	51354	0.124	0.093	0.156	0.217
4750	51354	0.063	0.126	0.25	0.189
4750	51354	0.109	0.452	0.515	0.561
4750	51354	0.091	0.035	0.144	0.126
4750	51354	0.096	0.109	0.2	0.205
4750	51354	0.206	0.049	0.047	0.157
4750	51354	0.126	0.049	0.157	0.077
4750	51354	0.125	0.063	0.063	0.062
4750	51354	0.156	0.187	0.312	0.343
4750	51354	0.17	0.061	0.095	0.109
4750	51354	0.173	0.078	0.092	0.095
4750	51354	0.109	0.0	0.173	0.109
4750	51354	0.142	0.061	0.17	0.203
4750	51354	0.157	0.064	0.078	0.093
4750	51354	0.123	0.06	0.097	0.063
4750	51354	0.049	0.124	0.247	0.173
4750	51354	0.109	0.201	0.25	0.31
4750	51354	0.079	0.063	0.172	0.142
4750	51354	0.094	0.218	0.297	0.312
4750	51354	0.047	0.062	0.156	0.109
4750	51354	0.125	0.156	0.203	0.281
4750	51354	0.171	0.001	0.126	0.172
4750	51354	0.172	0.062	0.109	0.11
4750	51354	0.125	0.079	0.093	0.046
4750	51354	0.092	0.002	0.127	0.094
4750	51354	0.0	0.0	0.0	0.0
4750	51354	0.0	0.0	0.0	0.0
4750	51354	0.0	0.0	0.0	0.0
4750	51354	0.0	0.0	0.0	0.0
4750	51354	0.0	0.0	0.0	0.0
4750	51354	0.0	0.0	0.0	0.0
4750	51354	0.0	0.0	0.0	0.0
4750	51354	0.0	0.0	0.0	0.0
4750	51354	0.0	0.0	0.0	0.0
4750	51354	0.0	0.0	0.0	0.0
4750	51354	0.0	0.0	0.0	0.0
4750	51369	0.311	0.0	0.0	0.0
4750	51369	0.155	0.109	0.202	0.046
4750	51369	0.086	0.015	0.14	0.071
4750	51369	0.099	0.033	0.119	0.132
4750	51369	0.095	0.031	0.13	0.126
4750	51369	0.094	0.015	0.08	0.079
4750	51369	0.109	0.014	0.108	0.123
4750	51369	0.142	0.015	0.094	0.127
4750	51369	0.108	0.016	0.126	0.092
4750	51369	0.11	0.046	0.154	0.156
4750	51369	0.093	0.064	0.174	0.157
4750	51369	0.117	0.015	0.108	0.132
4750	51369	0.096	0.016	0.133	0.112
4750	51369	0.109	0.041	0.137	0.15
4750	51369	0.122	0.0	0.109	0.122
4750	51369	0.184	0.059	0.063	0.125
4750	51369	0.126	0.11	0.074	0.016
4750	51369	0.079	0.031	0.157	0.11
4750	51369	0.191	0.029	0.108	0.22
4750	51369	0.161	0.096	0.095	0.065
4750	51369	0.155	0.066	0.095	0.089
4750	51369	0.094	0.001	0.154	0.093
4750	51369	0.174	0.015	0.079	0.159
4750	51369	0.204	0.034	0.14	0.17
4750	51369	0.109	0.079	0.125	0.03
4750	51369	0.079	0.015	0.094	0.064
4750	51369	0.156	0.125	0.204	0.281
4750	51369	0.125	0.063	0.093	0.062
4750	51369	0.125	0.032	0.093	0.093
4750	51369	0.079	0.047	0.172	0.126
4750	51369	0.062	0.094	0.173	0.156
4750	51369	0.124	0.015	0.047	0.109
4750	51369	0.095	0.016	0.14	0.111
4750	51369	0.109	0.03	0.125	0.139
4750	51369	0.08	0.048	0.157	0.128
4750	51369	0.218	0.092	0.172	0.31
4750	51369	0.156	0.093	0.125	0.063
4750	51369	0.159	0.048	0.108	0.111
4750	51369	0.467	0.032	0.127	0.435
4750	51369	0.048	0.234	0.233	0.186
4750	51369	0.22	0.014	0.062	0.234
4750	51369	0.143	0.062	0.282	0.205
4750	51369	0.126	0.122	0.265	0.248
4750	51369	0.169	0.03	0.096	0.139
4750	51369	0.112	0.016	0.185	0.128
4750	51369	0.123	0.018	0.13	0.141
4750	51369	0.11	0.013	0.136	0.123
4750	51369	0.153	0.029	0.081	0.124
4750	51369	0.14	0.028	0.125	0.112
4750	51369	0.076	0.001	0.139	0.075
4750	51369	0.142	0.095	0.171	0.237
4750	51369	0.234	0.017	0.125	0.217
4750	51369	0.11	0.063	0.171	0.047
4750	51369	0.123	0.029	0.081	0.094
4750	51369	0.05	0.109	0.232	0.159
4750	51369	0.062	0.389	0.439	0.451
4750	51369	0.093	0.375	0.437	0.468
4750	51369	0.092	0.095	0.188	0.187
4750	51369	0.079	0.078	0.17	0.157
4750	51369	0.078	0.063	0.142	0.141
4750	51369	0.076	0.078	0.156	0.154
4750	51369	0.235	0.063	0.139	0.298
4750	51369	0.093	0.657	0.892	0.75
4750	51369	0.112	0.033	0.126	0.145
4750	51369	0.125	0.074	0.186	0.199
4750	51369	0.157	0.625	0.75	0.782
4750	51369	0.189	0.048	0.109	0.141
4750	51369	0.125	0.064	0.125	0.061
4750	51369	0.14	0.015	0.11	0.125
4750	51369	0.093	0.079	0.219	0.172
