PARTICIPANT_ID	TEST_SECTION_ID	HOLD_LATENCY	INTERKEY_LATENCY	PRESS_LATENCY	RELEASE_LATENCY
4933	52227	0.284	0.0	0.0	0.0
4933	52227	0.168	0.061	0.223	0.107
4933	52227	0.175	0.136	0.304	0.311
4933	52227	0.184	0.177	0.352	0.361
4933	52227	0.224	0.24	0.424	0.464
4933	52227	0.215	0.072	0.296	0.287
4933	52227	0.152	0.057	0.272	0.209
4933	52227	0.128	0.184	0.336	0.312
4933	52227	0.158	0.138	0.266	0.296
4933	52227	0.136	0.048	0.206	0.184
4933	52227	0.143	0.12	0.256	0.263
4933	52227	0.16	0.089	0.232	0.249
4933	52227	0.186	0.266	0.426	0.452
4933	52227	0.16	0.044	0.142	0.116
4933	52227	0.16	0.256	0.416	0.416
4933	52227	1.275	0.288	0.448	1.563
4933	52227	0.104	0.629	1.904	0.733
4933	52227	0.127	0.136	0.24	0.263
4933	52227	0.136	0.057	0.184	0.193
4933	52227	0.167	0.136	0.272	0.303
4933	52227	0.176	0.425	0.592	0.601
4933	52227	0.144	0.031	0.207	0.175
4933	52227	0.106	0.065	0.209	0.171
4933	52227	0.136	0.03	0.136	0.166
4933	52227	0.104	0.048	0.184	0.152
4933	52227	0.084	0.061	0.043	0.023
4933	52227	0.15	0.146	0.23	0.296
4933	52227	0.144	0.241	0.391	0.385
4933	52227	0.175	0.048	0.192	0.223
4933	52227	0.158	0.114	0.061	0.044
4933	52227	0.096	0.003	0.155	0.093
4933	52227	0.115	0.032	0.128	0.147
4933	52227	0.072	0.173	0.288	0.245
4933	52227	0.143	0.416	0.488	0.559
4933	52227	0.168	0.065	0.208	0.233
4933	52227	0.152	0.024	0.144	0.128
4933	52227	0.111	0.064	0.216	0.175
4933	52227	0.144	0.153	0.264	0.297
4933	52227	0.089	0.024	0.12	0.065
4933	52227	0.176	0.191	0.28	0.367
4933	52227	0.16	0.032	0.144	0.128
4933	52227	0.192	0.2	0.36	0.392
4933	52227	0.12	0.032	0.16	0.088
4933	52227	0.127	0.168	0.288	0.295
4933	52227	0.137	0.184	0.311	0.321
4933	52227	0.155	0.015	0.152	0.17
4933	52227	0.283	0.05	0.105	0.233
4933	52227	0.119	0.059	0.224	0.06
4933	52227	0.144	0.049	0.168	0.193
4933	52227	0.144	0.024	0.168	0.168
4933	52227	0.143	0.016	0.128	0.127
4933	52227	0.104	0.031	0.112	0.073
4933	52227	0.088	0.184	0.288	0.272
4933	52227	0.168	0.4	0.488	0.568
4933	52227	0.161	0.096	0.264	0.257
4933	52227	0.063	0.335	0.496	0.398
4933	52227	0.151	0.449	0.512	0.6
4933	52227	0.137	0.296	0.447	0.433
4933	52227	0.136	0.176	0.313	0.312
4933	52227	0.168	0.008	0.128	0.16
4933	52227	0.091	0.583	0.751	0.674
4933	52227	0.168	0.078	0.169	0.246
4933	52227	0.191	0.016	0.184	0.207
4933	52227	0.207	0.065	0.256	0.272
4933	52227	0.072	0.008	0.215	0.08
4933	52227	0.071	0.185	0.257	0.256
4933	52227	0.175	0.161	0.232	0.336
4933	52227	0.183	0.065	0.24	0.248
4933	52227	0.159	0.193	0.376	0.352
4933	52227	0.159	0.129	0.288	0.288
4933	52267	0.656	0.0	0.0	0.0
4933	52267	0.112	0.143	0.513	0.031
4933	52267	0.127	0.208	0.32	0.335
4933	52267	0.216	0.288	0.415	0.504
4933	52267	0.167	0.29	0.506	0.457
4933	52267	0.143	0.344	0.511	0.487
4933	52267	0.16	0.024	0.167	0.184
4933	52267	0.12	0.041	0.201	0.161
4933	52267	0.128	0.007	0.127	0.135
4933	52267	0.152	0.129	0.257	0.281
4933	52267	0.112	0.271	0.423	0.383
4933	52267	0.129	0.009	0.121	0.138
4933	52267	0.136	0.047	0.176	0.183
4933	52267	0.127	0.001	0.137	0.128
4933	52267	0.191	0.184	0.311	0.375
4933	52267	0.12	0.329	0.52	0.449
4933	52267	0.128	0.112	0.232	0.24
4933	52267	0.119	0.072	0.2	0.191
4933	52267	0.155	0.166	0.285	0.321
4933	52267	0.184	0.016	0.171	0.2
4933	52267	0.119	0.048	0.232	0.167
4933	52267	0.143	0.217	0.336	0.36
4933	52267	0.16	0.233	0.376	0.393
4933	52267	0.143	0.032	0.192	0.175
4933	52267	0.136	0.001	0.144	0.137
4933	52267	0.111	0.016	0.152	0.127
4933	52267	0.127	0.209	0.32	0.336
4933	52267	0.136	0.088	0.215	0.224
4933	52267	0.105	0.136	0.272	0.241
4933	52267	0.087	0.072	0.177	0.159
4933	52267	0.063	0.433	0.52	0.496
4933	52267	0.105	0.136	0.199	0.241
4933	52267	0.135	0.088	0.193	0.223
4933	52267	0.104	0.08	0.215	0.184
4933	52267	0.112	0.24	0.344	0.352
4933	52267	0.135	0.026	0.138	0.161
4933	52267	0.112	0.032	0.167	0.144
4933	52267	0.096	0.144	0.256	0.24
4933	52267	0.208	0.031	0.127	0.239
4933	52267	0.094	0.022	0.186	0.072
4933	52267	0.144	0.129	0.223	0.273
4933	52267	0.12	0.048	0.192	0.168
4933	52267	0.128	0.023	0.143	0.151
4933	52267	0.119	0.033	0.161	0.152
4933	52267	0.111	0.169	0.288	0.28
4933	52267	0.176	0.049	0.16	0.225
4933	52267	0.183	0.016	0.16	0.167
4933	52267	0.136	0.015	0.168	0.121
4933	52267	0.183	0.04	0.176	0.223
4933	52267	0.272	0.089	0.272	0.361
4933	52267	0.063	0.088	0.184	0.025
4933	52267	0.142	0.058	0.121	0.2
4933	52267	0.161	0.008	0.134	0.153
4933	52267	0.166	0.007	0.168	0.173
4933	52267	0.078	0.077	0.089	0.001
4933	52267	0.104	0.17	0.248	0.274
4933	52267	0.112	0.024	0.128	0.136
4933	52267	0.08	0.023	0.135	0.103
4933	52267	0.12	0.016	0.096	0.136
4933	52267	0.096	0.112	0.232	0.208
4933	52267	0.111	0.001	0.097	0.112
4933	52267	0.064	0.088	0.199	0.152
4933	52267	0.064	0.736	0.8	0.8
4933	52267	0.0	0.0	0.0	0.0
4933	52267	0.0	0.0	0.0	0.0
4933	52267	0.0	0.0	0.0	0.0
4933	52267	0.0	0.0	0.0	0.0
4933	52267	0.0	0.0	0.0	0.0
4933	52267	0.0	0.0	0.0	0.0
4933	52267	0.0	0.0	0.0	0.0
4933	52296	0.223	0.0	0.0	0.0
4933	52296	0.088	0.103	0.12	0.015
4933	52296	0.119	0.168	0.256	0.287
4933	52296	0.193	0.552	0.671	0.745
4933	52296	0.151	0.008	0.185	0.143
4933	52296	0.079	0.031	0.12	0.048
4933	52296	0.176	0.169	0.248	0.345
4933	52296	0.095	0.001	0.177	0.096
4933	52296	0.159	0.216	0.311	0.375
4933	52296	0.175	0.015	0.144	0.16
4933	52296	0.135	0.015	0.16	0.12
4933	52296	0.143	0.033	0.168	0.176
4933	52296	0.159	0.041	0.184	0.2
4933	52296	0.183	0.057	0.216	0.24
4933	52296	0.151	0.017	0.2	0.168
4933	52296	0.128	0.305	0.456	0.433
4933	52296	0.184	0.048	0.176	0.232
4933	52296	0.2	0.048	0.232	0.248
4933	52296	0.137	0.232	0.432	0.369
4933	52296	0.144	0.025	0.112	0.119
4933	52296	0.168	0.368	0.512	0.536
4933	52296	0.129	0.015	0.183	0.144
4933	52296	0.144	0.207	0.336	0.351
4933	52296	0.136	0.016	0.16	0.152
4933	52296	0.16	0.225	0.361	0.385
4933	52296	0.183	0.504	0.664	0.687
4933	52296	0.127	0.081	0.264	0.208
4933	52296	0.161	0.152	0.279	0.313
4933	52296	0.087	0.032	0.193	0.119
4933	52296	0.208	0.073	0.16	0.281
4933	52296	0.143	0.048	0.16	0.095
4933	52296	0.121	0.088	0.231	0.209
4933	52296	0.147	0.183	0.304	0.33
4933	52296	0.08	0.557	0.704	0.637
4933	52296	0.0	0.0	0.0	0.0
4933	52296	0.0	0.0	0.0	0.0
4933	52296	0.0	0.0	0.0	0.0
4933	52296	0.0	0.0	0.0	0.0
4933	52296	0.0	0.0	0.0	0.0
4933	52296	0.0	0.0	0.0	0.0
4933	52296	0.0	0.0	0.0	0.0
4933	52296	0.0	0.0	0.0	0.0
4933	52296	0.0	0.0	0.0	0.0
4933	52296	0.0	0.0	0.0	0.0
4933	52296	0.0	0.0	0.0	0.0
4933	52296	0.0	0.0	0.0	0.0
4933	52296	0.0	0.0	0.0	0.0
4933	52296	0.0	0.0	0.0	0.0
4933	52296	0.0	0.0	0.0	0.0
4933	52296	0.0	0.0	0.0	0.0
4933	52296	0.0	0.0	0.0	0.0
4933	52296	0.0	0.0	0.0	0.0
4933	52296	0.0	0.0	0.0	0.0
4933	52296	0.0	0.0	0.0	0.0
4933	52296	0.0	0.0	0.0	0.0
4933	52296	0.0	0.0	0.0	0.0
4933	52296	0.0	0.0	0.0	0.0
4933	52296	0.0	0.0	0.0	0.0
4933	52296	0.0	0.0	0.0	0.0
4933	52296	0.0	0.0	0.0	0.0
4933	52296	0.0	0.0	0.0	0.0
4933	52296	0.0	0.0	0.0	0.0
4933	52296	0.0	0.0	0.0	0.0
4933	52296	0.0	0.0	0.0	0.0
4933	52296	0.0	0.0	0.0	0.0
4933	52296	0.0	0.0	0.0	0.0
4933	52296	0.0	0.0	0.0	0.0
4933	52296	0.0	0.0	0.0	0.0
4933	52296	0.0	0.0	0.0	0.0
4933	52296	0.0	0.0	0.0	0.0
4933	52316	0.256	0.0	0.0	0.0
4933	52316	0.103	0.151	0.105	0.048
4933	52316	0.135	0.105	0.208	0.24
4933	52316	0.16	0.08	0.215	0.24
4933	52316	0.191	0.049	0.209	0.24
4933	52316	0.175	0.065	0.256	0.24
4933	52316	0.248	0.032	0.143	0.216
4933	52316	0.121	0.096	0.152	0.025
4933	52316	0.152	0.007	0.128	0.159
4933	52316	0.183	0.049	0.201	0.232
4933	52316	0.16	0.008	0.175	0.152
4933	52316	0.096	0.032	0.128	0.064
4933	52316	0.119	0.153	0.249	0.272
4933	52316	0.143	0.593	0.712	0.736
4933	52316	0.106	0.048	0.191	0.154
4933	52316	0.128	0.15	0.256	0.278
4933	52316	0.175	0.305	0.433	0.48
4933	52316	0.095	0.153	0.328	0.248
4933	52316	0.095	0.098	0.193	0.193
4933	52316	0.088	0.119	0.214	0.207
4933	52316	0.152	0.145	0.233	0.297
4933	52316	0.282	0.0	0.152	0.282
4933	52316	0.107	0.09	0.192	0.017
4933	52316	0.144	0.019	0.088	0.125
4933	52316	0.136	0.111	0.255	0.247
4933	52316	0.16	0.001	0.137	0.161
4933	52316	0.152	0.087	0.247	0.239
4933	52316	0.095	0.193	0.345	0.288
4933	52316	0.095	0.017	0.112	0.112
4933	52316	0.151	0.161	0.256	0.312
4933	52316	0.144	0.336	0.487	0.48
4933	52316	0.184	0.105	0.249	0.289
4933	52316	0.128	0.184	0.368	0.312
4933	52316	0.158	0.001	0.129	0.159
4933	52316	0.184	0.055	0.103	0.129
4933	52316	0.2	0.2	0.384	0.4
4933	52316	0.143	0.032	0.232	0.175
4933	52316	0.06	0.073	0.216	0.133
4933	52316	0.112	0.132	0.192	0.244
4933	52316	0.08	0.183	0.295	0.263
4933	52316	0.119	0.169	0.249	0.288
4933	52316	0.169	0.184	0.303	0.353
4933	52316	0.132	0.019	0.188	0.151
4933	52316	0.192	0.04	0.172	0.232
4933	52316	0.151	0.015	0.177	0.136
4933	52316	0.127	0.193	0.344	0.32
4933	52316	0.159	0.001	0.128	0.16
4933	52316	0.151	0.007	0.152	0.144
4933	52316	0.28	0.015	0.136	0.265
4933	52316	0.087	0.337	0.617	0.424
4933	52316	0.159	0.16	0.247	0.319
4933	52316	0.096	0.015	0.144	0.081
4933	52316	0.092	0.176	0.272	0.268
4933	52316	0.105	0.124	0.216	0.229
4933	52316	0.151	0.287	0.392	0.438
4933	52316	0.159	0.185	0.336	0.344
4933	52316	0.151	0.017	0.176	0.168
4933	52316	0.192	0.113	0.264	0.305
4933	52316	0.159	0.016	0.208	0.175
4933	52316	0.089	0.008	0.167	0.097
4933	52316	0.066	0.183	0.272	0.249
4933	52316	0.088	0.783	0.849	0.871
4933	52316	0.0	0.0	0.0	0.0
4933	52316	0.0	0.0	0.0	0.0
4933	52316	0.0	0.0	0.0	0.0
4933	52316	0.0	0.0	0.0	0.0
4933	52316	0.0	0.0	0.0	0.0
4933	52316	0.0	0.0	0.0	0.0
4933	52316	0.0	0.0	0.0	0.0
4933	52316	0.0	0.0	0.0	0.0
4933	52345	0.233	0.0	0.0	0.0
4933	52345	0.143	0.112	0.121	0.031
4933	52345	0.048	0.977	1.12	1.025
4933	52345	0.089	1.024	1.072	1.113
4933	52345	0.12	0.103	0.192	0.223
4933	52345	0.184	0.072	0.192	0.256
4933	52345	0.184	0.192	0.376	0.376
4933	52345	0.103	0.152	0.336	0.255
4933	52345	0.175	0.257	0.36	0.432
4933	52345	0.127	0.641	0.816	0.768
4933	52345	0.056	0.425	0.552	0.481
4933	52345	0.079	0.336	0.392	0.415
4933	52345	0.16	0.393	0.472	0.553
4933	52345	0.307	0.543	0.703	0.85
4933	52345	0.151	0.206	0.513	0.357
4933	52345	0.12	0.137	0.288	0.257
4933	52345	0.167	0.104	0.224	0.271
4933	52345	0.111	0.033	0.2	0.144
4933	52345	0.136	0.121	0.232	0.257
4933	52345	0.112	0.064	0.2	0.176
4933	52345	0.136	0.56	0.672	0.696
4933	52345	0.167	0.104	0.24	0.271
4933	52345	0.111	0.081	0.248	0.192
4933	52345	0.167	0.345	0.456	0.512
4933	52345	0.128	0.017	0.184	0.145
4933	52345	0.127	0.144	0.272	0.271
4933	52345	0.191	0.025	0.152	0.216
4933	52345	0.112	0.008	0.199	0.12
4933	52345	0.121	0.136	0.248	0.257
4933	52345	0.071	0.952	1.073	1.023
4933	52345	0.0	0.0	0.0	0.0
4933	52345	0.0	0.0	0.0	0.0
4933	52345	0.0	0.0	0.0	0.0
4933	52345	0.0	0.0	0.0	0.0
4933	52345	0.0	0.0	0.0	0.0
4933	52345	0.0	0.0	0.0	0.0
4933	52345	0.0	0.0	0.0	0.0
4933	52345	0.0	0.0	0.0	0.0
4933	52345	0.0	0.0	0.0	0.0
4933	52345	0.0	0.0	0.0	0.0
4933	52345	0.0	0.0	0.0	0.0
4933	52345	0.0	0.0	0.0	0.0
4933	52345	0.0	0.0	0.0	0.0
4933	52345	0.0	0.0	0.0	0.0
4933	52345	0.0	0.0	0.0	0.0
4933	52345	0.0	0.0	0.0	0.0
4933	52345	0.0	0.0	0.0	0.0
4933	52345	0.0	0.0	0.0	0.0
4933	52345	0.0	0.0	0.0	0.0
4933	52345	0.0	0.0	0.0	0.0
4933	52345	0.0	0.0	0.0	0.0
4933	52345	0.0	0.0	0.0	0.0
4933	52345	0.0	0.0	0.0	0.0
4933	52345	0.0	0.0	0.0	0.0
4933	52345	0.0	0.0	0.0	0.0
4933	52345	0.0	0.0	0.0	0.0
4933	52345	0.0	0.0	0.0	0.0
4933	52345	0.0	0.0	0.0	0.0
4933	52345	0.0	0.0	0.0	0.0
4933	52345	0.0	0.0	0.0	0.0
4933	52345	0.0	0.0	0.0	0.0
4933	52345	0.0	0.0	0.0	0.0
4933	52345	0.0	0.0	0.0	0.0
4933	52345	0.0	0.0	0.0	0.0
4933	52345	0.0	0.0	0.0	0.0
4933	52345	0.0	0.0	0.0	0.0
4933	52345	0.0	0.0	0.0	0.0
4933	52345	0.0	0.0	0.0	0.0
4933	52345	0.0	0.0	0.0	0.0
4933	52345	0.0	0.0	0.0	0.0
4933	52364	0.374	0.0	0.0	0.0
4933	52364	0.144	0.054	0.32	0.09
4933	52364	0.111	0.345	0.489	0.456
4933	52364	0.159	0.153	0.264	0.312
4933	52364	0.145	0.048	0.207	0.193
4933	52364	0.09	0.432	0.577	0.522
4933	52364	0.135	0.002	0.088	0.133
4933	52364	0.143	0.177	0.312	0.32
4933	52364	0.176	0.008	0.151	0.184
4933	52364	0.095	0.007	0.169	0.088
4933	52364	0.152	0.2	0.295	0.352
4933	52364	0.119	0.113	0.265	0.232
4933	52364	0.103	0.433	0.552	0.536
4933	52364	0.096	0.017	0.12	0.113
4933	52364	0.103	0.072	0.168	0.175
4933	52364	0.152	0.145	0.248	0.297
4933	52364	0.089	0.017	0.135	0.072
4933	52364	0.353	0.367	0.456	0.72
4933	52364	0.127	0.12	0.233	0.007
4933	52364	0.0	0.0	0.0	0.0
4933	52364	0.0	0.0	0.0	0.0
4933	52364	0.0	0.0	0.0	0.0
4933	52364	0.0	0.0	0.0	0.0
4933	52364	0.0	0.0	0.0	0.0
4933	52364	0.0	0.0	0.0	0.0
4933	52364	0.0	0.0	0.0	0.0
4933	52364	0.0	0.0	0.0	0.0
4933	52364	0.0	0.0	0.0	0.0
4933	52364	0.0	0.0	0.0	0.0
4933	52364	0.0	0.0	0.0	0.0
4933	52364	0.0	0.0	0.0	0.0
4933	52364	0.0	0.0	0.0	0.0
4933	52364	0.0	0.0	0.0	0.0
4933	52364	0.0	0.0	0.0	0.0
4933	52364	0.0	0.0	0.0	0.0
4933	52364	0.0	0.0	0.0	0.0
4933	52364	0.0	0.0	0.0	0.0
4933	52364	0.0	0.0	0.0	0.0
4933	52364	0.0	0.0	0.0	0.0
4933	52364	0.0	0.0	0.0	0.0
4933	52364	0.0	0.0	0.0	0.0
4933	52364	0.0	0.0	0.0	0.0
4933	52364	0.0	0.0	0.0	0.0
4933	52364	0.0	0.0	0.0	0.0
4933	52364	0.0	0.0	0.0	0.0
4933	52364	0.0	0.0	0.0	0.0
4933	52364	0.0	0.0	0.0	0.0
4933	52364	0.0	0.0	0.0	0.0
4933	52364	0.0	0.0	0.0	0.0
4933	52364	0.0	0.0	0.0	0.0
4933	52364	0.0	0.0	0.0	0.0
4933	52364	0.0	0.0	0.0	0.0
4933	52364	0.0	0.0	0.0	0.0
4933	52364	0.0	0.0	0.0	0.0
4933	52364	0.0	0.0	0.0	0.0
4933	52364	0.0	0.0	0.0	0.0
4933	52364	0.0	0.0	0.0	0.0
4933	52364	0.0	0.0	0.0	0.0
4933	52364	0.0	0.0	0.0	0.0
4933	52364	0.0	0.0	0.0	0.0
4933	52364	0.0	0.0	0.0	0.0
4933	52364	0.0	0.0	0.0	0.0
4933	52364	0.0	0.0	0.0	0.0
4933	52364	0.0	0.0	0.0	0.0
4933	52364	0.0	0.0	0.0	0.0
4933	52364	0.0	0.0	0.0	0.0
4933	52364	0.0	0.0	0.0	0.0
4933	52364	0.0	0.0	0.0	0.0
4933	52364	0.0	0.0	0.0	0.0
4933	52364	0.0	0.0	0.0	0.0
4933	52375	0.257	0.0	0.0	0.0
4933	52375	0.103	0.12	0.137	0.017
4933	52375	0.121	0.128	0.231	0.249
4933	52375	0.135	0.024	0.145	0.159
4933	52375	0.111	0.041	0.176	0.152
4933	52375	0.136	0.073	0.184	0.209
4933	52375	0.104	0.519	0.655	0.623
4933	52375	0.183	0.041	0.145	0.224
4933	52375	0.145	0.008	0.191	0.153
4933	52375	0.088	0.119	0.264	0.207
4933	52375	0.14	0.513	0.601	0.653
4933	52375	0.136	0.347	0.487	0.483
4933	52375	0.16	0.016	0.152	0.176
4933	52375	0.105	0.224	0.384	0.329
4933	52375	0.103	0.12	0.225	0.223
4933	52375	0.233	0.064	0.167	0.297
4933	52375	0.184	0.072	0.161	0.112
4933	52375	0.151	0.072	0.256	0.223
4933	52375	0.167	0.033	0.184	0.2
4933	52375	0.128	0.016	0.183	0.144
4933	52375	0.184	0.049	0.177	0.233
4933	52375	0.137	0.016	0.2	0.153
4933	52375	0.087	0.048	0.089	0.039
4933	52375	0.104	0.176	0.263	0.28
4933	52375	0.082	0.687	0.791	0.769
4933	52375	0.0	0.0	0.0	0.0
4933	52375	0.0	0.0	0.0	0.0
4933	52375	0.0	0.0	0.0	0.0
4933	52375	0.0	0.0	0.0	0.0
4933	52375	0.0	0.0	0.0	0.0
4933	52375	0.0	0.0	0.0	0.0
4933	52375	0.0	0.0	0.0	0.0
4933	52375	0.0	0.0	0.0	0.0
4933	52375	0.0	0.0	0.0	0.0
4933	52375	0.0	0.0	0.0	0.0
4933	52375	0.0	0.0	0.0	0.0
4933	52375	0.0	0.0	0.0	0.0
4933	52375	0.0	0.0	0.0	0.0
4933	52375	0.0	0.0	0.0	0.0
4933	52375	0.0	0.0	0.0	0.0
4933	52375	0.0	0.0	0.0	0.0
4933	52375	0.0	0.0	0.0	0.0
4933	52375	0.0	0.0	0.0	0.0
4933	52375	0.0	0.0	0.0	0.0
4933	52375	0.0	0.0	0.0	0.0
4933	52375	0.0	0.0	0.0	0.0
4933	52375	0.0	0.0	0.0	0.0
4933	52375	0.0	0.0	0.0	0.0
4933	52375	0.0	0.0	0.0	0.0
4933	52375	0.0	0.0	0.0	0.0
4933	52375	0.0	0.0	0.0	0.0
4933	52375	0.0	0.0	0.0	0.0
4933	52375	0.0	0.0	0.0	0.0
4933	52375	0.0	0.0	0.0	0.0
4933	52375	0.0	0.0	0.0	0.0
4933	52375	0.0	0.0	0.0	0.0
4933	52375	0.0	0.0	0.0	0.0
4933	52375	0.0	0.0	0.0	0.0
4933	52375	0.0	0.0	0.0	0.0
4933	52375	0.0	0.0	0.0	0.0
4933	52375	0.0	0.0	0.0	0.0
4933	52375	0.0	0.0	0.0	0.0
4933	52375	0.0	0.0	0.0	0.0
4933	52375	0.0	0.0	0.0	0.0
4933	52375	0.0	0.0	0.0	0.0
4933	52375	0.0	0.0	0.0	0.0
4933	52375	0.0	0.0	0.0	0.0
4933	52375	0.0	0.0	0.0	0.0
4933	52375	0.0	0.0	0.0	0.0
4933	52375	0.0	0.0	0.0	0.0
4933	52390	0.416	0.0	0.0	0.0
4933	52390	0.128	0.168	0.248	0.04
4933	52390	0.129	0.232	0.36	0.361
4933	52390	0.087	0.104	0.233	0.191
4933	52390	0.191	0.449	0.536	0.64
4933	52390	0.128	0.032	0.223	0.16
4933	52390	0.191	0.137	0.265	0.328
4933	52390	0.152	0.064	0.127	0.088
4933	52390	0.136	0.072	0.224	0.208
4933	52390	0.088	0.04	0.176	0.128
4933	52390	0.151	0.153	0.241	0.304
4933	52390	0.127	0.015	0.136	0.112
4933	52390	0.191	0.033	0.16	0.224
4933	52390	0.097	0.056	0.135	0.041
4933	52390	0.105	0.167	0.264	0.272
4933	52390	0.168	0.024	0.081	0.144
4933	52390	0.151	0.112	0.28	0.263
4933	52390	0.12	0.072	0.079	0.048
4933	52390	0.191	0.169	0.289	0.36
4933	52390	0.161	0.432	0.623	0.593
4933	52390	0.12	0.048	0.209	0.168
4933	52390	0.135	0.168	0.288	0.303
4933	52390	0.128	0.008	0.143	0.136
4933	52390	0.247	0.017	0.145	0.264
4933	52390	0.122	0.064	0.183	0.058
4933	52390	0.119	0.335	0.457	0.454
4933	52390	0.128	0.048	0.167	0.176
4933	52390	0.064	0.264	0.392	0.328
4933	52390	0.111	0.121	0.185	0.232
4933	52390	0.119	0.161	0.272	0.28
4933	52390	0.111	0.041	0.16	0.152
4933	52390	0.121	0.016	0.127	0.137
4933	52390	0.156	0.268	0.389	0.424
4933	52390	0.096	0.104	0.26	0.2
4933	52390	0.087	0.12	0.216	0.207
4933	52390	0.069	0.153	0.24	0.222
4933	52390	0.063	0.395	0.464	0.458
4933	52390	0.208	0.217	0.28	0.425
4933	52390	0.152	0.28	0.488	0.432
4933	52390	0.133	0.002	0.15	0.131
4933	52390	0.16	0.004	0.129	0.156
4933	52390	0.192	0.063	0.097	0.129
4933	52390	0.136	0.048	0.144	0.088
4933	52390	0.151	0.064	0.2	0.215
4933	52390	0.194	0.068	0.083	0.126
4933	52390	0.144	0.054	0.14	0.09
4933	52390	0.128	0.008	0.152	0.136
4933	52390	0.183	0.007	0.121	0.176
4933	52390	0.129	0.176	0.359	0.305
4933	52390	0.157	0.159	0.288	0.316
4933	52390	0.119	0.06	0.097	0.059
4933	52390	0.095	0.161	0.28	0.256
4933	52390	0.097	0.192	0.287	0.289
4933	52390	0.136	0.128	0.225	0.264
4933	52390	0.183	0.072	0.208	0.255
4933	52390	0.144	0.145	0.328	0.289
4933	52390	0.224	0.199	0.343	0.423
4933	52390	0.097	0.048	0.272	0.145
4933	52390	0.128	0.017	0.08	0.111
4933	52390	0.151	0.129	0.257	0.28
4933	52390	0.137	0.016	0.167	0.153
4933	52390	0.184	0.071	0.208	0.255
4933	52390	0.095	0.129	0.313	0.224
4933	52390	0.077	0.105	0.2	0.182
4933	52390	0.061	0.139	0.216	0.2
4933	52390	0.078	0.124	0.185	0.202
4933	52390	0.095	0.121	0.199	0.216
4933	52390	0.128	0.112	0.207	0.24
4933	52390	0.135	0.241	0.369	0.376
4933	52390	0.127	0.241	0.376	0.368
4933	52411	0.575	0.0	0.0	0.0
4933	52411	0.095	0.127	0.448	0.032
4933	52411	0.121	0.168	0.263	0.289
4933	52411	0.152	0.023	0.144	0.175
4933	52411	0.243	0.032	0.184	0.275
4933	52411	0.113	0.074	0.169	0.039
4933	52411	0.127	0.009	0.104	0.118
4933	52411	0.151	0.113	0.24	0.264
4933	52411	0.127	0.057	0.208	0.184
4933	52411	0.144	0.161	0.288	0.305
4933	52411	0.135	0.248	0.392	0.383
4933	52411	0.115	0.296	0.431	0.411
4933	52411	0.08	0.018	0.097	0.062
4933	52411	0.143	0.144	0.224	0.287
4933	52411	0.208	0.008	0.151	0.216
4933	52411	0.093	0.053	0.155	0.04
4933	52411	0.142	0.007	0.086	0.135
4933	52411	0.127	0.011	0.153	0.138
4933	52411	0.222	0.033	0.094	0.189
4933	52411	0.088	0.006	0.216	0.082
4933	52411	0.137	0.024	0.112	0.161
4933	52411	0.111	0.032	0.169	0.143
4933	52411	0.177	0.064	0.047	0.113
4933	52411	0.147	0.041	0.136	0.106
4933	52411	0.112	0.027	0.12	0.085
4933	52411	0.093	0.128	0.24	0.221
4933	52411	0.084	0.14	0.233	0.224
4933	52411	0.104	0.124	0.208	0.228
4933	52411	0.072	0.575	0.679	0.647
4933	52411	0.0	0.0	0.0	0.0
4933	52411	0.0	0.0	0.0	0.0
4933	52411	0.0	0.0	0.0	0.0
4933	52411	0.0	0.0	0.0	0.0
4933	52411	0.0	0.0	0.0	0.0
4933	52411	0.0	0.0	0.0	0.0
4933	52411	0.0	0.0	0.0	0.0
4933	52411	0.0	0.0	0.0	0.0
4933	52411	0.0	0.0	0.0	0.0
4933	52411	0.0	0.0	0.0	0.0
4933	52411	0.0	0.0	0.0	0.0
4933	52411	0.0	0.0	0.0	0.0
4933	52411	0.0	0.0	0.0	0.0
4933	52411	0.0	0.0	0.0	0.0
4933	52411	0.0	0.0	0.0	0.0
4933	52411	0.0	0.0	0.0	0.0
4933	52411	0.0	0.0	0.0	0.0
4933	52411	0.0	0.0	0.0	0.0
4933	52411	0.0	0.0	0.0	0.0
4933	52411	0.0	0.0	0.0	0.0
4933	52411	0.0	0.0	0.0	0.0
4933	52411	0.0	0.0	0.0	0.0
4933	52411	0.0	0.0	0.0	0.0
4933	52411	0.0	0.0	0.0	0.0
4933	52411	0.0	0.0	0.0	0.0
4933	52411	0.0	0.0	0.0	0.0
4933	52411	0.0	0.0	0.0	0.0
4933	52411	0.0	0.0	0.0	0.0
4933	52411	0.0	0.0	0.0	0.0
4933	52411	0.0	0.0	0.0	0.0
4933	52411	0.0	0.0	0.0	0.0
4933	52411	0.0	0.0	0.0	0.0
4933	52411	0.0	0.0	0.0	0.0
4933	52411	0.0	0.0	0.0	0.0
4933	52411	0.0	0.0	0.0	0.0
4933	52411	0.0	0.0	0.0	0.0
4933	52411	0.0	0.0	0.0	0.0
4933	52411	0.0	0.0	0.0	0.0
4933	52411	0.0	0.0	0.0	0.0
4933	52411	0.0	0.0	0.0	0.0
4933	52411	0.0	0.0	0.0	0.0
4933	52420	0.272	0.0	0.0	0.0
4933	52420	0.111	0.08	0.192	0.031
4933	52420	0.112	0.008	0.119	0.12
4933	52420	0.072	0.168	0.28	0.24
4933	52420	0.096	0.145	0.217	0.241
4933	52420	0.183	0.016	0.112	0.199
4933	52420	0.159	0.025	0.208	0.184
4933	52420	0.096	0.008	0.167	0.104
4933	52420	0.205	0.129	0.225	0.334
4933	52420	0.167	0.045	0.16	0.122
4933	52420	0.151	0.017	0.184	0.168
4933	52420	0.088	0.217	0.368	0.305
4933	52420	0.119	0.216	0.304	0.335
4933	52420	0.144	0.2	0.319	0.344
4933	52420	0.159	0.201	0.345	0.36
4933	52420	0.079	0.113	0.272	0.192
4933	52420	0.096	0.153	0.232	0.249
4933	52420	0.13	0.128	0.224	0.258
4933	52420	0.103	0.034	0.096	0.069
4933	52420	0.098	0.152	0.255	0.25
4933	52420	0.136	0.15	0.248	0.286
4933	52420	0.151	0.041	0.177	0.192
4933	52420	0.218	0.05	0.101	0.168
4933	52420	0.128	0.208	0.426	0.336
4933	52420	0.121	0.144	0.272	0.265
4933	52420	0.16	0.151	0.272	0.311
4933	52420	0.124	0.785	0.945	0.909
4933	52420	0.127	0.012	0.112	0.115
4933	52420	0.175	0.241	0.368	0.416
4933	52420	0.152	0.007	0.168	0.145
4933	52420	0.063	0.2	0.352	0.263
4933	52420	0.096	0.585	0.648	0.681
4933	52420	0.137	0.017	0.079	0.12
4933	52420	0.144	0.127	0.264	0.271
4933	52420	0.231	0.313	0.457	0.544
4933	52420	0.129	0.008	0.239	0.137
4933	52420	0.191	0.152	0.281	0.343
4933	52420	0.176	0.008	0.199	0.184
4933	52420	0.176	0.048	0.128	0.128
4933	52420	0.159	0.113	0.289	0.272
4933	52420	0.176	0.177	0.336	0.353
4933	52420	0.776	0.119	0.295	0.895
4933	52420	0.095	0.551	0.225	0.456
4933	52420	0.127	0.201	0.296	0.328
4933	52420	0.137	0.064	0.191	0.201
4933	52420	0.224	0.655	0.792	0.879
4933	52420	0.146	0.12	0.344	0.266
4933	52420	0.13	0.002	0.144	0.128
4933	52420	0.168	0.018	0.112	0.15
4933	52420	0.312	0.448	0.616	0.76
4933	52420	0.137	0.064	0.248	0.073
4933	52420	0.119	0.16	0.297	0.279
4933	52420	0.119	0.081	0.2	0.2
4933	52420	0.105	0.064	0.183	0.169
4933	52420	0.128	0.183	0.288	0.311
4933	52420	0.183	0.393	0.521	0.576
4933	52420	0.288	0.04	0.223	0.328
4933	52420	0.143	0.137	0.425	0.28
4933	52420	0.088	0.408	0.551	0.496
4933	52420	0.631	0.281	0.369	0.912
4933	52420	0.071	0.199	0.432	0.128
4933	52420	0.063	0.161	0.232	0.224
4933	52420	0.152	0.424	0.487	0.576
4933	52420	0.127	0.281	0.433	0.408
4933	52420	0.135	0.065	0.192	0.2
4933	52420	0.096	0.224	0.359	0.32
4933	52420	0.159	0.169	0.265	0.328
4933	52420	0.136	0.152	0.311	0.288
4933	52420	0.176	0.08	0.216	0.256
4933	52420	0.167	0.137	0.313	0.304
4933	52452	0.319	0.0	0.0	0.0
4933	52452	0.12	0.097	0.222	0.023
4933	52452	0.039	0.001	0.121	0.04
4933	52452	0.096	0.217	0.256	0.313
4933	52452	0.143	0.168	0.264	0.311
4933	52452	0.143	0.105	0.248	0.248
4933	52452	0.129	0.041	0.184	0.17
4933	52452	0.12	0.159	0.288	0.279
4933	52452	0.191	0.032	0.152	0.223
4933	52452	0.071	0.023	0.168	0.048
4933	52452	0.119	0.145	0.216	0.264
4933	52452	0.264	0.048	0.071	0.216
4933	52452	0.098	0.119	0.145	0.021
4933	52452	0.071	0.07	0.168	0.141
4933	52452	0.167	0.049	0.12	0.216
4933	52452	0.167	0.023	0.144	0.144
4933	52452	0.126	0.015	0.152	0.111
4933	52452	0.096	0.074	0.2	0.17
4933	52452	0.127	0.032	0.128	0.159
4933	52452	0.106	0.007	0.12	0.099
4933	52452	0.119	0.134	0.24	0.253
4933	52452	0.191	0.086	0.033	0.105
4933	52452	0.127	0.032	0.159	0.095
4933	52452	0.183	0.265	0.392	0.448
4933	52452	0.151	0.001	0.184	0.152
4933	52452	0.145	0.672	0.823	0.817
4933	52452	0.064	0.807	0.952	0.871
4933	52452	0.176	0.385	0.449	0.561
4933	52452	0.152	0.256	0.432	0.408
4933	52452	0.161	0.191	0.343	0.352
4933	52452	0.152	0.152	0.313	0.304
4933	52452	0.168	0.032	0.184	0.2
4933	52452	0.144	0.031	0.199	0.175
4933	52452	0.184	0.208	0.352	0.392
4933	52452	0.136	0.496	0.68	0.632
4933	52452	0.183	0.025	0.161	0.208
4933	52452	0.161	0.025	0.208	0.186
4933	52452	0.143	0.327	0.488	0.47
4933	52452	0.112	0.104	0.247	0.216
4933	52452	0.137	0.136	0.248	0.273
4933	52452	0.159	0.0	0.137	0.159
4933	52452	0.136	0.04	0.119	0.096
4933	52452	0.119	0.201	0.337	0.32
4933	52452	0.159	0.081	0.2	0.24
4933	52452	0.168	0.16	0.319	0.328
4933	52452	0.079	0.031	0.137	0.048
4933	52452	0.112	0.128	0.207	0.24
4933	52452	0.168	0.256	0.368	0.424
4933	52452	0.154	0.009	0.177	0.163
4933	52452	0.208	0.605	0.759	0.813
4933	52452	0.111	0.065	0.273	0.176
4933	52452	0.153	0.008	0.119	0.161
4933	52452	0.159	0.008	0.161	0.167
4933	52452	0.131	0.033	0.192	0.164
4933	52452	0.12	0.02	0.111	0.1
4933	52452	0.144	0.152	0.272	0.296
4933	52452	0.095	0.337	0.481	0.432
4933	52452	0.143	0.049	0.144	0.192
4933	52452	0.147	1.409	1.552	1.556
4933	52452	0.111	0.003	0.144	0.108
4933	52452	0.152	0.16	0.271	0.312
4933	52452	0.176	0.024	0.176	0.2
4933	52452	0.257	0.512	0.688	0.769
4933	52452	0.183	0.056	0.201	0.127
4933	52452	0.103	0.161	0.344	0.264
4933	52452	0.144	0.104	0.207	0.248
4933	52452	0.055	0.281	0.425	0.336
4933	52452	0.096	0.112	0.167	0.208
4933	52452	0.072	0.216	0.312	0.288
4933	52452	0.104	0.048	0.12	0.152
4933	52478	0.264	0.0	0.0	0.0
4933	52478	0.08	0.112	0.152	0.032
4933	52478	0.111	0.161	0.241	0.272
4933	52478	0.191	0.041	0.152	0.232
4933	52478	0.143	0.095	0.096	0.048
4933	52478	0.126	0.378	0.521	0.504
4933	52478	0.088	0.024	0.102	0.064
4933	52478	0.119	0.169	0.257	0.288
4933	52478	0.136	0.008	0.127	0.144
4933	52478	0.152	0.001	0.137	0.153
4933	52478	0.08	0.136	0.288	0.216
4933	52478	0.103	0.088	0.168	0.191
4933	52478	0.104	0.112	0.215	0.216
4933	52478	0.151	0.161	0.265	0.312
4933	52478	0.168	0.248	0.399	0.416
4933	52478	0.2	0.273	0.441	0.473
4933	52478	0.114	0.255	0.455	0.369
4933	52478	0.102	0.184	0.298	0.286
4933	52478	0.088	0.136	0.238	0.224
4933	52478	0.184	0.136	0.224	0.32
4933	52478	0.153	0.04	0.144	0.113
4933	52478	0.153	0.159	0.312	0.312
4933	52478	0.096	0.007	0.16	0.103
4933	52478	0.095	0.145	0.241	0.24
4933	52478	0.084	0.041	0.136	0.125
4933	52478	0.103	0.092	0.176	0.195
4933	52478	0.103	0.129	0.232	0.232
4933	52478	0.176	0.04	0.143	0.216
4933	52478	0.135	0.24	0.416	0.375
4933	52478	0.098	0.063	0.072	0.035
4933	52478	0.098	0.124	0.222	0.222
4933	52478	0.095	0.008	0.106	0.103
4933	52478	0.115	0.029	0.124	0.144
4933	52478	0.079	0.65	0.765	0.729
4933	52478	0.0	0.0	0.0	0.0
4933	52478	0.0	0.0	0.0	0.0
4933	52478	0.0	0.0	0.0	0.0
4933	52478	0.0	0.0	0.0	0.0
4933	52478	0.0	0.0	0.0	0.0
4933	52478	0.0	0.0	0.0	0.0
4933	52478	0.0	0.0	0.0	0.0
4933	52478	0.0	0.0	0.0	0.0
4933	52478	0.0	0.0	0.0	0.0
4933	52478	0.0	0.0	0.0	0.0
4933	52478	0.0	0.0	0.0	0.0
4933	52478	0.0	0.0	0.0	0.0
4933	52478	0.0	0.0	0.0	0.0
4933	52478	0.0	0.0	0.0	0.0
4933	52478	0.0	0.0	0.0	0.0
4933	52478	0.0	0.0	0.0	0.0
4933	52478	0.0	0.0	0.0	0.0
4933	52478	0.0	0.0	0.0	0.0
4933	52478	0.0	0.0	0.0	0.0
4933	52478	0.0	0.0	0.0	0.0
4933	52478	0.0	0.0	0.0	0.0
4933	52478	0.0	0.0	0.0	0.0
4933	52478	0.0	0.0	0.0	0.0
4933	52478	0.0	0.0	0.0	0.0
4933	52478	0.0	0.0	0.0	0.0
4933	52478	0.0	0.0	0.0	0.0
4933	52478	0.0	0.0	0.0	0.0
4933	52478	0.0	0.0	0.0	0.0
4933	52478	0.0	0.0	0.0	0.0
4933	52478	0.0	0.0	0.0	0.0
4933	52478	0.0	0.0	0.0	0.0
4933	52478	0.0	0.0	0.0	0.0
4933	52478	0.0	0.0	0.0	0.0
4933	52478	0.0	0.0	0.0	0.0
4933	52478	0.0	0.0	0.0	0.0
4933	52478	0.0	0.0	0.0	0.0
4933	52488	0.233	0.0	0.0	0.0
4933	52488	0.136	0.056	0.177	0.08
4933	52488	0.16	0.216	0.352	0.376
4933	52488	0.168	0.024	0.184	0.192
4933	52488	0.121	0.175	0.343	0.296
4933	52488	0.127	0.019	0.14	0.146
4933	52488	0.137	0.01	0.117	0.127
4933	52488	0.167	0.025	0.112	0.142
4933	52488	0.136	0.056	0.111	0.08
4933	52488	0.185	0.128	0.264	0.313
4933	52488	0.147	0.008	0.177	0.139
4933	52488	0.225	0.052	0.095	0.173
4933	52488	0.12	0.024	0.249	0.144
4933	52488	0.12	0.159	0.279	0.279
4933	52488	0.087	0.057	0.177	0.144
4933	52488	0.105	0.168	0.255	0.273
4933	52488	0.143	0.08	0.185	0.223
4933	52488	0.112	0.065	0.208	0.177
4933	52488	0.2	0.047	0.159	0.247
4933	52488	0.159	0.137	0.337	0.296
4933	52488	0.16	0.081	0.24	0.241
4933	52488	0.194	0.001	0.161	0.195
4933	52488	0.088	0.068	0.126	0.02
4933	52488	0.167	0.057	0.145	0.224
4933	52488	0.135	0.009	0.176	0.144
4933	52488	0.167	0.065	0.2	0.232
4933	52488	0.135	0.097	0.264	0.232
4933	52488	0.135	0.055	0.08	0.08
4933	52488	0.159	0.217	0.352	0.376
4933	52488	0.138	0.577	0.736	0.715
4933	52488	0.103	0.006	0.144	0.109
4933	52488	0.111	0.345	0.448	0.456
4933	52488	0.151	0.001	0.112	0.152
4933	52488	0.136	0.912	1.063	1.048
4933	52488	0.175	0.041	0.177	0.216
4933	52488	0.182	0.594	0.769	0.776
4933	52488	0.159	0.007	0.175	0.152
4933	52488	0.217	0.056	0.215	0.273
4933	52488	0.159	0.032	0.249	0.191
4933	52488	0.145	0.072	0.231	0.217
4933	52488	0.13	0.031	0.176	0.161
4933	52488	0.096	0.025	0.105	0.071
4933	52488	0.072	0.095	0.191	0.167
4933	52488	0.143	0.137	0.209	0.28
4933	52488	0.127	0.001	0.144	0.128
4933	52488	0.08	0.072	0.199	0.152
4933	52488	0.096	0.088	0.168	0.184
4933	52488	0.143	0.169	0.265	0.312
4933	52488	0.232	0.296	0.439	0.528
4933	52488	0.103	0.025	0.257	0.128
4933	52488	0.127	0.169	0.272	0.296
4933	52488	0.183	0.065	0.192	0.248
4933	52488	0.168	0.304	0.487	0.472
4933	52488	0.201	0.44	0.608	0.641
4933	52488	0.158	0.017	0.218	0.175
4933	52488	0.119	0.225	0.383	0.344
4933	52488	0.136	0.24	0.359	0.376
4933	52488	0.161	0.008	0.144	0.169
4933	52488	0.208	0.023	0.184	0.231
4933	52488	0.087	0.105	0.313	0.192
4933	52488	0.16	0.177	0.264	0.337
4933	52488	0.112	0.127	0.287	0.239
4933	52488	0.122	1.184	1.296	1.306
4933	52488	0.0	0.0	0.0	0.0
4933	52488	0.0	0.0	0.0	0.0
4933	52488	0.0	0.0	0.0	0.0
4933	52488	0.0	0.0	0.0	0.0
4933	52488	0.0	0.0	0.0	0.0
4933	52488	0.0	0.0	0.0	0.0
4933	52488	0.0	0.0	0.0	0.0
4933	52512	0.232	0.0	0.0	0.0
4933	52512	0.089	0.112	0.12	0.023
4933	52512	0.112	0.167	0.256	0.279
4933	52512	0.104	0.176	0.288	0.28
4933	52512	0.192	0.08	0.184	0.272
4933	52512	0.176	0.152	0.344	0.328
4933	52512	0.161	0.032	0.208	0.193
4933	52512	0.196	0.015	0.176	0.211
4933	52512	0.216	0.052	0.144	0.164
4933	52512	0.2	0.048	0.264	0.248
4933	52512	0.173	0.072	0.272	0.245
4933	52512	0.144	0.005	0.168	0.139
4933	52512	0.225	0.032	0.176	0.257
4933	52512	0.113	0.047	0.272	0.16
4933	52512	0.16	0.135	0.248	0.295
4933	52512	0.2	0.041	0.201	0.241
4933	52512	0.183	0.312	0.512	0.495
4933	52512	0.079	0.393	0.576	0.472
4933	52512	0.141	0.163	0.242	0.304
4933	52512	0.104	0.048	0.189	0.152
4933	52512	0.136	0.176	0.28	0.312
4933	52512	0.144	0.192	0.328	0.336
4933	52512	0.148	0.444	0.588	0.592
4933	52512	0.143	0.049	0.197	0.192
4933	52512	0.181	0.105	0.248	0.286
4933	52512	0.152	0.021	0.16	0.131
4933	52512	0.144	0.0	0.152	0.144
4933	52512	0.165	0.002	0.146	0.167
4933	52512	0.12	0.064	0.101	0.056
4933	52512	0.119	0.193	0.313	0.312
4933	52512	0.119	0.041	0.16	0.16
4933	52512	0.144	0.04	0.159	0.184
4933	52512	0.191	0.025	0.169	0.216
4933	52512	0.359	0.145	0.336	0.504
4933	52512	0.128	0.209	0.568	0.337
4933	52512	0.088	0.04	0.168	0.128
4933	52512	0.089	0.104	0.192	0.193
4933	52512	0.096	0.142	0.231	0.238
4933	52512	0.104	0.121	0.217	0.225
4933	52512	0.119	0.088	0.192	0.207
4933	52512	0.092	0.561	0.68	0.653
4933	52512	0.0	0.0	0.0	0.0
4933	52512	0.0	0.0	0.0	0.0
4933	52512	0.0	0.0	0.0	0.0
4933	52512	0.0	0.0	0.0	0.0
4933	52512	0.0	0.0	0.0	0.0
4933	52512	0.0	0.0	0.0	0.0
4933	52512	0.0	0.0	0.0	0.0
4933	52512	0.0	0.0	0.0	0.0
4933	52512	0.0	0.0	0.0	0.0
4933	52512	0.0	0.0	0.0	0.0
4933	52512	0.0	0.0	0.0	0.0
4933	52512	0.0	0.0	0.0	0.0
4933	52512	0.0	0.0	0.0	0.0
4933	52512	0.0	0.0	0.0	0.0
4933	52512	0.0	0.0	0.0	0.0
4933	52512	0.0	0.0	0.0	0.0
4933	52512	0.0	0.0	0.0	0.0
4933	52512	0.0	0.0	0.0	0.0
4933	52512	0.0	0.0	0.0	0.0
4933	52512	0.0	0.0	0.0	0.0
4933	52512	0.0	0.0	0.0	0.0
4933	52512	0.0	0.0	0.0	0.0
4933	52512	0.0	0.0	0.0	0.0
4933	52512	0.0	0.0	0.0	0.0
4933	52512	0.0	0.0	0.0	0.0
4933	52512	0.0	0.0	0.0	0.0
4933	52512	0.0	0.0	0.0	0.0
4933	52512	0.0	0.0	0.0	0.0
4933	52512	0.0	0.0	0.0	0.0
4933	52528	0.24	0.0	0.0	0.0
4933	52528	0.098	0.09	0.15	0.008
4933	52528	0.127	0.169	0.267	0.296
4933	52528	0.104	0.648	0.775	0.752
4933	52528	0.096	0.176	0.28	0.272
4933	52528	0.106	0.025	0.121	0.131
4933	52528	0.078	0.002	0.104	0.076
4933	52528	0.145	0.121	0.199	0.266
4933	52528	0.099	0.38	0.525	0.479
4933	52528	0.208	0.136	0.235	0.344
4933	52528	0.151	0.345	0.553	0.496
4933	52528	0.112	0.056	0.207	0.168
4933	52528	0.176	0.008	0.104	0.168
4933	52528	0.112	0.008	0.184	0.12
4933	52528	0.12	0.216	0.328	0.336
4933	52528	0.135	0.329	0.449	0.464
4933	52528	0.104	0.12	0.255	0.224
4933	52528	0.167	0.273	0.377	0.44
4933	52528	0.152	0.096	0.263	0.248
4933	52528	0.12	0.064	0.216	0.184
4933	52528	0.159	0.281	0.401	0.44
4933	52528	0.182	0.24	0.399	0.422
4933	52528	0.192	0.075	0.257	0.267
4933	52528	0.127	0.136	0.328	0.263
4933	52528	0.225	0.016	0.111	0.209
4933	52528	0.119	0.12	0.105	0.001
4933	52528	0.094	0.178	0.297	0.272
4933	52528	0.151	0.345	0.439	0.496
4933	52528	0.151	0.113	0.264	0.264
4933	52528	0.135	0.361	0.512	0.496
4933	52528	0.28	0.392	0.527	0.672
4933	52528	0.144	0.111	0.169	0.033
4933	52528	0.183	0.032	0.176	0.215
4933	52528	0.087	0.177	0.36	0.264
4933	52528	0.078	0.232	0.319	0.31
4933	52528	0.096	0.114	0.192	0.21
4933	52528	0.136	0.056	0.152	0.192
4933	52528	0.16	0.033	0.169	0.193
4933	52528	0.128	0.047	0.207	0.175
4933	52528	0.146	0.16	0.288	0.306
4933	52528	0.088	0.047	0.193	0.135
4933	52528	0.104	0.151	0.239	0.255
4933	52528	0.137	0.08	0.184	0.217
4933	52528	0.176	0.328	0.465	0.504
4933	52528	0.296	0.199	0.375	0.495
4933	52528	0.127	0.321	0.617	0.448
4933	52528	0.095	0.015	0.112	0.08
4933	52528	0.159	0.153	0.248	0.312
4933	52528	0.127	0.369	0.528	0.496
4933	52528	0.167	0.073	0.2	0.24
4933	52528	0.096	0.112	0.279	0.208
4933	52528	0.095	0.137	0.233	0.232
4933	52528	0.089	0.128	0.223	0.217
4933	52528	0.143	0.536	0.625	0.679
4933	52528	0.119	0.105	0.248	0.224
4933	52528	0.151	0.233	0.352	0.384
4933	52528	0.059	0.576	0.727	0.635
4933	52528	0.111	0.15	0.209	0.261
4933	52528	0.104	1.08	1.191	1.184
4933	52528	0.103	0.089	0.193	0.192
4933	52528	0.072	0.145	0.248	0.217
4933	52528	0.16	0.168	0.24	0.328
4933	52528	0.16	0.055	0.215	0.215
4933	52528	0.168	0.4	0.56	0.568
4933	52528	0.16	0.152	0.32	0.312
4933	52528	0.231	0.007	0.153	0.224
4933	52528	0.12	0.088	0.143	0.032
4933	52528	0.128	0.016	0.104	0.112
4933	52528	0.104	0.144	0.272	0.248
4933	52528	0.144	0.008	0.096	0.136
