PARTICIPANT_ID	TEST_SECTION_ID	HOLD_LATENCY	INTERKEY_LATENCY	PRESS_LATENCY	RELEASE_LATENCY
4950	56314	0.333	0.0	0.0	0.0
4950	56314	0.191	0.168	0.165	0.023
4950	56314	0.183	0.055	0.136	0.128
4950	56314	0.201	0.016	0.199	0.217
4950	56314	0.112	0.216	0.417	0.328
4950	56314	0.192	0.144	0.256	0.336
4950	56314	0.184	0.135	0.327	0.319
4950	56314	0.191	0.529	0.713	0.72
4950	56314	0.193	0.072	0.263	0.265
4950	56314	0.096	0.168	0.361	0.264
4950	56314	0.185	0.055	0.151	0.24
4950	56314	0.208	0.288	0.473	0.496
4950	56314	0.16	0.4	0.608	0.56
4950	56314	0.192	0.272	0.432	0.464
4950	56314	0.176	0.808	1.0	0.984
4950	56314	0.185	0.039	0.215	0.224
4950	56314	0.184	0.064	0.121	0.12
4950	56314	0.088	0.032	0.152	0.056
4950	56314	0.152	0.224	0.312	0.376
4950	56314	0.2	0.04	0.192	0.24
4950	56314	0.184	0.008	0.192	0.176
4950	56314	0.208	0.336	0.52	0.544
4950	56314	0.16	0.104	0.104	0.056
4950	56314	0.16	0.032	0.128	0.128
4950	56314	0.2	0.104	0.056	0.096
4950	56314	0.104	0.528	0.728	0.632
4950	56314	0.193	0.055	0.159	0.248
4950	56314	0.2	0.168	0.361	0.368
4950	56314	0.2	0.032	0.232	0.232
4950	56314	0.768	0.096	0.104	0.672
4950	56314	0.128	0.584	0.184	0.456
4950	56314	0.136	0.104	0.232	0.24
4950	56314	0.168	0.376	0.512	0.544
4950	56314	0.168	0.104	0.272	0.272
4950	56314	0.144	0.056	0.112	0.088
4950	56314	0.184	0.056	0.2	0.24
4950	56314	0.152	0.024	0.16	0.128
4950	56314	0.152	0.04	0.192	0.192
4950	56314	0.176	0.064	0.088	0.112
4950	56314	0.104	0.056	0.232	0.16
4950	56314	0.199	0.048	0.152	0.247
4950	56314	0.159	0.006	0.193	0.153
4950	56314	0.208	0.04	0.199	0.248
4950	56314	0.184	0.072	0.136	0.112
4950	56314	0.224	0.104	0.08	0.12
4950	56314	1.432	0.104	0.328	1.536
4950	56314	0.2	1.344	0.088	1.144
4950	56314	0.2	0.016	0.184	0.184
4950	56314	0.136	0.784	0.984	0.92
4950	56314	0.104	0.408	0.544	0.512
4950	56314	0.0	0.0	0.0	0.0
4950	56314	0.0	0.0	0.0	0.0
4950	56314	0.0	0.0	0.0	0.0
4950	56314	0.0	0.0	0.0	0.0
4950	56314	0.0	0.0	0.0	0.0
4950	56314	0.0	0.0	0.0	0.0
4950	56314	0.0	0.0	0.0	0.0
4950	56314	0.0	0.0	0.0	0.0
4950	56314	0.0	0.0	0.0	0.0
4950	56314	0.0	0.0	0.0	0.0
4950	56314	0.0	0.0	0.0	0.0
4950	56314	0.0	0.0	0.0	0.0
4950	56314	0.0	0.0	0.0	0.0
4950	56314	0.0	0.0	0.0	0.0
4950	56314	0.0	0.0	0.0	0.0
4950	56314	0.0	0.0	0.0	0.0
4950	56314	0.0	0.0	0.0	0.0
4950	56314	0.0	0.0	0.0	0.0
4950	56314	0.0	0.0	0.0	0.0
4950	56314	0.0	0.0	0.0	0.0
4950	56345	0.16	0.0	0.0	0.0
4950	56345	0.168	0.032	0.128	0.136
4950	56345	0.16	0.048	0.12	0.112
4950	56345	0.16	0.008	0.168	0.168
4950	56345	0.176	0.072	0.088	0.104
4950	56345	0.232	0.016	0.192	0.248
4950	56345	0.176	0.056	0.176	0.12
4950	56345	0.152	0.064	0.112	0.088
4950	56345	0.152	0.04	0.112	0.112
4950	56345	0.208	0.048	0.2	0.256
4950	56345	0.144	0.152	0.056	0.008
4950	56345	0.184	0.04	0.184	0.224
4950	56345	0.152	0.12	0.064	0.032
4950	56345	0.192	0.032	0.184	0.224
4950	56345	0.176	0.032	0.16	0.144
4950	56345	0.192	0.032	0.208	0.224
4950	56345	0.184	0.296	0.488	0.48
4950	56345	0.12	0.064	0.248	0.184
4950	56345	0.184	0.04	0.16	0.224
4950	56345	0.184	0.016	0.2	0.2
4950	56345	0.168	0.024	0.16	0.144
4950	56345	0.216	0.032	0.136	0.184
4950	56345	0.168	0.048	0.168	0.12
4950	56345	0.144	0.008	0.176	0.152
4950	56345	0.176	0.016	0.16	0.192
4950	56345	0.225	0.192	0.368	0.417
4950	56345	0.136	0.145	0.08	0.009
4950	56345	0.168	0.008	0.128	0.16
4950	56345	0.136	0.016	0.152	0.12
4950	56345	0.152	0.008	0.144	0.16
4950	56345	0.16	0.016	0.168	0.176
4950	56345	0.192	0.056	0.216	0.248
4950	56345	0.192	0.112	0.08	0.08
4950	56345	0.184	0.04	0.232	0.224
4950	56345	0.128	0.368	0.552	0.496
4950	56345	0.208	0.064	0.192	0.272
4950	56345	0.224	0.08	0.288	0.304
4950	56345	0.145	0.04	0.184	0.105
4950	56345	0.0	0.0	0.0	0.0
4950	56345	0.0	0.0	0.0	0.0
4950	56345	0.0	0.0	0.0	0.0
4950	56345	0.0	0.0	0.0	0.0
4950	56345	0.0	0.0	0.0	0.0
4950	56345	0.0	0.0	0.0	0.0
4950	56345	0.0	0.0	0.0	0.0
4950	56345	0.0	0.0	0.0	0.0
4950	56345	0.0	0.0	0.0	0.0
4950	56345	0.0	0.0	0.0	0.0
4950	56345	0.0	0.0	0.0	0.0
4950	56345	0.0	0.0	0.0	0.0
4950	56345	0.0	0.0	0.0	0.0
4950	56345	0.0	0.0	0.0	0.0
4950	56345	0.0	0.0	0.0	0.0
4950	56345	0.0	0.0	0.0	0.0
4950	56345	0.0	0.0	0.0	0.0
4950	56345	0.0	0.0	0.0	0.0
4950	56345	0.0	0.0	0.0	0.0
4950	56345	0.0	0.0	0.0	0.0
4950	56345	0.0	0.0	0.0	0.0
4950	56345	0.0	0.0	0.0	0.0
4950	56345	0.0	0.0	0.0	0.0
4950	56345	0.0	0.0	0.0	0.0
4950	56345	0.0	0.0	0.0	0.0
4950	56345	0.0	0.0	0.0	0.0
4950	56345	0.0	0.0	0.0	0.0
4950	56345	0.0	0.0	0.0	0.0
4950	56345	0.0	0.0	0.0	0.0
4950	56345	0.0	0.0	0.0	0.0
4950	56345	0.0	0.0	0.0	0.0
4950	56345	0.0	0.0	0.0	0.0
4950	56358	0.16	0.0	0.0	0.0
4950	56358	0.168	0.08	0.08	0.088
4950	56358	0.12	0.04	0.208	0.16
4950	56358	0.152	0.024	0.096	0.128
4950	56358	0.2	0.24	0.392	0.44
4950	56358	0.192	0.064	0.264	0.256
4950	56358	0.184	0.264	0.456	0.448
4950	56358	0.184	0.024	0.208	0.208
4950	56358	0.2	0.056	0.128	0.144
4950	56358	0.176	0.072	0.128	0.104
4950	56358	0.128	0.056	0.12	0.072
4950	56358	0.232	0.008	0.136	0.24
4950	56358	0.192	0.128	0.104	0.064
4950	56358	0.16	0.096	0.288	0.256
4950	56358	0.16	0.008	0.168	0.168
4950	56358	0.216	0.008	0.168	0.224
4950	56358	0.168	0.072	0.144	0.096
4950	56358	0.184	0.064	0.232	0.248
4950	56358	0.176	0.032	0.152	0.144
4950	56358	0.184	0.008	0.184	0.192
4950	56358	0.152	0.072	0.256	0.224
4950	56358	0.216	0.016	0.168	0.232
4950	56358	0.192	0.152	0.064	0.04
4950	56358	0.216	0.064	0.256	0.28
4950	56358	0.16	0.12	0.096	0.04
4950	56358	0.112	0.016	0.144	0.096
4950	56358	0.2	0.08	0.032	0.12
4950	56358	0.176	0.104	0.304	0.28
4950	56358	0.736	0.032	0.208	0.768
4950	56358	0.144	0.184	0.552	0.04
4950	56358	0.216	0.072	0.216	0.288
4950	56358	0.16	0.048	0.168	0.112
4950	56358	0.096	0.376	0.536	0.472
4950	56358	0.096	0.064	0.16	0.16
4950	56358	0.096	0.056	0.152	0.152
4950	56358	0.104	0.056	0.152	0.16
4950	56358	0.12	0.056	0.16	0.176
4950	56358	0.2	0.048	0.168	0.248
4950	56358	0.192	0.144	0.344	0.336
4950	56358	0.216	0.016	0.176	0.2
4950	56358	0.28	0.136	0.352	0.416
4950	56358	0.136	0.176	0.104	0.04
4950	56358	0.216	0.088	0.224	0.304
4950	56358	0.16	0.072	0.144	0.088
4950	56358	0.224	0.04	0.12	0.184
4950	56358	0.208	0.272	0.496	0.48
4950	56358	0.168	0.024	0.184	0.144
4950	56358	0.16	0.008	0.16	0.152
4950	56358	0.159	0.297	0.457	0.456
4950	56358	0.161	0.024	0.183	0.185
4950	56358	0.24	0.111	0.272	0.351
4950	56358	0.128	0.12	0.12	0.008
4950	56358	0.128	0.08	0.208	0.208
4950	56358	0.176	0.072	0.2	0.248
4950	56358	0.208	0.288	0.464	0.496
4950	56358	0.176	0.312	0.52	0.488
4950	56358	0.192	0.088	0.264	0.28
4950	56358	0.205	0.011	0.203	0.216
4950	56358	0.472	0.248	0.453	0.72
4950	56358	0.2	0.112	0.36	0.088
4950	56358	0.0	0.0	0.0	0.0
4950	56358	0.0	0.0	0.0	0.0
4950	56358	0.0	0.0	0.0	0.0
4950	56358	0.0	0.0	0.0	0.0
4950	56358	0.0	0.0	0.0	0.0
4950	56358	0.0	0.0	0.0	0.0
4950	56358	0.0	0.0	0.0	0.0
4950	56358	0.0	0.0	0.0	0.0
4950	56358	0.0	0.0	0.0	0.0
4950	56358	0.0	0.0	0.0	0.0
4950	56382	0.216	0.0	0.0	0.0
4950	56382	0.128	0.096	0.12	0.032
4950	56382	0.152	0.096	0.224	0.248
4950	56382	0.12	0.072	0.08	0.048
4950	56382	0.272	0.144	0.264	0.416
4950	56382	0.208	0.072	0.2	0.136
4950	56382	0.176	0.016	0.192	0.16
4950	56382	0.088	1.24	1.416	1.328
4950	56382	0.096	0.072	0.16	0.168
4950	56382	0.08	0.064	0.16	0.144
4950	56382	0.136	0.056	0.136	0.192
4950	56382	0.176	0.6	0.736	0.776
4950	56382	0.216	0.008	0.184	0.224
4950	56382	0.192	0.064	0.152	0.128
4950	56382	0.208	0.048	0.144	0.16
4950	56382	0.168	0.04	0.248	0.208
4950	56382	0.192	0.032	0.136	0.16
4950	56382	0.176	0.008	0.184	0.168
4950	56382	0.168	0.032	0.144	0.136
4950	56382	0.169	0.024	0.192	0.193
4950	56382	0.232	0.199	0.368	0.431
4950	56382	0.2	0.016	0.216	0.184
4950	56382	0.169	0.016	0.184	0.153
4950	56382	0.192	0.063	0.232	0.255
4950	56382	0.184	0.088	0.104	0.096
4950	56382	0.168	0.016	0.168	0.152
4950	56382	0.224	0.176	0.344	0.4
4950	56382	0.184	0.08	0.144	0.104
4950	56382	0.176	0.016	0.2	0.192
4950	56382	0.208	0.008	0.168	0.2
4950	56382	0.2	0.088	0.12	0.112
4950	56382	0.136	0.008	0.208	0.144
4950	56382	0.152	0.04	0.176	0.192
4950	56382	0.216	0.04	0.112	0.176
4950	56382	0.144	0.096	0.12	0.048
4950	56382	0.2	0.12	0.264	0.32
4950	56382	0.208	0.04	0.16	0.168
4950	56382	0.0	0.0	0.0	0.0
4950	56382	0.0	0.0	0.0	0.0
4950	56382	0.0	0.0	0.0	0.0
4950	56382	0.0	0.0	0.0	0.0
4950	56382	0.0	0.0	0.0	0.0
4950	56382	0.0	0.0	0.0	0.0
4950	56382	0.0	0.0	0.0	0.0
4950	56382	0.0	0.0	0.0	0.0
4950	56382	0.0	0.0	0.0	0.0
4950	56382	0.0	0.0	0.0	0.0
4950	56382	0.0	0.0	0.0	0.0
4950	56382	0.0	0.0	0.0	0.0
4950	56382	0.0	0.0	0.0	0.0
4950	56382	0.0	0.0	0.0	0.0
4950	56382	0.0	0.0	0.0	0.0
4950	56382	0.0	0.0	0.0	0.0
4950	56382	0.0	0.0	0.0	0.0
4950	56382	0.0	0.0	0.0	0.0
4950	56382	0.0	0.0	0.0	0.0
4950	56382	0.0	0.0	0.0	0.0
4950	56382	0.0	0.0	0.0	0.0
4950	56382	0.0	0.0	0.0	0.0
4950	56382	0.0	0.0	0.0	0.0
4950	56382	0.0	0.0	0.0	0.0
4950	56382	0.0	0.0	0.0	0.0
4950	56382	0.0	0.0	0.0	0.0
4950	56382	0.0	0.0	0.0	0.0
4950	56382	0.0	0.0	0.0	0.0
4950	56382	0.0	0.0	0.0	0.0
4950	56382	0.0	0.0	0.0	0.0
4950	56382	0.0	0.0	0.0	0.0
4950	56382	0.0	0.0	0.0	0.0
4950	56382	0.0	0.0	0.0	0.0
4950	56396	0.16	0.0	0.0	0.0
4950	56396	0.192	0.112	0.048	0.08
4950	56396	0.136	0.232	0.424	0.368
4950	56396	0.192	0.048	0.184	0.24
4950	56396	0.224	0.112	0.08	0.112
4950	56396	0.16	0.048	0.176	0.112
4950	56396	0.206	0.03	0.13	0.176
4950	56396	0.136	0.072	0.134	0.064
4950	56396	0.168	0.056	0.08	0.112
4950	56396	0.16	0.048	0.216	0.208
4950	56396	0.152	0.048	0.112	0.104
4950	56396	0.176	0.08	0.232	0.256
4950	56396	0.239	0.081	0.257	0.32
4950	56396	0.208	0.032	0.207	0.176
4950	56396	0.168	0.056	0.152	0.112
4950	56396	0.161	0.032	0.136	0.129
4950	56396	0.232	0.039	0.2	0.271
4950	56396	0.152	0.08	0.312	0.232
4950	56396	0.159	0.497	0.649	0.656
4950	56396	0.0	0.0	0.0	0.0
4950	56396	0.0	0.0	0.0	0.0
4950	56396	0.0	0.0	0.0	0.0
4950	56396	0.0	0.0	0.0	0.0
4950	56396	0.0	0.0	0.0	0.0
4950	56396	0.0	0.0	0.0	0.0
4950	56396	0.0	0.0	0.0	0.0
4950	56396	0.0	0.0	0.0	0.0
4950	56396	0.0	0.0	0.0	0.0
4950	56396	0.0	0.0	0.0	0.0
4950	56396	0.0	0.0	0.0	0.0
4950	56396	0.0	0.0	0.0	0.0
4950	56396	0.0	0.0	0.0	0.0
4950	56396	0.0	0.0	0.0	0.0
4950	56396	0.0	0.0	0.0	0.0
4950	56396	0.0	0.0	0.0	0.0
4950	56396	0.0	0.0	0.0	0.0
4950	56396	0.0	0.0	0.0	0.0
4950	56396	0.0	0.0	0.0	0.0
4950	56396	0.0	0.0	0.0	0.0
4950	56396	0.0	0.0	0.0	0.0
4950	56396	0.0	0.0	0.0	0.0
4950	56396	0.0	0.0	0.0	0.0
4950	56396	0.0	0.0	0.0	0.0
4950	56396	0.0	0.0	0.0	0.0
4950	56396	0.0	0.0	0.0	0.0
4950	56396	0.0	0.0	0.0	0.0
4950	56396	0.0	0.0	0.0	0.0
4950	56396	0.0	0.0	0.0	0.0
4950	56396	0.0	0.0	0.0	0.0
4950	56396	0.0	0.0	0.0	0.0
4950	56396	0.0	0.0	0.0	0.0
4950	56396	0.0	0.0	0.0	0.0
4950	56396	0.0	0.0	0.0	0.0
4950	56396	0.0	0.0	0.0	0.0
4950	56396	0.0	0.0	0.0	0.0
4950	56396	0.0	0.0	0.0	0.0
4950	56396	0.0	0.0	0.0	0.0
4950	56396	0.0	0.0	0.0	0.0
4950	56396	0.0	0.0	0.0	0.0
4950	56396	0.0	0.0	0.0	0.0
4950	56396	0.0	0.0	0.0	0.0
4950	56396	0.0	0.0	0.0	0.0
4950	56396	0.0	0.0	0.0	0.0
4950	56396	0.0	0.0	0.0	0.0
4950	56396	0.0	0.0	0.0	0.0
4950	56396	0.0	0.0	0.0	0.0
4950	56396	0.0	0.0	0.0	0.0
4950	56396	0.0	0.0	0.0	0.0
4950	56396	0.0	0.0	0.0	0.0
4950	56396	0.0	0.0	0.0	0.0
4950	56408	0.166	0.0	0.0	0.0
4950	56408	0.328	0.104	0.062	0.224
4950	56408	0.095	0.071	0.257	0.024
4950	56408	0.128	0.008	0.087	0.12
4950	56408	0.208	0.464	0.592	0.672
4950	56408	0.208	0.072	0.136	0.136
4950	56408	0.24	0.064	0.144	0.176
4950	56408	0.208	0.168	0.072	0.04
4950	56408	0.144	0.072	0.28	0.216
4950	56408	0.16	0.024	0.168	0.184
4950	56408	0.168	0.032	0.128	0.136
4950	56408	0.36	0.296	0.464	0.656
4950	56408	0.16	0.24	0.12	0.08
4950	56408	0.128	0.232	0.392	0.36
4950	56408	0.152	0.128	0.256	0.28
4950	56408	0.192	0.016	0.136	0.176
4950	56408	0.168	0.032	0.16	0.136
4950	56408	0.16	0.008	0.176	0.168
4950	56408	0.168	0.016	0.144	0.152
4950	56408	0.2	0.088	0.256	0.288
4950	56408	0.136	0.112	0.088	0.024
4950	56408	0.128	0.056	0.192	0.184
4950	56408	0.12	0.048	0.176	0.168
4950	56408	0.168	0.008	0.128	0.176
4950	56408	0.216	0.04	0.128	0.176
4950	56408	0.176	0.08	0.136	0.096
4950	56408	0.152	0.168	0.344	0.32
4950	56408	0.136	0.04	0.192	0.176
4950	56408	0.272	0.112	0.248	0.384
4950	56408	0.28	0.184	0.088	0.096
4950	56408	0.16	0.264	0.544	0.424
4950	56408	0.0	0.0	0.0	0.0
4950	56408	0.0	0.0	0.0	0.0
4950	56408	0.0	0.0	0.0	0.0
4950	56408	0.0	0.0	0.0	0.0
4950	56408	0.0	0.0	0.0	0.0
4950	56408	0.0	0.0	0.0	0.0
4950	56408	0.0	0.0	0.0	0.0
4950	56408	0.0	0.0	0.0	0.0
4950	56408	0.0	0.0	0.0	0.0
4950	56408	0.0	0.0	0.0	0.0
4950	56408	0.0	0.0	0.0	0.0
4950	56408	0.0	0.0	0.0	0.0
4950	56408	0.0	0.0	0.0	0.0
4950	56408	0.0	0.0	0.0	0.0
4950	56408	0.0	0.0	0.0	0.0
4950	56408	0.0	0.0	0.0	0.0
4950	56408	0.0	0.0	0.0	0.0
4950	56408	0.0	0.0	0.0	0.0
4950	56408	0.0	0.0	0.0	0.0
4950	56408	0.0	0.0	0.0	0.0
4950	56408	0.0	0.0	0.0	0.0
4950	56408	0.0	0.0	0.0	0.0
4950	56408	0.0	0.0	0.0	0.0
4950	56408	0.0	0.0	0.0	0.0
4950	56408	0.0	0.0	0.0	0.0
4950	56408	0.0	0.0	0.0	0.0
4950	56408	0.0	0.0	0.0	0.0
4950	56408	0.0	0.0	0.0	0.0
4950	56408	0.0	0.0	0.0	0.0
4950	56408	0.0	0.0	0.0	0.0
4950	56408	0.0	0.0	0.0	0.0
4950	56408	0.0	0.0	0.0	0.0
4950	56408	0.0	0.0	0.0	0.0
4950	56408	0.0	0.0	0.0	0.0
4950	56408	0.0	0.0	0.0	0.0
4950	56408	0.0	0.0	0.0	0.0
4950	56408	0.0	0.0	0.0	0.0
4950	56408	0.0	0.0	0.0	0.0
4950	56408	0.0	0.0	0.0	0.0
4950	56426	0.16	0.0	0.0	0.0
4950	56426	0.2	0.112	0.048	0.088
4950	56426	0.216	0.04	0.16	0.176
4950	56426	0.16	0.008	0.208	0.152
4950	56426	0.168	0.016	0.176	0.184
4950	56426	0.168	0.024	0.192	0.192
4950	56426	0.136	0.096	0.072	0.04
4950	56426	0.16	0.016	0.12	0.144
4950	56426	0.2	0.04	0.2	0.24
4950	56426	0.144	0.112	0.088	0.032
4950	56426	0.216	0.016	0.16	0.232
4950	56426	0.144	0.072	0.144	0.072
4950	56426	0.176	0.008	0.152	0.184
4950	56426	0.224	0.008	0.184	0.232
4950	56426	0.192	0.048	0.176	0.144
4950	56426	0.168	0.088	0.104	0.08
4950	56426	0.112	0.032	0.136	0.08
4950	56426	0.176	0.112	0.224	0.288
4950	56426	0.2	0.072	0.248	0.272
4950	56426	0.168	0.048	0.152	0.12
4950	56426	0.176	0.016	0.184	0.192
4950	56426	0.112	0.056	0.12	0.056
4950	56426	0.128	0.008	0.12	0.136
4950	56426	0.2	0.032	0.16	0.232
4950	56426	0.208	0.048	0.152	0.16
4950	56426	0.192	0.016	0.192	0.176
4950	56426	0.128	0.056	0.248	0.184
4950	56426	0.12	0.112	0.24	0.232
4950	56426	0.208	0.016	0.104	0.192
4950	56426	0.146	0.048	0.16	0.098
4950	56426	0.168	0.03	0.176	0.198
4950	56426	0.192	0.04	0.208	0.232
4950	56426	0.096	0.064	0.256	0.16
4950	56426	0.088	0.288	0.384	0.376
4950	56426	0.128	0.144	0.232	0.272
4950	56426	0.2	0.04	0.168	0.24
4950	56426	0.184	0.072	0.128	0.112
4950	56426	0.136	0.032	0.216	0.168
4950	56426	0.176	0.008	0.144	0.184
4950	56426	0.136	0.064	0.112	0.072
4950	56426	0.176	0.064	0.072	0.112
4950	56426	0.176	0.16	0.336	0.336
4950	56426	0.24	0.008	0.168	0.232
4950	56426	0.177	0.104	0.136	0.073
4950	56426	0.16	0.103	0.28	0.263
4950	56426	0.216	0.032	0.192	0.248
4950	56426	0.224	0.096	0.12	0.128
4950	56426	0.184	0.072	0.296	0.256
4950	56426	0.16	0.016	0.168	0.144
4950	56426	0.0	0.0	0.0	0.0
4950	56426	0.0	0.0	0.0	0.0
4950	56426	0.0	0.0	0.0	0.0
4950	56426	0.0	0.0	0.0	0.0
4950	56426	0.0	0.0	0.0	0.0
4950	56426	0.0	0.0	0.0	0.0
4950	56426	0.0	0.0	0.0	0.0
4950	56426	0.0	0.0	0.0	0.0
4950	56426	0.0	0.0	0.0	0.0
4950	56426	0.0	0.0	0.0	0.0
4950	56426	0.0	0.0	0.0	0.0
4950	56426	0.0	0.0	0.0	0.0
4950	56426	0.0	0.0	0.0	0.0
4950	56426	0.0	0.0	0.0	0.0
4950	56426	0.0	0.0	0.0	0.0
4950	56426	0.0	0.0	0.0	0.0
4950	56426	0.0	0.0	0.0	0.0
4950	56426	0.0	0.0	0.0	0.0
4950	56426	0.0	0.0	0.0	0.0
4950	56426	0.0	0.0	0.0	0.0
4950	56426	0.0	0.0	0.0	0.0
4950	56444	0.224	0.0	0.0	0.0
4950	56444	0.16	0.168	0.056	0.008
4950	56444	0.176	0.032	0.192	0.208
4950	56444	0.144	0.056	0.12	0.088
4950	56444	0.176	0.216	0.36	0.392
4950	56444	0.192	0.032	0.144	0.16
4950	56444	0.216	0.024	0.216	0.24
4950	56444	0.152	0.096	0.12	0.056
4950	56444	0.224	0.024	0.128	0.2
4950	56444	0.12	0.056	0.168	0.064
4950	56444	0.152	0.032	0.088	0.12
4950	56444	0.152	0.072	0.224	0.224
4950	56444	0.184	0.056	0.208	0.24
4950	56444	0.176	0.088	0.096	0.088
4950	56444	0.208	0.032	0.144	0.176
4950	56444	0.056	0.072	0.136	0.016
4950	56444	0.16	0.072	0.128	0.232
4950	56444	0.16	0.024	0.184	0.184
4950	56444	0.176	0.024	0.136	0.152
4950	56444	0.144	0.056	0.12	0.088
4950	56444	0.192	0.032	0.112	0.16
4950	56444	0.176	0.096	0.096	0.08
4950	56444	0.144	0.344	0.52	0.488
4950	56444	0.184	0.104	0.248	0.288
4950	56444	0.176	0.032	0.152	0.144
4950	56444	0.176	0.08	0.256	0.256
4950	56444	0.336	0.152	0.328	0.488
4950	56444	0.152	0.136	0.472	0.288
4950	56444	0.169	0.08	0.232	0.249
4950	56444	0.208	0.017	0.152	0.191
4950	56444	0.304	0.064	0.144	0.24
4950	56444	0.28	0.168	0.136	0.112
4950	56444	0.216	0.184	0.464	0.4
4950	56444	0.232	0.12	0.336	0.352
4950	56444	0.159	0.071	0.161	0.088
4950	56444	0.192	0.04	0.119	0.152
4950	56444	0.177	0.032	0.16	0.145
4950	56444	0.144	0.033	0.144	0.111
4950	56444	0.196	0.008	0.136	0.188
4950	56444	0.152	0.052	0.144	0.1
4950	56444	0.24	0.016	0.136	0.224
4950	56444	0.144	0.104	0.136	0.04
4950	56444	0.169	0.08	0.224	0.249
4950	56444	0.128	0.055	0.224	0.183
4950	56444	0.168	0.088	0.216	0.256
4950	56444	0.082	0.224	0.392	0.306
4950	56444	0.144	0.062	0.144	0.206
4950	56444	0.159	0.273	0.417	0.432
4950	56444	0.184	0.016	0.143	0.168
4950	56444	0.152	0.04	0.144	0.112
4950	56444	0.152	0.4	0.552	0.552
4950	56444	0.191	0.015	0.137	0.176
4950	56444	0.089	0.024	0.215	0.113
4950	56444	0.272	0.543	0.632	0.815
4950	56444	0.312	0.105	0.377	0.417
4950	56444	0.223	0.16	0.152	0.063
4950	56444	0.193	0.088	0.311	0.281
4950	56444	0.176	0.049	0.144	0.127
4950	56444	0.0	0.0	0.0	0.0
4950	56444	0.0	0.0	0.0	0.0
4950	56444	0.0	0.0	0.0	0.0
4950	56444	0.0	0.0	0.0	0.0
4950	56444	0.0	0.0	0.0	0.0
4950	56444	0.0	0.0	0.0	0.0
4950	56444	0.0	0.0	0.0	0.0
4950	56444	0.0	0.0	0.0	0.0
4950	56444	0.0	0.0	0.0	0.0
4950	56444	0.0	0.0	0.0	0.0
4950	56444	0.0	0.0	0.0	0.0
4950	56444	0.0	0.0	0.0	0.0
4950	56467	0.144	0.0	0.0	0.0
4950	56467	0.192	0.056	0.088	0.136
4950	56467	0.145	0.041	0.151	0.104
4950	56467	0.193	0.057	0.088	0.136
4950	56467	0.176	0.041	0.152	0.135
4950	56467	0.166	0.058	0.234	0.224
4950	56467	0.105	0.112	0.054	0.007
4950	56467	0.153	0.039	0.144	0.192
4950	56467	0.144	0.272	0.425	0.416
4950	56467	0.169	0.007	0.151	0.176
4950	56467	0.177	0.063	0.232	0.24
4950	56467	0.184	0.024	0.153	0.16
4950	56467	0.151	0.008	0.176	0.143
4950	56467	0.168	0.007	0.144	0.161
4950	56467	0.096	0.031	0.199	0.127
4950	56467	0.249	0.008	0.104	0.257
4950	56467	0.183	0.08	0.169	0.103
4950	56467	0.169	0.056	0.239	0.225
4950	56467	0.191	0.072	0.097	0.119
4950	56467	0.152	0.009	0.2	0.161
4950	56467	0.257	0.127	0.279	0.384
4950	56467	0.119	0.032	0.225	0.087
4950	56467	0.176	0.089	0.208	0.265
4950	56467	0.2	0.008	0.168	0.192
4950	56467	0.2	0.472	0.672	0.672
4950	56467	0.113	0.191	0.391	0.304
4950	56467	0.16	0.144	0.257	0.304
4950	56467	0.16	0.104	0.056	0.056
4950	56467	0.24	0.088	0.248	0.328
4950	56467	0.192	0.08	0.32	0.272
4950	56467	0.192	0.008	0.2	0.2
4950	56467	0.167	0.08	0.112	0.087
4950	56467	0.112	0.817	0.984	0.929
4950	56467	0.104	0.144	0.256	0.248
4950	56467	0.096	0.688	0.792	0.784
4950	56467	0.112	0.384	0.48	0.496
4950	56467	0.256	0.504	0.616	0.76
4950	56467	0.224	0.032	0.224	0.192
4950	56467	0.23	0.03	0.194	0.2
4950	56467	0.096	0.912	1.142	1.008
4950	56467	0.096	0.32	0.416	0.416
4950	56467	0.128	0.104	0.2	0.232
4950	56467	0.192	0.008	0.12	0.184
4950	56467	0.152	0.024	0.216	0.176
4950	56467	0.2	0.424	0.576	0.624
4950	56467	0.304	0.048	0.248	0.352
4950	56467	0.2	0.128	0.176	0.072
4950	56467	0.192	0.024	0.176	0.168
4950	56467	0.184	0.024	0.216	0.208
4950	56467	0.096	0.192	0.376	0.288
4950	56467	0.184	0.144	0.24	0.328
4950	56467	0.2	0.056	0.128	0.144
4950	56467	0.0	0.0	0.0	0.0
4950	56467	0.0	0.0	0.0	0.0
4950	56467	0.0	0.0	0.0	0.0
4950	56467	0.0	0.0	0.0	0.0
4950	56467	0.0	0.0	0.0	0.0
4950	56467	0.0	0.0	0.0	0.0
4950	56467	0.0	0.0	0.0	0.0
4950	56467	0.0	0.0	0.0	0.0
4950	56467	0.0	0.0	0.0	0.0
4950	56467	0.0	0.0	0.0	0.0
4950	56467	0.0	0.0	0.0	0.0
4950	56467	0.0	0.0	0.0	0.0
4950	56467	0.0	0.0	0.0	0.0
4950	56467	0.0	0.0	0.0	0.0
4950	56467	0.0	0.0	0.0	0.0
4950	56467	0.0	0.0	0.0	0.0
4950	56467	0.0	0.0	0.0	0.0
4950	56467	0.0	0.0	0.0	0.0
4950	56497	0.176	0.0	0.0	0.0
4950	56497	0.16	0.112	0.064	0.048
4950	56497	0.136	0.016	0.176	0.152
4950	56497	0.176	0.072	0.064	0.104
4950	56497	0.192	0.04	0.216	0.232
4950	56497	0.2	0.08	0.112	0.12
4950	56497	0.248	0.184	0.384	0.432
4950	56497	0.152	0.096	0.152	0.056
4950	56497	0.144	0.136	0.288	0.28
4950	56497	0.185	0.072	0.216	0.257
4950	56497	0.184	0.033	0.152	0.151
4950	56497	0.176	0.064	0.12	0.112
4950	56497	0.168	0.016	0.16	0.152
4950	56497	0.136	0.056	0.112	0.08
4950	56497	0.096	0.048	0.184	0.144
4950	56497	0.152	0.032	0.128	0.184
4950	56497	0.144	0.16	0.312	0.304
4950	56497	0.199	0.073	0.217	0.272
4950	56497	0.152	0.016	0.183	0.136
4950	56497	0.2	0.056	0.208	0.256
4950	56497	0.192	0.008	0.208	0.2
4950	56497	0.136	0.224	0.416	0.36
4950	56497	0.12	0.072	0.208	0.192
4950	56497	0.184	0.008	0.128	0.192
4950	56497	0.16	0.048	0.136	0.112
4950	56497	0.184	0.016	0.144	0.168
4950	56497	0.144	0.096	0.088	0.048
4950	56497	0.168	0.008	0.152	0.176
4950	56497	0.16	0.04	0.128	0.12
4950	56497	0.184	0.032	0.192	0.216
4950	56497	0.128	0.04	0.144	0.088
4950	56497	0.152	0.04	0.168	0.192
4950	56497	0.128	0.056	0.096	0.072
4950	56497	0.2	0.096	0.224	0.296
4950	56497	0.152	0.36	0.56	0.512
4950	56497	0.128	0.36	0.512	0.488
4950	56497	0.145	0.072	0.2	0.217
4950	56497	0.168	0.007	0.152	0.175
4950	56497	0.184	0.04	0.208	0.224
4950	56497	0.168	0.048	0.136	0.12
4950	56497	0.176	0.056	0.224	0.232
4950	56497	0.168	0.08	0.096	0.088
4950	56497	0.168	0.04	0.208	0.208
4950	56497	0.2	0.008	0.176	0.208
4950	56497	0.183	0.009	0.209	0.192
4950	56497	0.192	0.048	0.135	0.144
4950	56497	0.0	0.0	0.0	0.0
4950	56497	0.0	0.0	0.0	0.0
4950	56497	0.0	0.0	0.0	0.0
4950	56497	0.0	0.0	0.0	0.0
4950	56497	0.0	0.0	0.0	0.0
4950	56497	0.0	0.0	0.0	0.0
4950	56497	0.0	0.0	0.0	0.0
4950	56497	0.0	0.0	0.0	0.0
4950	56497	0.0	0.0	0.0	0.0
4950	56497	0.0	0.0	0.0	0.0
4950	56497	0.0	0.0	0.0	0.0
4950	56497	0.0	0.0	0.0	0.0
4950	56497	0.0	0.0	0.0	0.0
4950	56497	0.0	0.0	0.0	0.0
4950	56497	0.0	0.0	0.0	0.0
4950	56497	0.0	0.0	0.0	0.0
4950	56497	0.0	0.0	0.0	0.0
4950	56497	0.0	0.0	0.0	0.0
4950	56497	0.0	0.0	0.0	0.0
4950	56497	0.0	0.0	0.0	0.0
4950	56497	0.0	0.0	0.0	0.0
4950	56497	0.0	0.0	0.0	0.0
4950	56497	0.0	0.0	0.0	0.0
4950	56497	0.0	0.0	0.0	0.0
4950	56511	0.192	0.0	0.0	0.0
4950	56511	0.168	0.104	0.088	0.064
4950	56511	0.2	0.072	0.24	0.272
4950	56511	0.184	0.08	0.12	0.104
4950	56511	0.136	0.072	0.112	0.064
4950	56511	0.208	0.104	0.24	0.312
4950	56511	0.176	0.024	0.184	0.152
4950	56511	0.096	0.848	1.024	0.944
4950	56511	0.112	0.088	0.184	0.2
4950	56511	0.224	0.312	0.424	0.536
4950	56511	0.232	0.192	0.416	0.424
4950	56511	0.216	0.144	0.088	0.072
4950	56511	0.16	0.024	0.192	0.136
4950	56511	0.176	0.2	0.36	0.376
4950	56511	0.168	0.144	0.32	0.312
4950	56511	0.184	0.016	0.184	0.2
4950	56511	0.136	0.056	0.128	0.08
4950	56511	0.16	0.032	0.168	0.192
4950	56511	0.208	0.032	0.128	0.176
4950	56511	0.144	0.032	0.176	0.112
4950	56511	0.144	0.008	0.152	0.152
4950	56511	0.12	0.448	0.592	0.568
4950	56511	0.176	0.088	0.208	0.264
4950	56511	0.2	0.304	0.48	0.504
4950	56511	0.136	0.016	0.184	0.12
4950	56511	0.16	0.168	0.304	0.328
4950	56511	0.168	0.104	0.264	0.272
4950	56511	0.16	0.104	0.272	0.264
4950	56511	0.169	0.024	0.184	0.193
4950	56511	0.168	0.079	0.248	0.247
4950	56511	0.168	0.008	0.176	0.176
4950	56511	0.256	0.12	0.288	0.376
4950	56511	0.128	0.024	0.232	0.104
4950	56511	0.192	0.064	0.192	0.256
4950	56511	0.176	0.008	0.184	0.168
4950	56511	0.144	0.048	0.128	0.096
4950	56511	0.096	0.072	0.216	0.168
4950	56511	0.176	0.088	0.184	0.264
4950	56511	0.176	0.088	0.088	0.088
4950	56511	0.216	0.024	0.152	0.192
4950	56511	0.16	0.056	0.16	0.104
4950	56511	0.168	0.08	0.08	0.088
4950	56511	0.184	0.016	0.152	0.168
4950	56511	0.168	0.072	0.112	0.096
4950	56511	0.176	0.072	0.096	0.104
4950	56511	0.176	0.064	0.112	0.112
4950	56511	0.176	0.112	0.288	0.288
4950	56511	0.2	0.04	0.216	0.24
4950	56511	0.224	0.016	0.216	0.24
4950	56511	0.144	0.032	0.256	0.176
4950	56511	0.152	0.224	0.368	0.376
4950	56511	0.2	0.096	0.248	0.296
4950	56511	0.216	0.016	0.184	0.2
4950	56511	0.176	0.024	0.192	0.152
4950	56511	0.168	0.008	0.168	0.16
4950	56511	0.169	0.04	0.208	0.209
4950	56511	0.192	0.049	0.12	0.143
4950	56511	0.192	0.032	0.224	0.224
4950	56511	0.224	0.016	0.176	0.208
4950	56511	0.208	0.104	0.12	0.104
4950	56511	0.198	0.054	0.154	0.144
4950	56511	0.176	0.024	0.222	0.2
4950	56511	0.135	0.305	0.481	0.44
4950	56511	0.2	0.024	0.111	0.176
4950	56511	0.256	0.016	0.216	0.272
4950	56511	0.144	0.072	0.184	0.072
4950	56511	0.207	0.017	0.161	0.224
4950	56511	0.2	0.048	0.159	0.152
4950	56511	0.2	0.056	0.144	0.144
4950	56511	0.2	0.032	0.232	0.232
4950	56538	2.6	0.0	0.0	0.0
4950	56538	0.208	0.552	2.048	0.344
4950	56538	0.152	0.128	0.08	0.024
4950	56538	0.168	0.016	0.168	0.184
4950	56538	0.168	0.056	0.224	0.224
4950	56538	0.073	0.008	0.176	0.081
4950	56538	0.121	0.279	0.352	0.4
4950	56538	0.144	1.351	1.472	1.495
4950	56538	0.144	0.064	0.208	0.208
4950	56538	0.168	0.088	0.232	0.256
4950	56538	0.248	0.056	0.224	0.304
4950	56538	0.08	0.192	0.44	0.272
4950	56538	0.176	0.048	0.128	0.224
4950	56538	0.248	0.08	0.096	0.168
4950	56538	0.272	0.048	0.2	0.224
4950	56538	0.168	0.128	0.144	0.04
4950	56538	0.2	0.048	0.216	0.248
4950	56538	0.216	0.152	0.352	0.368
4950	56538	0.136	0.088	0.128	0.048
4950	56538	0.176	0.008	0.128	0.168
4950	56538	0.152	0.008	0.168	0.144
4950	56538	0.152	0.008	0.16	0.16
4950	56538	0.224	0.136	0.288	0.36
4950	56538	0.16	0.08	0.144	0.08
4950	56538	0.264	0.072	0.088	0.192
4950	56538	0.2	0.072	0.192	0.128
4950	56538	0.176	0.016	0.184	0.16
4950	56538	0.2	0.312	0.488	0.512
4950	56538	0.176	0.176	0.376	0.352
4950	56538	0.16	0.048	0.224	0.208
4950	56538	0.192	0.04	0.12	0.152
4950	56538	0.136	0.08	0.272	0.216
4950	56538	0.16	0.08	0.216	0.24
4950	56538	0.152	0.08	0.24	0.232
4950	56538	0.184	0.04	0.112	0.144
4950	56538	0.112	0.088	0.272	0.2
4950	56538	0.136	0.12	0.232	0.256
4950	56538	0.184	0.024	0.112	0.16
4950	56538	0.16	0.096	0.28	0.256
4950	56538	0.144	0.088	0.248	0.232
4950	56538	0.216	0.08	0.224	0.296
4950	56538	0.184	0.016	0.2	0.168
4950	56538	0.104	0.016	0.2	0.12
4950	56538	0.168	0.048	0.152	0.216
4950	56538	0.168	0.032	0.136	0.136
4950	56538	0.144	0.072	0.24	0.216
4950	56538	0.192	0.056	0.088	0.136
4950	56538	0.144	0.008	0.184	0.136
4950	56538	0.242	0.024	0.168	0.266
4950	56538	0.168	0.13	0.112	0.038
4950	56538	0.208	0.128	0.296	0.336
4950	56538	0.248	0.048	0.16	0.2
4950	56538	0.16	0.088	0.16	0.072
4950	56538	0.216	0.008	0.168	0.224
4950	56538	0.264	0.048	0.168	0.216
4950	56538	0.24	0.28	0.544	0.52
4950	56538	0.184	0.12	0.12	0.064
4950	56538	0.2	0.064	0.248	0.264
4950	56538	0.136	0.016	0.184	0.12
4950	56538	0.144	0.128	0.264	0.272
4950	56538	0.152	0.016	0.128	0.136
4950	56538	0.0	0.0	0.0	0.0
4950	56538	0.0	0.0	0.0	0.0
4950	56538	0.0	0.0	0.0	0.0
4950	56538	0.0	0.0	0.0	0.0
4950	56538	0.0	0.0	0.0	0.0
4950	56538	0.0	0.0	0.0	0.0
4950	56538	0.0	0.0	0.0	0.0
4950	56538	0.0	0.0	0.0	0.0
4950	56538	0.0	0.0	0.0	0.0
4950	56555	0.232	0.0	0.0	0.0
4950	56555	0.129	0.16	0.072	0.031
4950	56555	0.192	0.103	0.232	0.295
4950	56555	0.143	0.055	0.137	0.088
4950	56555	0.184	0.032	0.175	0.216
4950	56555	0.104	0.36	0.544	0.464
4950	56555	0.16	0.16	0.264	0.32
4950	56555	0.2	0.032	0.128	0.168
4950	56555	0.176	0.04	0.16	0.136
4950	56555	0.096	0.104	0.28	0.2
4950	56555	0.104	0.104	0.2	0.208
4950	56555	0.192	0.04	0.144	0.232
4950	56555	0.168	0.048	0.24	0.216
4950	56555	0.16	0.24	0.408	0.4
4950	56555	0.176	0.032	0.192	0.208
4950	56555	0.167	0.033	0.209	0.2
4950	56555	0.16	0.008	0.175	0.168
4950	56555	0.184	0.04	0.12	0.144
4950	56555	0.144	0.048	0.136	0.096
4950	56555	0.176	0.056	0.088	0.12
4950	56555	0.143	0.039	0.137	0.104
4950	56555	0.224	0.048	0.191	0.272
4950	56555	0.256	0.056	0.168	0.2
4950	56555	0.248	0.096	0.352	0.344
4950	56555	0.159	0.185	0.433	0.344
4950	56555	0.208	0.056	0.103	0.152
4950	56555	0.096	0.056	0.264	0.152
4950	56555	0.128	0.008	0.104	0.136
4950	56555	0.176	0.304	0.432	0.48
4950	56555	0.208	0.08	0.256	0.288
4950	56555	0.16	0.136	0.344	0.296
4950	56555	0.247	0.009	0.169	0.256
4950	56555	0.2	0.112	0.135	0.088
4950	56555	0.176	0.064	0.264	0.24
4950	56555	0.152	0.096	0.08	0.056
4950	56555	0.12	0.272	0.424	0.392
4950	56555	0.182	0.162	0.282	0.344
4950	56555	0.16	0.12	0.062	0.04
4950	56555	0.28	0.088	0.248	0.368
4950	56555	0.216	0.152	0.128	0.064
4950	56555	0.224	0.048	0.264	0.272
4950	56555	0.208	0.008	0.216	0.2
4950	56555	0.224	0.104	0.312	0.328
4950	56555	0.2	0.072	0.152	0.128
4950	56555	0.168	0.024	0.224	0.192
4950	56555	0.168	0.016	0.152	0.152
4950	56555	0.2	0.192	0.36	0.392
4950	56555	0.184	0.264	0.464	0.448
4950	56555	0.16	0.048	0.136	0.112
4950	56555	0.176	0.024	0.184	0.2
4950	56555	0.178	0.04	0.216	0.218
4950	56555	0.168	0.026	0.152	0.142
4950	56555	0.0	0.0	0.0	0.0
4950	56555	0.0	0.0	0.0	0.0
4950	56555	0.0	0.0	0.0	0.0
4950	56555	0.0	0.0	0.0	0.0
4950	56555	0.0	0.0	0.0	0.0
4950	56555	0.0	0.0	0.0	0.0
4950	56555	0.0	0.0	0.0	0.0
4950	56555	0.0	0.0	0.0	0.0
4950	56555	0.0	0.0	0.0	0.0
4950	56555	0.0	0.0	0.0	0.0
4950	56555	0.0	0.0	0.0	0.0
4950	56555	0.0	0.0	0.0	0.0
4950	56555	0.0	0.0	0.0	0.0
4950	56555	0.0	0.0	0.0	0.0
4950	56555	0.0	0.0	0.0	0.0
4950	56555	0.0	0.0	0.0	0.0
4950	56555	0.0	0.0	0.0	0.0
4950	56555	0.0	0.0	0.0	0.0
4950	56573	0.176	0.0	0.0	0.0
4950	56573	0.176	0.088	0.088	0.088
4950	56573	0.192	0.024	0.2	0.216
4950	56573	0.168	0.056	0.136	0.112
4950	56573	0.2	0.008	0.176	0.208
4950	56573	0.144	0.112	0.088	0.032
4950	56573	0.152	0.008	0.136	0.144
4950	56573	0.193	0.04	0.112	0.153
4950	56573	0.2	0.049	0.144	0.151
4950	56573	0.177	0.072	0.272	0.249
4950	56573	0.177	0.023	0.2	0.2
4950	56573	0.217	0.065	0.112	0.152
4950	56573	0.207	0.136	0.353	0.343
4950	56573	0.16	0.24	0.447	0.4
4950	56573	0.186	0.12	0.28	0.306
4950	56573	0.168	0.01	0.176	0.158
4950	56573	0.232	0.176	0.344	0.408
4950	56573	0.136	0.152	0.08	0.016
4950	56573	0.126	0.05	0.186	0.176
4950	56573	0.144	0.032	0.158	0.176
4950	56573	0.152	0.008	0.136	0.144
4950	56573	0.24	0.04	0.112	0.2
4950	56573	0.184	0.08	0.16	0.104
4950	56573	0.24	0.056	0.24	0.296
4950	56573	0.088	0.2	0.44	0.288
4950	56573	0.128	0.152	0.24	0.28
4950	56573	0.144	0.064	0.192	0.208
4950	56573	0.231	0.095	0.049	0.136
4950	56573	0.176	0.008	0.239	0.184
4950	56573	0.176	0.008	0.168	0.168
4950	56573	0.872	0.296	0.472	1.168
4950	56573	0.184	0.728	0.144	0.544
4950	56573	0.184	0.056	0.24	0.24
4950	56573	0.489	0.752	0.936	1.241
4950	56573	0.216	0.28	0.209	0.064
4950	56573	0.112	0.287	0.503	0.399
4950	56573	0.336	0.192	0.304	0.528
4950	56573	0.2	0.168	0.168	0.032
4950	56573	0.0	0.0	0.0	0.0
4950	56573	0.0	0.0	0.0	0.0
4950	56573	0.0	0.0	0.0	0.0
4950	56573	0.0	0.0	0.0	0.0
4950	56573	0.0	0.0	0.0	0.0
4950	56573	0.0	0.0	0.0	0.0
4950	56573	0.0	0.0	0.0	0.0
4950	56573	0.0	0.0	0.0	0.0
4950	56573	0.0	0.0	0.0	0.0
4950	56573	0.0	0.0	0.0	0.0
4950	56573	0.0	0.0	0.0	0.0
4950	56573	0.0	0.0	0.0	0.0
4950	56573	0.0	0.0	0.0	0.0
4950	56573	0.0	0.0	0.0	0.0
4950	56573	0.0	0.0	0.0	0.0
4950	56573	0.0	0.0	0.0	0.0
4950	56573	0.0	0.0	0.0	0.0
4950	56573	0.0	0.0	0.0	0.0
4950	56573	0.0	0.0	0.0	0.0
4950	56573	0.0	0.0	0.0	0.0
4950	56573	0.0	0.0	0.0	0.0
4950	56573	0.0	0.0	0.0	0.0
4950	56573	0.0	0.0	0.0	0.0
4950	56573	0.0	0.0	0.0	0.0
4950	56573	0.0	0.0	0.0	0.0
4950	56573	0.0	0.0	0.0	0.0
4950	56573	0.0	0.0	0.0	0.0
4950	56573	0.0	0.0	0.0	0.0
4950	56573	0.0	0.0	0.0	0.0
4950	56573	0.0	0.0	0.0	0.0
4950	56573	0.0	0.0	0.0	0.0
4950	56573	0.0	0.0	0.0	0.0
4950	56587	0.183	0.0	0.0	0.0
4950	56587	0.21	0.08	0.103	0.13
4950	56587	0.145	0.342	0.552	0.487
4950	56587	0.168	0.047	0.192	0.215
4950	56587	0.208	0.04	0.128	0.168
4950	56587	0.193	0.008	0.216	0.201
4950	56587	0.199	0.104	0.089	0.095
4950	56587	0.192	0.079	0.12	0.113
4950	56587	0.151	0.031	0.161	0.12
4950	56587	0.2	0.025	0.126	0.175
4950	56587	0.144	0.095	0.105	0.049
4950	56587	0.192	0.033	0.111	0.159
4950	56587	0.199	0.095	0.097	0.104
4950	56587	0.152	0.04	0.239	0.192
4950	56587	0.13	0.024	0.176	0.154
4950	56587	0.136	0.054	0.184	0.19
4950	56587	0.177	0.064	0.2	0.241
4950	56587	0.199	0.264	0.441	0.463
4950	56587	0.185	0.048	0.247	0.233
4950	56587	0.169	0.007	0.192	0.176
4950	56587	0.0	0.0	0.0	0.0
4950	56587	0.0	0.0	0.0	0.0
4950	56587	0.0	0.0	0.0	0.0
4950	56587	0.0	0.0	0.0	0.0
4950	56587	0.0	0.0	0.0	0.0
4950	56587	0.0	0.0	0.0	0.0
4950	56587	0.0	0.0	0.0	0.0
4950	56587	0.0	0.0	0.0	0.0
4950	56587	0.0	0.0	0.0	0.0
4950	56587	0.0	0.0	0.0	0.0
4950	56587	0.0	0.0	0.0	0.0
4950	56587	0.0	0.0	0.0	0.0
4950	56587	0.0	0.0	0.0	0.0
4950	56587	0.0	0.0	0.0	0.0
4950	56587	0.0	0.0	0.0	0.0
4950	56587	0.0	0.0	0.0	0.0
4950	56587	0.0	0.0	0.0	0.0
4950	56587	0.0	0.0	0.0	0.0
4950	56587	0.0	0.0	0.0	0.0
4950	56587	0.0	0.0	0.0	0.0
4950	56587	0.0	0.0	0.0	0.0
4950	56587	0.0	0.0	0.0	0.0
4950	56587	0.0	0.0	0.0	0.0
4950	56587	0.0	0.0	0.0	0.0
4950	56587	0.0	0.0	0.0	0.0
4950	56587	0.0	0.0	0.0	0.0
4950	56587	0.0	0.0	0.0	0.0
4950	56587	0.0	0.0	0.0	0.0
4950	56587	0.0	0.0	0.0	0.0
4950	56587	0.0	0.0	0.0	0.0
4950	56587	0.0	0.0	0.0	0.0
4950	56587	0.0	0.0	0.0	0.0
4950	56587	0.0	0.0	0.0	0.0
4950	56587	0.0	0.0	0.0	0.0
4950	56587	0.0	0.0	0.0	0.0
4950	56587	0.0	0.0	0.0	0.0
4950	56587	0.0	0.0	0.0	0.0
4950	56587	0.0	0.0	0.0	0.0
4950	56587	0.0	0.0	0.0	0.0
4950	56587	0.0	0.0	0.0	0.0
4950	56587	0.0	0.0	0.0	0.0
4950	56587	0.0	0.0	0.0	0.0
4950	56587	0.0	0.0	0.0	0.0
4950	56587	0.0	0.0	0.0	0.0
4950	56587	0.0	0.0	0.0	0.0
4950	56587	0.0	0.0	0.0	0.0
4950	56587	0.0	0.0	0.0	0.0
4950	56587	0.0	0.0	0.0	0.0
4950	56587	0.0	0.0	0.0	0.0
4950	56587	0.0	0.0	0.0	0.0
