PARTICIPANT_ID	TEST_SECTION_ID	HOLD_LATENCY	INTERKEY_LATENCY	PRESS_LATENCY	RELEASE_LATENCY
5062	53639	0.132	0.0	0.0	0.0
5062	53639	0.089	0.073	0.059	0.016
5062	53639	0.114	0.091	0.18	0.205
5062	53639	0.104	0.022	0.092	0.082
5062	53639	0.118	0.518	0.622	0.636
5062	53639	0.114	0.115	0.233	0.229
5062	53639	0.105	0.029	0.143	0.134
5062	53639	0.091	0.06	0.165	0.151
5062	53639	0.118	0.0	0.091	0.118
5062	53639	0.135	0.0	0.118	0.135
5062	53639	0.167	0.044	0.091	0.123
5062	53639	0.12	0.008	0.159	0.112
5062	53639	0.112	0.054	0.066	0.058
5062	53639	0.113	0.024	0.088	0.089
5062	53639	0.109	0.0	0.113	0.109
5062	53639	0.118	0.056	0.053	0.062
5062	53639	0.143	0.02	0.098	0.123
5062	53639	0.117	0.074	0.069	0.043
5062	53639	0.111	0.0	0.117	0.111
5062	53639	0.082	0.026	0.085	0.056
5062	53639	0.089	0.056	0.138	0.145
5062	53639	0.113	0.009	0.08	0.104
5062	53639	0.079	0.001	0.114	0.08
5062	53639	0.129	0.093	0.172	0.222
5062	53639	0.11	0.021	0.108	0.089
5062	53639	0.115	0.016	0.126	0.131
5062	53639	0.089	0.184	0.299	0.273
5062	53639	0.269	0.055	0.034	0.214
5062	53639	0.108	0.14	0.129	0.032
5062	53639	0.103	0.035	0.073	0.068
5062	53639	0.091	0.096	0.199	0.187
5062	53639	0.0	0.0	0.0	0.0
5062	53639	0.0	0.0	0.0	0.0
5062	53639	0.0	0.0	0.0	0.0
5062	53639	0.0	0.0	0.0	0.0
5062	53639	0.0	0.0	0.0	0.0
5062	53639	0.0	0.0	0.0	0.0
5062	53639	0.0	0.0	0.0	0.0
5062	53639	0.0	0.0	0.0	0.0
5062	53639	0.0	0.0	0.0	0.0
5062	53639	0.0	0.0	0.0	0.0
5062	53639	0.0	0.0	0.0	0.0
5062	53639	0.0	0.0	0.0	0.0
5062	53639	0.0	0.0	0.0	0.0
5062	53639	0.0	0.0	0.0	0.0
5062	53639	0.0	0.0	0.0	0.0
5062	53639	0.0	0.0	0.0	0.0
5062	53639	0.0	0.0	0.0	0.0
5062	53639	0.0	0.0	0.0	0.0
5062	53639	0.0	0.0	0.0	0.0
5062	53639	0.0	0.0	0.0	0.0
5062	53639	0.0	0.0	0.0	0.0
5062	53639	0.0	0.0	0.0	0.0
5062	53639	0.0	0.0	0.0	0.0
5062	53639	0.0	0.0	0.0	0.0
5062	53639	0.0	0.0	0.0	0.0
5062	53639	0.0	0.0	0.0	0.0
5062	53639	0.0	0.0	0.0	0.0
5062	53639	0.0	0.0	0.0	0.0
5062	53639	0.0	0.0	0.0	0.0
5062	53639	0.0	0.0	0.0	0.0
5062	53639	0.0	0.0	0.0	0.0
5062	53639	0.0	0.0	0.0	0.0
5062	53639	0.0	0.0	0.0	0.0
5062	53639	0.0	0.0	0.0	0.0
5062	53639	0.0	0.0	0.0	0.0
5062	53639	0.0	0.0	0.0	0.0
5062	53639	0.0	0.0	0.0	0.0
5062	53639	0.0	0.0	0.0	0.0
5062	53639	0.0	0.0	0.0	0.0
5062	53649	2.217	0.0	0.0	0.0
5062	53649	0.113	0.198	2.019	0.085
5062	53649	0.163	0.165	0.278	0.328
5062	53649	0.141	0.055	0.108	0.086
5062	53649	0.057	0.024	0.165	0.081
5062	53649	0.164	0.078	0.135	0.242
5062	53649	0.134	0.096	0.068	0.038
5062	53649	0.057	0.057	0.077	0.0
5062	53649	0.075	0.066	0.123	0.141
5062	53649	0.13	0.087	0.162	0.217
5062	53649	0.088	0.055	0.075	0.033
5062	53649	0.107	0.058	0.03	0.049
5062	53649	0.12	0.049	0.058	0.071
5062	53649	0.147	0.06	0.18	0.207
5062	53649	0.136	0.079	0.068	0.057
5062	53649	0.096	0.057	0.079	0.039
5062	53649	0.088	0.05	0.046	0.038
5062	53649	0.13	0.049	0.137	0.179
5062	53649	0.11	0.07	0.06	0.04
5062	53649	0.104	0.084	0.026	0.02
5062	53649	0.097	0.047	0.151	0.144
5062	53649	0.135	0.032	0.065	0.103
5062	53649	0.13	0.161	0.296	0.291
5062	53649	0.132	0.044	0.086	0.088
5062	53649	0.121	0.058	0.19	0.179
5062	53649	0.136	0.065	0.056	0.071
5062	53649	0.133	0.015	0.151	0.148
5062	53649	0.097	0.025	0.108	0.072
5062	53649	0.136	0.092	0.189	0.228
5062	53649	0.131	0.038	0.098	0.093
5062	53649	0.11	0.033	0.098	0.077
5062	53649	0.077	0.047	0.157	0.124
5062	53649	0.133	0.276	0.353	0.409
5062	53649	0.12	0.0	0.133	0.12
5062	53649	0.123	0.094	0.214	0.217
5062	53649	0.13	0.055	0.068	0.075
5062	53649	0.098	0.075	0.055	0.023
5062	53649	0.142	0.181	0.279	0.323
5062	53649	0.135	0.057	0.085	0.078
5062	53649	0.096	0.059	0.076	0.037
5062	53649	0.106	0.055	0.151	0.161
5062	53649	0.093	0.03	0.076	0.063
5062	53649	0.097	0.132	0.225	0.229
5062	53649	0.105	0.018	0.115	0.123
5062	53649	0.103	0.172	0.277	0.275
5062	53649	0.093	0.0	0.103	0.093
5062	53649	0.13	0.028	0.121	0.158
5062	53649	0.135	0.022	0.152	0.157
5062	53649	0.126	0.111	0.246	0.237
5062	53649	0.119	0.055	0.071	0.064
5062	53649	0.084	0.028	0.147	0.112
5062	53649	0.071	0.097	0.181	0.168
5062	53649	0.09	0.084	0.155	0.174
5062	53649	0.081	0.39	0.48	0.471
5062	53649	0.0	0.0	0.0	0.0
5062	53649	0.0	0.0	0.0	0.0
5062	53649	0.0	0.0	0.0	0.0
5062	53649	0.0	0.0	0.0	0.0
5062	53649	0.0	0.0	0.0	0.0
5062	53649	0.0	0.0	0.0	0.0
5062	53649	0.0	0.0	0.0	0.0
5062	53649	0.0	0.0	0.0	0.0
5062	53649	0.0	0.0	0.0	0.0
5062	53649	0.0	0.0	0.0	0.0
5062	53649	0.0	0.0	0.0	0.0
5062	53649	0.0	0.0	0.0	0.0
5062	53649	0.0	0.0	0.0	0.0
5062	53649	0.0	0.0	0.0	0.0
5062	53649	0.0	0.0	0.0	0.0
5062	53649	0.0	0.0	0.0	0.0
5062	53660	0.184	0.0	0.0	0.0
5062	53660	0.122	0.064	0.12	0.058
5062	53660	0.103	0.067	0.055	0.036
5062	53660	0.137	0.197	0.3	0.334
5062	53660	0.068	0.027	0.164	0.095
5062	53660	0.061	0.076	0.144	0.137
5062	53660	0.053	0.091	0.152	0.144
5062	53660	0.114	0.087	0.14	0.201
5062	53660	0.115	0.037	0.077	0.078
5062	53660	0.14	0.0	0.115	0.14
5062	53660	0.169	0.033	0.107	0.136
5062	53660	0.149	0.084	0.085	0.065
5062	53660	0.123	0.038	0.111	0.085
5062	53660	0.103	0.085	0.208	0.188
5062	53660	0.133	0.009	0.112	0.142
5062	53660	0.164	0.014	0.119	0.15
5062	53660	0.102	0.102	0.062	0.0
5062	53660	0.133	0.053	0.049	0.08
5062	53660	0.11	0.001	0.134	0.111
5062	53660	0.142	0.043	0.153	0.185
5062	53660	0.07	0.07	0.072	0.0
5062	53660	0.12	0.048	0.118	0.168
5062	53660	0.105	0.041	0.079	0.064
5062	53660	0.175	0.125	0.23	0.3
5062	53660	0.104	0.01	0.165	0.094
5062	53660	0.158	0.031	0.135	0.189
5062	53660	0.116	0.041	0.117	0.075
5062	53660	0.108	0.1	0.216	0.208
5062	53660	0.159	0.037	0.071	0.122
5062	53660	0.11	0.063	0.096	0.047
5062	53660	0.116	0.081	0.191	0.197
5062	53660	0.088	0.041	0.075	0.047
5062	53660	0.149	0.131	0.219	0.28
5062	53660	0.131	0.077	0.072	0.054
5062	53660	0.119	0.036	0.095	0.083
5062	53660	0.104	0.047	0.072	0.057
5062	53660	0.096	0.069	0.173	0.165
5062	53660	0.095	0.073	0.023	0.022
5062	53660	0.075	0.046	0.141	0.121
5062	53660	0.149	0.067	0.142	0.216
5062	53660	0.14	0.021	0.128	0.119
5062	53660	0.132	0.066	0.074	0.066
5062	53660	0.105	0.038	0.094	0.067
5062	53660	0.097	0.022	0.127	0.119
5062	53660	0.119	0.001	0.098	0.12
5062	53660	0.165	0.034	0.085	0.131
5062	53660	0.135	0.056	0.109	0.079
5062	53660	0.101	0.045	0.18	0.146
5062	53660	0.142	0.294	0.395	0.436
5062	53660	0.109	0.031	0.111	0.078
5062	53660	0.102	0.16	0.269	0.262
5062	53660	0.0	0.0	0.0	0.0
5062	53660	0.0	0.0	0.0	0.0
5062	53660	0.0	0.0	0.0	0.0
5062	53660	0.0	0.0	0.0	0.0
5062	53660	0.0	0.0	0.0	0.0
5062	53660	0.0	0.0	0.0	0.0
5062	53660	0.0	0.0	0.0	0.0
5062	53660	0.0	0.0	0.0	0.0
5062	53660	0.0	0.0	0.0	0.0
5062	53660	0.0	0.0	0.0	0.0
5062	53660	0.0	0.0	0.0	0.0
5062	53660	0.0	0.0	0.0	0.0
5062	53660	0.0	0.0	0.0	0.0
5062	53660	0.0	0.0	0.0	0.0
5062	53660	0.0	0.0	0.0	0.0
5062	53660	0.0	0.0	0.0	0.0
5062	53660	0.0	0.0	0.0	0.0
5062	53660	0.0	0.0	0.0	0.0
5062	53660	0.0	0.0	0.0	0.0
5062	53667	0.168	0.0	0.0	0.0
5062	53667	0.176	0.116	0.052	0.06
5062	53667	0.111	0.223	0.399	0.334
5062	53667	0.1	0.018	0.129	0.118
5062	53667	0.126	0.044	0.144	0.17
5062	53667	0.098	0.042	0.084	0.056
5062	53667	0.129	0.042	0.056	0.087
5062	53667	0.098	0.023	0.106	0.075
5062	53667	0.104	0.041	0.139	0.145
5062	53667	0.103	0.025	0.079	0.078
5062	53667	0.126	0.011	0.114	0.137
5062	53667	0.126	0.051	0.075	0.075
5062	53667	0.103	0.067	0.059	0.036
5062	53667	0.104	0.166	0.269	0.27
5062	53667	0.099	0.001	0.105	0.1
5062	53667	0.108	0.055	0.044	0.053
5062	53667	0.099	0.062	0.046	0.037
5062	53667	0.138	0.017	0.116	0.155
5062	53667	0.112	0.025	0.113	0.087
5062	53667	0.067	0.146	0.258	0.213
5062	53667	0.045	0.046	0.113	0.091
5062	53667	0.059	0.042	0.087	0.101
5062	53667	0.128	0.016	0.075	0.144
5062	53667	0.109	0.044	0.084	0.065
5062	53667	0.112	0.021	0.13	0.133
5062	53667	0.14	0.049	0.063	0.091
5062	53667	0.144	0.059	0.081	0.085
5062	53667	0.086	0.044	0.1	0.042
5062	53667	0.119	0.031	0.117	0.15
5062	53667	0.08	0.049	0.07	0.031
5062	53667	0.072	0.089	0.169	0.161
5062	53667	0.108	0.091	0.163	0.199
5062	53667	0.087	0.066	0.042	0.021
5062	53667	0.118	0.026	0.113	0.144
5062	53667	0.05	0.015	0.133	0.065
5062	53667	0.156	0.048	0.098	0.204
5062	53667	0.068	0.291	0.447	0.359
5062	53667	0.128	0.087	0.155	0.215
5062	53667	0.093	0.052	0.076	0.041
5062	53667	0.095	0.088	0.181	0.183
5062	53667	0.0	0.0	0.0	0.0
5062	53667	0.0	0.0	0.0	0.0
5062	53667	0.0	0.0	0.0	0.0
5062	53667	0.0	0.0	0.0	0.0
5062	53667	0.0	0.0	0.0	0.0
5062	53667	0.0	0.0	0.0	0.0
5062	53667	0.0	0.0	0.0	0.0
5062	53667	0.0	0.0	0.0	0.0
5062	53667	0.0	0.0	0.0	0.0
5062	53667	0.0	0.0	0.0	0.0
5062	53667	0.0	0.0	0.0	0.0
5062	53667	0.0	0.0	0.0	0.0
5062	53667	0.0	0.0	0.0	0.0
5062	53667	0.0	0.0	0.0	0.0
5062	53667	0.0	0.0	0.0	0.0
5062	53667	0.0	0.0	0.0	0.0
5062	53667	0.0	0.0	0.0	0.0
5062	53667	0.0	0.0	0.0	0.0
5062	53667	0.0	0.0	0.0	0.0
5062	53667	0.0	0.0	0.0	0.0
5062	53667	0.0	0.0	0.0	0.0
5062	53667	0.0	0.0	0.0	0.0
5062	53667	0.0	0.0	0.0	0.0
5062	53667	0.0	0.0	0.0	0.0
5062	53667	0.0	0.0	0.0	0.0
5062	53667	0.0	0.0	0.0	0.0
5062	53667	0.0	0.0	0.0	0.0
5062	53667	0.0	0.0	0.0	0.0
5062	53667	0.0	0.0	0.0	0.0
5062	53667	0.0	0.0	0.0	0.0
5062	53674	0.1	0.0	0.0	0.0
5062	53674	0.109	0.029	0.071	0.08
5062	53674	0.127	0.0	0.109	0.127
5062	53674	0.104	0.048	0.079	0.056
5062	53674	0.145	0.014	0.118	0.159
5062	53674	0.091	0.057	0.088	0.034
5062	53674	0.065	0.11	0.201	0.175
5062	53674	0.069	0.087	0.152	0.156
5062	53674	0.194	0.131	0.2	0.325
5062	53674	0.202	0.095	0.099	0.107
5062	53674	0.151	0.16	0.042	0.009
5062	53674	0.11	0.01	0.141	0.1
5062	53674	0.139	0.237	0.347	0.376
5062	53674	0.098	0.035	0.104	0.063
5062	53674	0.097	0.009	0.107	0.106
5062	53674	0.088	0.0	0.097	0.088
5062	53674	0.091	0.011	0.099	0.102
5062	53674	0.125	0.049	0.14	0.174
5062	53674	0.113	0.046	0.079	0.067
5062	53674	0.101	0.111	0.224	0.212
5062	53674	0.127	0.113	0.214	0.24
5062	53674	0.094	0.068	0.195	0.162
5062	53674	0.092	0.009	0.085	0.083
5062	53674	0.058	0.092	0.184	0.15
5062	53674	0.07	0.073	0.131	0.143
5062	53674	0.1	0.036	0.034	0.064
5062	53674	0.107	0.0	0.1	0.107
5062	53674	0.072	0.058	0.165	0.13
5062	53674	0.063	0.102	0.174	0.165
5062	53674	0.105	0.063	0.126	0.168
5062	53674	0.129	0.054	0.051	0.075
5062	53674	0.141	0.048	0.081	0.093
5062	53674	0.099	0.019	0.16	0.118
5062	53674	0.12	0.049	0.05	0.071
5062	53674	0.114	0.18	0.3	0.294
5062	53674	0.117	0.028	0.086	0.089
5062	53674	0.066	0.099	0.216	0.165
5062	53674	0.097	0.068	0.134	0.165
5062	53674	0.135	0.059	0.038	0.076
5062	53674	0.134	0.058	0.077	0.076
5062	53674	0.118	0.052	0.186	0.17
5062	53674	0.113	0.319	0.437	0.432
5062	53674	0.096	0.043	0.156	0.139
5062	53674	0.103	0.022	0.118	0.125
5062	53674	0.15	0.218	0.321	0.368
5062	53674	0.074	0.044	0.106	0.03
5062	53674	0.116	0.033	0.107	0.149
5062	53674	0.14	0.08	0.196	0.22
5062	53674	0.129	0.031	0.109	0.098
5062	53674	0.111	0.033	0.096	0.078
5062	53674	0.127	0.017	0.094	0.11
5062	53674	0.144	0.045	0.082	0.099
5062	53674	0.139	0.028	0.172	0.167
5062	53674	0.12	0.051	0.088	0.069
5062	53674	0.101	0.001	0.121	0.102
5062	53674	0.088	0.038	0.063	0.05
5062	53674	0.113	0.019	0.107	0.132
5062	53674	0.111	0.039	0.074	0.072
5062	53674	0.091	0.027	0.084	0.064
5062	53674	0.125	0.019	0.11	0.144
5062	53674	0.128	0.098	0.027	0.03
5062	53674	0.129	0.0	0.128	0.129
5062	53674	0.118	0.057	0.072	0.061
5062	53674	0.252	0.209	0.327	0.461
5062	53674	0.083	0.112	0.14	0.029
5062	53674	0.075	0.046	0.037	0.029
5062	53674	0.073	0.241	0.316	0.314
5062	53674	0.114	0.083	0.156	0.197
5062	53674	0.134	0.054	0.06	0.08
5062	53674	0.097	0.052	0.082	0.045
5062	53688	0.146	0.0	0.0	0.0
5062	53688	0.126	0.076	0.07	0.05
5062	53688	0.128	0.001	0.127	0.129
5062	53688	0.139	0.058	0.07	0.081
5062	53688	0.118	0.045	0.094	0.073
5062	53688	0.109	0.001	0.119	0.11
5062	53688	0.101	0.021	0.088	0.08
5062	53688	0.111	0.014	0.115	0.125
5062	53688	0.135	0.119	0.23	0.254
5062	53688	0.132	0.046	0.089	0.086
5062	53688	0.131	0.049	0.181	0.18
5062	53688	0.138	0.037	0.094	0.101
5062	53688	0.115	0.029	0.167	0.144
5062	53688	0.17	0.075	0.04	0.095
5062	53688	0.114	0.298	0.468	0.412
5062	53688	0.101	0.017	0.131	0.118
5062	53688	0.196	0.062	0.163	0.258
5062	53688	0.12	0.106	0.09	0.014
5062	53688	0.16	0.074	0.046	0.086
5062	53688	0.104	0.012	0.148	0.092
5062	53688	0.083	0.063	0.167	0.146
5062	53688	0.133	0.032	0.051	0.101
5062	53688	0.133	0.193	0.326	0.326
5062	53688	0.107	0.034	0.099	0.073
5062	53688	0.127	0.051	0.056	0.076
5062	53688	0.133	0.054	0.181	0.187
5062	53688	0.136	0.045	0.088	0.091
5062	53688	0.104	0.05	0.086	0.054
5062	53688	0.141	0.182	0.286	0.323
5062	53688	0.102	0.014	0.127	0.088
5062	53688	0.124	0.162	0.264	0.286
5062	53688	0.06	0.026	0.098	0.034
5062	53688	0.109	0.074	0.134	0.183
5062	53688	0.086	0.033	0.076	0.053
5062	53688	0.106	0.085	0.171	0.191
5062	53688	0.104	0.001	0.107	0.105
5062	53688	0.143	0.027	0.131	0.17
5062	53688	0.084	0.132	0.275	0.216
5062	53688	0.12	0.095	0.179	0.215
5062	53688	0.141	0.0	0.12	0.141
5062	53688	0.077	0.512	0.653	0.589
5062	53688	0.101	0.074	0.151	0.175
5062	53688	0.103	0.044	0.057	0.059
5062	53688	0.117	0.011	0.114	0.128
5062	53688	0.123	0.051	0.066	0.072
5062	53688	0.107	0.025	0.148	0.132
5062	53688	0.0	0.0	0.0	0.0
5062	53688	0.0	0.0	0.0	0.0
5062	53688	0.0	0.0	0.0	0.0
5062	53688	0.0	0.0	0.0	0.0
5062	53688	0.0	0.0	0.0	0.0
5062	53688	0.0	0.0	0.0	0.0
5062	53688	0.0	0.0	0.0	0.0
5062	53688	0.0	0.0	0.0	0.0
5062	53688	0.0	0.0	0.0	0.0
5062	53688	0.0	0.0	0.0	0.0
5062	53688	0.0	0.0	0.0	0.0
5062	53688	0.0	0.0	0.0	0.0
5062	53688	0.0	0.0	0.0	0.0
5062	53688	0.0	0.0	0.0	0.0
5062	53688	0.0	0.0	0.0	0.0
5062	53688	0.0	0.0	0.0	0.0
5062	53688	0.0	0.0	0.0	0.0
5062	53688	0.0	0.0	0.0	0.0
5062	53688	0.0	0.0	0.0	0.0
5062	53688	0.0	0.0	0.0	0.0
5062	53688	0.0	0.0	0.0	0.0
5062	53688	0.0	0.0	0.0	0.0
5062	53688	0.0	0.0	0.0	0.0
5062	53688	0.0	0.0	0.0	0.0
5062	53698	0.145	0.0	0.0	0.0
5062	53698	0.113	0.1	0.045	0.013
5062	53698	0.137	0.055	0.168	0.192
5062	53698	0.148	0.025	0.162	0.173
5062	53698	0.087	0.072	0.076	0.015
5062	53698	0.197	0.025	0.062	0.172
5062	53698	0.11	0.07	0.127	0.04
5062	53698	0.14	0.0	0.11	0.14
5062	53698	0.114	0.0	0.14	0.114
5062	53698	0.071	0.46	0.574	0.531
5062	53698	0.064	0.081	0.152	0.145
5062	53698	0.062	0.044	0.108	0.106
5062	53698	0.124	0.512	0.574	0.636
5062	53698	0.083	0.199	0.323	0.282
5062	53698	0.095	0.035	0.048	0.06
5062	53698	0.137	0.031	0.126	0.168
5062	53698	0.094	0.041	0.096	0.053
5062	53698	0.113	0.0	0.094	0.113
5062	53698	0.131	0.021	0.092	0.11
5062	53698	0.126	0.088	0.043	0.038
5062	53698	0.132	0.082	0.208	0.214
5062	53698	0.139	0.05	0.082	0.089
5062	53698	0.143	0.016	0.123	0.127
5062	53698	0.135	0.041	0.102	0.094
5062	53698	0.069	0.229	0.364	0.298
5062	53698	0.158	0.288	0.357	0.446
5062	53698	0.143	0.071	0.087	0.072
5062	53698	0.134	0.053	0.09	0.081
5062	53698	0.085	0.055	0.079	0.03
5062	53698	0.124	0.055	0.14	0.179
5062	53698	0.091	0.069	0.055	0.022
5062	53698	0.079	0.022	0.069	0.057
5062	53698	0.116	0.018	0.097	0.134
5062	53698	0.061	0.039	0.077	0.022
5062	53698	0.085	0.076	0.137	0.161
5062	53698	0.149	0.104	0.189	0.253
5062	53698	0.137	0.1	0.049	0.037
5062	53698	0.122	0.037	0.1	0.085
5062	53698	0.154	0.108	0.23	0.262
5062	53698	0.145	0.077	0.077	0.068
5062	53698	0.085	0.054	0.091	0.031
5062	53698	0.107	0.104	0.189	0.211
5062	53698	0.122	0.029	0.078	0.093
5062	53698	0.117	0.083	0.205	0.2
5062	53698	0.039	0.166	0.283	0.205
5062	53698	0.0	0.0	0.0	0.0
5062	53698	0.0	0.0	0.0	0.0
5062	53698	0.0	0.0	0.0	0.0
5062	53698	0.0	0.0	0.0	0.0
5062	53698	0.0	0.0	0.0	0.0
5062	53698	0.0	0.0	0.0	0.0
5062	53698	0.0	0.0	0.0	0.0
5062	53698	0.0	0.0	0.0	0.0
5062	53698	0.0	0.0	0.0	0.0
5062	53698	0.0	0.0	0.0	0.0
5062	53698	0.0	0.0	0.0	0.0
5062	53698	0.0	0.0	0.0	0.0
5062	53698	0.0	0.0	0.0	0.0
5062	53698	0.0	0.0	0.0	0.0
5062	53698	0.0	0.0	0.0	0.0
5062	53698	0.0	0.0	0.0	0.0
5062	53698	0.0	0.0	0.0	0.0
5062	53698	0.0	0.0	0.0	0.0
5062	53698	0.0	0.0	0.0	0.0
5062	53698	0.0	0.0	0.0	0.0
5062	53698	0.0	0.0	0.0	0.0
5062	53698	0.0	0.0	0.0	0.0
5062	53698	0.0	0.0	0.0	0.0
5062	53698	0.0	0.0	0.0	0.0
5062	53698	0.0	0.0	0.0	0.0
5062	53706	0.141	0.0	0.0	0.0
5062	53706	0.088	0.06	0.081	0.028
5062	53706	0.188	0.15	0.238	0.338
5062	53706	0.132	0.103	0.291	0.235
5062	53706	0.161	0.0	0.132	0.161
5062	53706	0.161	0.123	0.284	0.284
5062	53706	0.093	0.055	0.106	0.038
5062	53706	0.068	0.018	0.111	0.086
5062	53706	0.045	0.063	0.131	0.108
5062	53706	0.093	0.055	0.1	0.148
5062	53706	0.098	0.025	0.068	0.073
5062	53706	0.148	0.098	0.196	0.246
5062	53706	0.132	0.076	0.072	0.056
5062	53706	0.096	0.065	0.197	0.161
5062	53706	0.115	0.08	0.176	0.195
5062	53706	0.13	0.044	0.071	0.086
5062	53706	0.114	0.143	0.273	0.257
5062	53706	0.104	0.184	0.298	0.288
5062	53706	0.104	0.055	0.049	0.049
5062	53706	0.144	0.025	0.129	0.169
5062	53706	0.132	0.072	0.072	0.06
5062	53706	0.104	0.029	0.103	0.075
5062	53706	0.121	0.011	0.115	0.132
5062	53706	0.114	0.009	0.112	0.105
5062	53706	0.082	0.354	0.468	0.436
5062	53706	0.053	0.046	0.128	0.099
5062	53706	0.054	0.045	0.098	0.099
5062	53706	0.126	0.213	0.267	0.339
5062	53706	0.076	0.0	0.126	0.076
5062	53706	0.112	0.042	0.118	0.154
5062	53706	0.13	0.001	0.113	0.131
5062	53706	0.08	0.015	0.115	0.065
5062	53706	0.131	0.033	0.047	0.098
5062	53706	0.12	0.027	0.104	0.093
5062	53706	0.146	0.093	0.027	0.053
5062	53706	0.233	0.369	0.515	0.602
5062	53706	0.12	0.092	0.141	0.028
5062	53706	0.153	0.144	0.264	0.297
5062	53706	0.143	0.079	0.074	0.064
5062	53706	0.167	0.102	0.245	0.269
5062	53706	0.09	0.137	0.304	0.227
5062	53706	0.0	0.0	0.0	0.0
5062	53706	0.0	0.0	0.0	0.0
5062	53706	0.0	0.0	0.0	0.0
5062	53706	0.0	0.0	0.0	0.0
5062	53706	0.0	0.0	0.0	0.0
5062	53706	0.0	0.0	0.0	0.0
5062	53706	0.0	0.0	0.0	0.0
5062	53706	0.0	0.0	0.0	0.0
5062	53706	0.0	0.0	0.0	0.0
5062	53706	0.0	0.0	0.0	0.0
5062	53706	0.0	0.0	0.0	0.0
5062	53706	0.0	0.0	0.0	0.0
5062	53706	0.0	0.0	0.0	0.0
5062	53706	0.0	0.0	0.0	0.0
5062	53706	0.0	0.0	0.0	0.0
5062	53706	0.0	0.0	0.0	0.0
5062	53706	0.0	0.0	0.0	0.0
5062	53706	0.0	0.0	0.0	0.0
5062	53706	0.0	0.0	0.0	0.0
5062	53706	0.0	0.0	0.0	0.0
5062	53706	0.0	0.0	0.0	0.0
5062	53706	0.0	0.0	0.0	0.0
5062	53706	0.0	0.0	0.0	0.0
5062	53706	0.0	0.0	0.0	0.0
5062	53706	0.0	0.0	0.0	0.0
5062	53706	0.0	0.0	0.0	0.0
5062	53706	0.0	0.0	0.0	0.0
5062	53706	0.0	0.0	0.0	0.0
5062	53706	0.0	0.0	0.0	0.0
5062	53711	0.195	0.0	0.0	0.0
5062	53711	0.101	0.088	0.107	0.013
5062	53711	0.137	0.083	0.184	0.22
5062	53711	0.089	0.07	0.067	0.019
5062	53711	0.096	0.054	0.035	0.042
5062	53711	0.093	0.069	0.165	0.162
5062	53711	0.133	0.06	0.033	0.073
5062	53711	0.111	0.072	0.061	0.039
5062	53711	0.155	0.088	0.023	0.067
5062	53711	0.1	0.101	0.256	0.201
5062	53711	0.09	0.056	0.044	0.034
5062	53711	0.137	0.097	0.187	0.234
5062	53711	0.122	0.059	0.078	0.063
5062	53711	0.091	0.091	0.031	0.0
5062	53711	0.133	0.034	0.057	0.099
5062	53711	0.145	0.0	0.133	0.145
5062	53711	0.101	0.083	0.062	0.018
5062	53711	0.1	0.049	0.052	0.051
5062	53711	0.079	0.069	0.169	0.148
5062	53711	0.062	0.001	0.08	0.063
5062	53711	0.114	0.08	0.142	0.194
5062	53711	0.118	0.051	0.063	0.067
5062	53711	0.118	0.001	0.119	0.119
5062	53711	0.106	0.01	0.108	0.096
5062	53711	0.0	0.0	0.0	0.0
5062	53711	0.0	0.0	0.0	0.0
5062	53711	0.0	0.0	0.0	0.0
5062	53711	0.0	0.0	0.0	0.0
5062	53711	0.0	0.0	0.0	0.0
5062	53711	0.0	0.0	0.0	0.0
5062	53711	0.0	0.0	0.0	0.0
5062	53711	0.0	0.0	0.0	0.0
5062	53711	0.0	0.0	0.0	0.0
5062	53711	0.0	0.0	0.0	0.0
5062	53711	0.0	0.0	0.0	0.0
5062	53711	0.0	0.0	0.0	0.0
5062	53711	0.0	0.0	0.0	0.0
5062	53711	0.0	0.0	0.0	0.0
5062	53711	0.0	0.0	0.0	0.0
5062	53711	0.0	0.0	0.0	0.0
5062	53711	0.0	0.0	0.0	0.0
5062	53711	0.0	0.0	0.0	0.0
5062	53711	0.0	0.0	0.0	0.0
5062	53711	0.0	0.0	0.0	0.0
5062	53711	0.0	0.0	0.0	0.0
5062	53711	0.0	0.0	0.0	0.0
5062	53711	0.0	0.0	0.0	0.0
5062	53711	0.0	0.0	0.0	0.0
5062	53711	0.0	0.0	0.0	0.0
5062	53711	0.0	0.0	0.0	0.0
5062	53711	0.0	0.0	0.0	0.0
5062	53711	0.0	0.0	0.0	0.0
5062	53711	0.0	0.0	0.0	0.0
5062	53711	0.0	0.0	0.0	0.0
5062	53711	0.0	0.0	0.0	0.0
5062	53711	0.0	0.0	0.0	0.0
5062	53711	0.0	0.0	0.0	0.0
5062	53711	0.0	0.0	0.0	0.0
5062	53711	0.0	0.0	0.0	0.0
5062	53711	0.0	0.0	0.0	0.0
5062	53711	0.0	0.0	0.0	0.0
5062	53711	0.0	0.0	0.0	0.0
5062	53711	0.0	0.0	0.0	0.0
5062	53711	0.0	0.0	0.0	0.0
5062	53711	0.0	0.0	0.0	0.0
5062	53711	0.0	0.0	0.0	0.0
5062	53711	0.0	0.0	0.0	0.0
5062	53711	0.0	0.0	0.0	0.0
5062	53711	0.0	0.0	0.0	0.0
5062	53711	0.0	0.0	0.0	0.0
5062	53716	0.111	0.0	0.0	0.0
5062	53716	0.119	0.04	0.071	0.079
5062	53716	0.16	0.025	0.144	0.185
5062	53716	0.114	0.066	0.226	0.18
5062	53716	0.079	0.097	0.211	0.176
5062	53716	0.126	0.087	0.166	0.213
5062	53716	0.156	0.164	0.29	0.32
5062	53716	0.18	0.03	0.126	0.15
5062	53716	0.134	0.104	0.076	0.03
5062	53716	0.154	0.046	0.088	0.108
5062	53716	0.107	0.056	0.098	0.051
5062	53716	0.106	0.031	0.138	0.137
5062	53716	0.101	0.023	0.083	0.078
5062	53716	0.118	0.038	0.063	0.08
5062	53716	0.111	0.011	0.129	0.122
5062	53716	0.189	0.077	0.034	0.112
5062	53716	0.137	0.034	0.223	0.171
5062	53716	0.119	0.011	0.148	0.13
5062	53716	0.111	0.05	0.069	0.061
5062	53716	0.093	0.162	0.273	0.255
5062	53716	0.154	0.0	0.093	0.154
5062	53716	0.108	0.072	0.082	0.036
5062	53716	0.136	0.036	0.072	0.1
5062	53716	0.12	0.057	0.079	0.063
5062	53716	0.074	0.009	0.111	0.065
5062	53716	0.097	0.055	0.129	0.152
5062	53716	0.103	0.028	0.069	0.075
5062	53716	0.104	0.031	0.134	0.135
5062	53716	0.096	0.011	0.093	0.085
5062	53716	0.109	0.0	0.096	0.109
5062	53716	0.106	0.029	0.08	0.077
5062	53716	0.124	0.063	0.169	0.187
5062	53716	0.1	0.035	0.089	0.065
5062	53716	0.121	0.222	0.322	0.343
5062	53716	0.101	0.044	0.077	0.057
5062	53716	0.144	0.034	0.067	0.11
5062	53716	0.138	0.031	0.113	0.107
5062	53716	0.126	0.165	0.303	0.291
5062	53716	0.0	0.0	0.0	0.0
5062	53716	0.0	0.0	0.0	0.0
5062	53716	0.0	0.0	0.0	0.0
5062	53716	0.0	0.0	0.0	0.0
5062	53716	0.0	0.0	0.0	0.0
5062	53716	0.0	0.0	0.0	0.0
5062	53716	0.0	0.0	0.0	0.0
5062	53716	0.0	0.0	0.0	0.0
5062	53716	0.0	0.0	0.0	0.0
5062	53716	0.0	0.0	0.0	0.0
5062	53716	0.0	0.0	0.0	0.0
5062	53716	0.0	0.0	0.0	0.0
5062	53716	0.0	0.0	0.0	0.0
5062	53716	0.0	0.0	0.0	0.0
5062	53716	0.0	0.0	0.0	0.0
5062	53716	0.0	0.0	0.0	0.0
5062	53716	0.0	0.0	0.0	0.0
5062	53716	0.0	0.0	0.0	0.0
5062	53716	0.0	0.0	0.0	0.0
5062	53716	0.0	0.0	0.0	0.0
5062	53716	0.0	0.0	0.0	0.0
5062	53716	0.0	0.0	0.0	0.0
5062	53716	0.0	0.0	0.0	0.0
5062	53716	0.0	0.0	0.0	0.0
5062	53716	0.0	0.0	0.0	0.0
5062	53716	0.0	0.0	0.0	0.0
5062	53716	0.0	0.0	0.0	0.0
5062	53716	0.0	0.0	0.0	0.0
5062	53716	0.0	0.0	0.0	0.0
5062	53716	0.0	0.0	0.0	0.0
5062	53716	0.0	0.0	0.0	0.0
5062	53716	0.0	0.0	0.0	0.0
5062	53723	0.134	0.0	0.0	0.0
5062	53723	0.128	0.034	0.1	0.094
5062	53723	0.126	0.072	0.056	0.054
5062	53723	0.121	0.031	0.157	0.152
5062	53723	0.103	0.037	0.084	0.066
5062	53723	0.12	0.073	0.176	0.193
5062	53723	0.188	0.035	0.085	0.153
5062	53723	0.116	0.115	0.073	0.001
5062	53723	0.123	0.104	0.22	0.227
5062	53723	0.116	0.041	0.082	0.075
5062	53723	0.129	0.102	0.218	0.231
5062	53723	0.129	0.113	0.242	0.242
5062	53723	0.09	0.17	0.299	0.26
5062	53723	0.154	0.0	0.09	0.154
5062	53723	0.099	0.05	0.104	0.049
5062	53723	0.113	0.001	0.1	0.114
5062	53723	0.1	0.104	0.217	0.204
5062	53723	0.121	0.038	0.062	0.083
5062	53723	0.136	0.035	0.156	0.171
5062	53723	0.156	0.013	0.149	0.169
5062	53723	0.14	0.071	0.085	0.069
5062	53723	0.149	0.021	0.119	0.128
5062	53723	0.106	0.023	0.126	0.083
5062	53723	0.137	0.127	0.233	0.264
5062	53723	0.082	0.05	0.087	0.032
5062	53723	0.114	0.015	0.067	0.099
5062	53723	0.152	0.048	0.066	0.104
5062	53723	0.117	0.212	0.364	0.329
5062	53723	0.117	0.008	0.125	0.125
5062	53723	0.089	0.074	0.191	0.163
5062	53723	0.126	0.243	0.332	0.369
5062	53723	0.129	0.174	0.3	0.303
5062	53723	0.08	0.235	0.364	0.315
5062	53723	0.136	0.066	0.146	0.202
5062	53723	0.157	0.022	0.114	0.135
5062	53723	0.09	0.018	0.175	0.108
5062	53723	0.138	0.008	0.098	0.146
5062	53723	0.146	0.038	0.1	0.108
5062	53723	0.109	0.077	0.069	0.032
5062	53723	0.117	0.0	0.109	0.117
5062	53723	0.141	0.044	0.073	0.097
5062	53723	0.14	0.055	0.086	0.085
5062	53723	0.124	0.273	0.413	0.397
5062	53723	0.108	0.087	0.211	0.195
5062	53723	0.087	0.092	0.2	0.179
5062	53723	0.152	0.084	0.171	0.236
5062	53723	0.096	0.077	0.075	0.019
5062	53723	0.128	0.019	0.077	0.109
5062	53723	0.122	0.036	0.164	0.158
5062	53723	0.108	0.018	0.14	0.126
5062	53723	0.105	0.074	0.182	0.179
5062	53723	0.095	0.0	0.105	0.095
5062	53723	0.097	0.035	0.13	0.132
5062	53723	0.118	0.018	0.115	0.136
5062	53723	0.0	0.0	0.0	0.0
5062	53723	0.0	0.0	0.0	0.0
5062	53723	0.0	0.0	0.0	0.0
5062	53723	0.0	0.0	0.0	0.0
5062	53723	0.0	0.0	0.0	0.0
5062	53723	0.0	0.0	0.0	0.0
5062	53723	0.0	0.0	0.0	0.0
5062	53723	0.0	0.0	0.0	0.0
5062	53723	0.0	0.0	0.0	0.0
5062	53723	0.0	0.0	0.0	0.0
5062	53723	0.0	0.0	0.0	0.0
5062	53723	0.0	0.0	0.0	0.0
5062	53723	0.0	0.0	0.0	0.0
5062	53723	0.0	0.0	0.0	0.0
5062	53723	0.0	0.0	0.0	0.0
5062	53723	0.0	0.0	0.0	0.0
5062	53732	0.164	0.0	0.0	0.0
5062	53732	0.107	0.055	0.109	0.052
5062	53732	0.093	0.04	0.067	0.053
5062	53732	0.119	0.078	0.171	0.197
5062	53732	0.175	0.061	0.058	0.114
5062	53732	0.104	0.0	0.175	0.104
5062	53732	0.117	0.001	0.105	0.118
5062	53732	0.103	0.0	0.117	0.103
5062	53732	0.149	0.042	0.061	0.107
5062	53732	0.116	0.077	0.072	0.039
5062	53732	0.113	0.078	0.038	0.035
5062	53732	0.124	0.008	0.121	0.132
5062	53732	0.124	0.039	0.085	0.085
5062	53732	0.151	0.061	0.063	0.09
5062	53732	0.113	0.053	0.098	0.06
5062	53732	0.134	0.126	0.239	0.26
5062	53732	0.156	0.038	0.172	0.194
5062	53732	0.111	0.058	0.098	0.053
5062	53732	0.158	0.058	0.169	0.216
5062	53732	0.088	0.024	0.134	0.064
5062	53732	0.1	0.129	0.217	0.229
5062	53732	0.093	0.01	0.09	0.083
5062	53732	0.117	0.039	0.132	0.156
5062	53732	0.155	0.0	0.117	0.155
5062	53732	0.14	0.091	0.064	0.049
5062	53732	0.078	0.124	0.264	0.202
5062	53732	0.036	0.058	0.136	0.094
5062	53732	0.059	0.047	0.083	0.106
5062	53732	0.093	0.047	0.106	0.14
5062	53732	0.126	0.029	0.064	0.097
5062	53732	0.097	0.19	0.316	0.287
5062	53732	0.13	0.012	0.085	0.118
5062	53732	0.124	0.052	0.182	0.176
5062	53732	0.059	0.01	0.134	0.069
5062	53732	0.12	0.268	0.327	0.388
5062	53732	0.15	0.013	0.107	0.137
5062	53732	0.131	0.1	0.05	0.031
5062	53732	0.078	0.095	0.226	0.173
5062	53732	0.095	0.074	0.152	0.169
5062	53732	0.128	0.179	0.274	0.307
5062	53732	0.142	0.008	0.136	0.15
5062	53732	0.101	0.0	0.142	0.101
5062	53732	0.092	0.253	0.354	0.345
5062	53732	0.117	0.001	0.093	0.118
5062	53732	0.113	0.02	0.097	0.093
5062	53732	0.085	0.149	0.262	0.234
5062	53732	0.144	0.271	0.356	0.415
5062	53732	0.08	0.08	0.224	0.16
5062	53732	0.183	0.248	0.328	0.431
5062	53732	0.128	0.06	0.243	0.188
5062	53732	0.124	0.001	0.129	0.125
5062	53732	0.12	0.238	0.362	0.358
5062	53732	0.094	0.014	0.134	0.108
5062	53732	0.091	0.029	0.065	0.062
5062	53732	0.128	0.149	0.24	0.277
5062	53732	0.094	0.1	0.228	0.194
5062	53732	0.144	0.087	0.181	0.231
5062	53732	0.106	0.077	0.067	0.029
5062	53732	0.0	0.0	0.0	0.0
5062	53732	0.0	0.0	0.0	0.0
5062	53732	0.0	0.0	0.0	0.0
5062	53732	0.0	0.0	0.0	0.0
5062	53732	0.0	0.0	0.0	0.0
5062	53732	0.0	0.0	0.0	0.0
5062	53732	0.0	0.0	0.0	0.0
5062	53732	0.0	0.0	0.0	0.0
5062	53732	0.0	0.0	0.0	0.0
5062	53732	0.0	0.0	0.0	0.0
5062	53732	0.0	0.0	0.0	0.0
5062	53732	0.0	0.0	0.0	0.0
5062	53736	0.196	0.0	0.0	0.0
5062	53736	0.161	0.107	0.089	0.054
5062	53736	0.107	0.054	0.107	0.053
5062	53736	0.111	0.138	0.245	0.249
5062	53736	0.111	0.08	0.191	0.191
5062	53736	0.127	0.026	0.085	0.101
5062	53736	0.131	0.083	0.044	0.048
5062	53736	0.115	0.222	0.353	0.337
5062	53736	0.157	0.144	0.259	0.301
5062	53736	0.134	0.096	0.061	0.038
5062	53736	0.146	0.065	0.069	0.081
5062	53736	0.14	0.008	0.154	0.148
5062	53736	0.164	0.066	0.206	0.23
5062	53736	0.16	0.08	0.084	0.08
5062	53736	0.08	0.08	0.08	0.0
5062	53736	0.111	0.241	0.321	0.352
5062	53736	0.078	0.017	0.128	0.095
5062	53736	0.089	0.085	0.163	0.174
5062	53736	0.105	0.012	0.101	0.117
5062	53736	0.122	0.001	0.106	0.123
5062	53736	0.08	0.039	0.083	0.041
5062	53736	0.113	0.074	0.154	0.187
5062	53736	0.102	0.014	0.127	0.116
5062	53736	0.069	0.018	0.12	0.087
5062	53736	0.147	0.064	0.133	0.211
5062	53736	0.108	0.0	0.147	0.108
5062	53736	0.102	0.214	0.322	0.316
5062	53736	0.102	0.046	0.056	0.056
5062	53736	0.086	0.086	0.188	0.172
5062	53736	0.09	0.099	0.185	0.189
5062	53736	0.086	0.001	0.091	0.087
5062	53736	0.117	0.027	0.113	0.144
5062	53736	0.147	0.087	0.204	0.234
5062	53736	0.061	0.177	0.324	0.238
5062	53736	0.043	0.057	0.118	0.1
5062	53736	0.061	0.051	0.094	0.112
5062	53736	0.132	0.04	0.101	0.172
5062	53736	0.104	0.033	0.099	0.071
5062	53736	0.054	0.192	0.296	0.246
5062	53736	0.069	0.065	0.119	0.134
5062	53736	0.104	0.026	0.043	0.078
5062	53736	0.087	0.017	0.121	0.104
5062	53736	0.093	0.019	0.106	0.112
5062	53736	0.094	0.001	0.094	0.095
5062	53736	0.12	0.0	0.094	0.12
5062	53736	0.11	0.054	0.174	0.164
5062	53736	0.133	0.0	0.11	0.133
5062	53736	0.142	0.074	0.059	0.068
5062	53736	0.125	0.067	0.075	0.058
5062	53736	0.104	0.071	0.054	0.033
5062	53736	0.122	0.06	0.044	0.062
5062	53736	0.159	0.111	0.233	0.27
5062	53736	0.094	0.122	0.037	0.028
5062	53736	0.062	0.32	0.414	0.382
5062	53736	0.135	0.22	0.282	0.355
5062	53736	0.097	0.049	0.086	0.048
5062	53736	0.11	0.089	0.186	0.199
5062	53736	0.071	0.068	0.178	0.139
5062	53736	0.044	0.069	0.14	0.113
5062	53736	0.077	0.059	0.103	0.136
5062	53736	0.066	0.022	0.099	0.088
5062	53736	0.131	0.062	0.128	0.193
5062	53736	0.125	0.057	0.074	0.068
5062	53736	0.128	0.025	0.15	0.153
5062	53736	0.117	0.045	0.173	0.162
5062	53736	0.111	0.056	0.061	0.055
5062	53736	0.095	0.036	0.075	0.059
5062	53736	0.102	0.0	0.095	0.102
5062	53736	0.081	0.001	0.103	0.082
5062	53736	0.157	0.061	0.142	0.218
5062	53745	0.152	0.0	0.0	0.0
5062	53745	0.104	0.063	0.089	0.041
5062	53745	0.126	0.278	0.382	0.404
5062	53745	0.067	0.185	0.311	0.252
5062	53745	0.094	0.062	0.129	0.156
5062	53745	0.137	0.055	0.039	0.082
5062	53745	0.095	0.051	0.086	0.044
5062	53745	0.073	0.151	0.246	0.224
5062	53745	0.108	0.076	0.149	0.184
5062	53745	0.162	0.087	0.021	0.075
5062	53745	0.135	0.075	0.087	0.06
5062	53745	0.157	0.032	0.167	0.189
5062	53745	0.117	0.071	0.086	0.046
5062	53745	0.126	0.109	0.226	0.235
5062	53745	0.102	0.026	0.152	0.128
5062	53745	0.105	0.009	0.111	0.114
5062	53745	0.068	0.179	0.284	0.247
5062	53745	0.054	0.069	0.137	0.123
5062	53745	0.072	0.018	0.072	0.09
5062	53745	0.124	0.339	0.411	0.463
5062	53745	0.103	0.028	0.152	0.131
5062	53745	0.092	0.043	0.06	0.049
5062	53745	0.171	0.068	0.16	0.239
5062	53745	0.123	0.048	0.123	0.075
5062	53745	0.139	0.041	0.082	0.098
5062	53745	0.148	0.137	0.276	0.285
5062	53745	0.149	0.094	0.054	0.055
5062	53745	0.105	0.131	0.28	0.236
5062	53745	0.13	0.108	0.213	0.238
5062	53745	0.099	0.033	0.097	0.066
5062	53745	0.107	0.033	0.132	0.14
5062	53745	0.127	0.026	0.081	0.101
5062	53745	0.155	0.029	0.098	0.126
5062	53745	0.088	0.059	0.096	0.029
5062	53745	0.107	0.062	0.15	0.169
5062	53745	0.086	0.112	0.219	0.198
5062	53745	0.131	0.022	0.064	0.109
5062	53745	0.099	0.02	0.111	0.079
5062	53745	0.11	0.033	0.132	0.143
5062	53745	0.107	0.018	0.092	0.089
5062	53745	0.156	0.09	0.197	0.246
5062	53745	0.11	0.047	0.109	0.063
5062	53745	0.156	0.05	0.16	0.206
5062	53745	0.151	0.076	0.08	0.075
5062	53745	0.076	0.018	0.133	0.058
5062	53745	0.066	0.133	0.209	0.199
5062	53745	0.161	0.077	0.143	0.238
5062	53745	0.131	0.083	0.078	0.048
5062	53745	0.148	0.034	0.097	0.114
5062	53745	0.082	0.131	0.279	0.213
5062	53745	0.098	0.097	0.179	0.195
5062	53745	0.147	0.073	0.171	0.22
5062	53745	0.065	0.125	0.272	0.19
5062	53745	0.057	0.068	0.133	0.125
5062	53745	0.124	0.124	0.181	0.248
5062	53745	0.209	0.022	0.146	0.231
5062	53745	0.122	0.059	0.15	0.063
5062	53745	0.125	0.036	0.086	0.089
5062	53745	0.06	0.136	0.261	0.196
5062	53745	0.052	0.066	0.126	0.118
5062	53745	0.107	0.055	0.107	0.162
5062	53745	0.112	0.001	0.108	0.113
5062	53745	0.162	0.055	0.057	0.107
5062	53745	0.126	0.061	0.101	0.065
5062	53745	0.124	0.082	0.208	0.206
5062	53745	0.108	0.049	0.075	0.059
5062	53745	0.118	0.194	0.302	0.312
5062	53745	0.098	0.122	0.24	0.22
5062	53745	0.094	0.043	0.055	0.051
5062	53745	0.116	0.074	0.168	0.19
5062	53758	0.232	0.0	0.0	0.0
5062	53758	0.122	0.069	0.163	0.053
5062	53758	0.083	0.007	0.129	0.09
5062	53758	0.106	0.03	0.113	0.136
5062	53758	0.092	0.011	0.095	0.081
5062	53758	0.108	0.032	0.124	0.14
5062	53758	0.132	0.01	0.118	0.142
5062	53758	0.11	0.069	0.063	0.041
5062	53758	0.1	0.041	0.069	0.059
5062	53758	0.149	0.064	0.164	0.213
5062	53758	0.139	0.059	0.09	0.08
5062	53758	0.096	0.079	0.06	0.017
5062	53758	0.146	0.198	0.294	0.344
5062	53758	0.102	0.055	0.091	0.047
5062	53758	0.108	0.085	0.187	0.193
5062	53758	0.112	0.026	0.082	0.086
5062	53758	0.102	0.015	0.097	0.087
5062	53758	0.171	0.1	0.202	0.271
5062	53758	0.087	0.0	0.171	0.087
5062	53758	0.091	0.047	0.134	0.138
5062	53758	0.139	0.024	0.067	0.115
5062	53758	0.059	0.165	0.304	0.224
5062	53758	0.095	0.07	0.129	0.165
5062	53758	0.093	0.01	0.085	0.083
5062	53758	0.081	0.009	0.084	0.072
5062	53758	0.11	0.0	0.081	0.11
5062	53758	0.114	0.009	0.101	0.105
5062	53758	0.115	0.046	0.068	0.069
5062	53758	0.162	0.259	0.374	0.421
5062	53758	0.105	0.067	0.095	0.038
5062	53758	0.097	0.012	0.117	0.109
5062	53758	0.118	0.113	0.21	0.231
5062	53758	0.129	0.041	0.159	0.17
5062	53758	0.121	0.03	0.099	0.091
5062	53758	0.125	0.014	0.135	0.139
5062	53758	0.148	0.029	0.096	0.119
5062	53758	0.088	0.0	0.148	0.088
5062	53758	0.071	0.139	0.227	0.21
5062	53758	0.104	0.204	0.275	0.308
5062	53758	0.149	0.036	0.068	0.113
5062	53758	0.108	0.077	0.072	0.031
5062	53758	0.0	0.0	0.0	0.0
5062	53758	0.0	0.0	0.0	0.0
5062	53758	0.0	0.0	0.0	0.0
5062	53758	0.0	0.0	0.0	0.0
5062	53758	0.0	0.0	0.0	0.0
5062	53758	0.0	0.0	0.0	0.0
5062	53758	0.0	0.0	0.0	0.0
5062	53758	0.0	0.0	0.0	0.0
5062	53758	0.0	0.0	0.0	0.0
5062	53758	0.0	0.0	0.0	0.0
5062	53758	0.0	0.0	0.0	0.0
5062	53758	0.0	0.0	0.0	0.0
5062	53758	0.0	0.0	0.0	0.0
5062	53758	0.0	0.0	0.0	0.0
5062	53758	0.0	0.0	0.0	0.0
5062	53758	0.0	0.0	0.0	0.0
5062	53758	0.0	0.0	0.0	0.0
5062	53758	0.0	0.0	0.0	0.0
5062	53758	0.0	0.0	0.0	0.0
5062	53758	0.0	0.0	0.0	0.0
5062	53758	0.0	0.0	0.0	0.0
5062	53758	0.0	0.0	0.0	0.0
5062	53758	0.0	0.0	0.0	0.0
5062	53758	0.0	0.0	0.0	0.0
5062	53758	0.0	0.0	0.0	0.0
5062	53758	0.0	0.0	0.0	0.0
5062	53758	0.0	0.0	0.0	0.0
5062	53758	0.0	0.0	0.0	0.0
5062	53758	0.0	0.0	0.0	0.0
