PARTICIPANT_ID	TEST_SECTION_ID	HOLD_LATENCY	INTERKEY_LATENCY	PRESS_LATENCY	RELEASE_LATENCY
5096	53899	0.064	0.0	0.0	0.0
5096	53899	0.097	0.047	0.111	0.144
5096	53899	0.096	0.094	0.191	0.19
5096	53899	0.078	0.482	0.578	0.56
5096	53899	0.144	0.097	0.175	0.241
5096	53899	0.078	1.249	1.393	1.327
5096	53899	0.099	0.05	0.128	0.149
5096	53899	0.065	0.123	0.222	0.188
5096	53899	0.061	0.162	0.227	0.223
5096	53899	0.144	0.097	0.158	0.241
5096	53899	0.12	1.16	1.304	1.28
5096	53899	0.08	0.047	0.167	0.127
5096	53899	0.064	0.256	0.336	0.32
5096	53899	0.112	0.193	0.257	0.305
5096	53899	0.096	0.017	0.129	0.113
5096	53899	0.078	0.976	1.072	1.054
5096	53899	0.048	0.049	0.127	0.097
5096	53899	0.097	0.097	0.145	0.194
5096	53899	0.065	1.021	1.118	1.086
5096	53899	0.115	0.081	0.146	0.196
5096	53899	0.127	0.014	0.129	0.141
5096	53899	0.191	0.687	0.814	0.878
5096	53899	0.113	0.047	0.144	0.066
5096	53899	0.078	0.144	0.257	0.222
5096	53899	0.128	0.337	0.415	0.465
5096	53899	0.13	0.017	0.111	0.113
5096	53899	0.064	1.935	2.065	1.999
5096	53899	0.079	0.193	0.257	0.272
5096	53899	0.078	1.121	1.2	1.199
5096	53899	0.832	0.464	0.542	1.296
5096	53899	1.518	0.513	1.345	2.031
5096	53899	0.208	0.242	1.76	0.45
5096	53899	0.081	0.321	0.529	0.402
5096	53899	0.271	0.335	0.416	0.606
5096	53899	0.096	0.129	0.142	0.033
5096	53899	0.721	0.272	0.368	0.993
5096	53899	0.127	0.687	0.034	0.56
5096	53899	0.0	0.0	0.0	0.0
5096	53899	0.0	0.0	0.0	0.0
5096	53899	0.0	0.0	0.0	0.0
5096	53899	0.0	0.0	0.0	0.0
5096	53899	0.0	0.0	0.0	0.0
5096	53899	0.0	0.0	0.0	0.0
5096	53899	0.0	0.0	0.0	0.0
5096	53899	0.0	0.0	0.0	0.0
5096	53899	0.0	0.0	0.0	0.0
5096	53899	0.0	0.0	0.0	0.0
5096	53899	0.0	0.0	0.0	0.0
5096	53899	0.0	0.0	0.0	0.0
5096	53899	0.0	0.0	0.0	0.0
5096	53899	0.0	0.0	0.0	0.0
5096	53899	0.0	0.0	0.0	0.0
5096	53899	0.0	0.0	0.0	0.0
5096	53899	0.0	0.0	0.0	0.0
5096	53899	0.0	0.0	0.0	0.0
5096	53899	0.0	0.0	0.0	0.0
5096	53899	0.0	0.0	0.0	0.0
5096	53899	0.0	0.0	0.0	0.0
5096	53899	0.0	0.0	0.0	0.0
5096	53899	0.0	0.0	0.0	0.0
5096	53899	0.0	0.0	0.0	0.0
5096	53899	0.0	0.0	0.0	0.0
5096	53899	0.0	0.0	0.0	0.0
5096	53899	0.0	0.0	0.0	0.0
5096	53899	0.0	0.0	0.0	0.0
5096	53899	0.0	0.0	0.0	0.0
5096	53899	0.0	0.0	0.0	0.0
5096	53899	0.0	0.0	0.0	0.0
5096	53899	0.0	0.0	0.0	0.0
5096	53899	0.0	0.0	0.0	0.0
5096	53917	0.239	0.0	0.0	0.0
5096	53917	0.081	0.047	0.192	0.034
5096	53917	0.08	0.159	0.24	0.239
5096	53917	0.048	0.096	0.176	0.144
5096	53917	0.111	0.064	0.112	0.175
5096	53917	0.106	1.624	1.735	1.73
5096	53917	0.111	0.031	0.137	0.142
5096	53917	0.112	0.112	0.223	0.224
5096	53917	0.081	0.448	0.56	0.529
5096	53917	0.084	0.176	0.257	0.26
5096	53917	0.113	0.683	0.767	0.796
5096	53917	0.064	1.712	1.825	1.776
5096	53917	0.063	0.16	0.224	0.223
5096	53917	0.064	0.193	0.256	0.257
5096	53917	0.079	0.177	0.241	0.256
5096	53917	0.064	0.241	0.32	0.305
5096	53917	0.095	0.063	0.127	0.158
5096	53917	0.063	0.865	0.96	0.928
5096	53917	0.096	0.096	0.159	0.192
5096	53917	0.143	0.145	0.241	0.288
5096	53917	0.146	0.047	0.096	0.099
5096	53917	0.142	1.119	1.265	1.261
5096	53917	0.047	0.545	0.687	0.592
5096	53917	0.065	0.161	0.208	0.226
5096	53917	0.079	0.687	0.752	0.766
5096	53917	0.11	0.082	0.161	0.192
5096	53917	0.065	0.896	1.006	0.961
5096	53917	0.08	0.304	0.369	0.384
5096	53917	0.145	0.255	0.335	0.4
5096	53917	0.096	0.479	0.624	0.575
5096	53917	0.066	0.912	1.008	0.978
5096	53917	0.079	0.127	0.193	0.206
5096	53917	0.079	1.201	1.28	1.28
5096	53917	0.063	0.321	0.4	0.384
5096	53917	0.062	0.114	0.177	0.176
5096	53917	0.177	0.16	0.222	0.337
5096	53917	0.13	0.032	0.145	0.098
5096	53917	0.128	0.066	0.196	0.194
5096	53917	0.143	0.796	0.924	0.939
5096	53917	0.128	0.193	0.336	0.321
5096	53917	0.158	0.034	0.162	0.192
5096	53917	0.08	0.224	0.382	0.304
5096	53917	0.159	0.064	0.144	0.223
5096	53917	0.083	0.011	0.148	0.072
5096	53917	0.079	0.457	0.54	0.536
5096	53917	0.049	0.112	0.191	0.161
5096	53917	0.063	0.096	0.145	0.159
5096	53917	0.047	0.098	0.161	0.145
5096	53917	0.132	1.026	1.073	1.158
5096	53917	0.167	0.002	0.134	0.169
5096	53917	0.095	0.015	0.152	0.08
5096	53917	0.142	0.05	0.145	0.192
5096	53917	0.08	0.849	0.991	0.929
5096	53917	0.081	0.367	0.447	0.448
5096	53917	0.081	1.247	1.328	1.328
5096	53917	0.064	0.096	0.177	0.16
5096	53917	0.048	0.047	0.111	0.095
5096	53917	0.113	2.849	2.897	2.962
5096	53917	0.03	0.192	0.305	0.222
5096	53917	0.078	0.61	0.64	0.688
5096	53917	0.065	0.081	0.159	0.146
5096	53917	0.062	0.465	0.53	0.527
5096	53917	0.112	0.143	0.205	0.255
5096	53917	0.143	0.306	0.418	0.449
5096	53917	0.175	1.393	1.536	1.568
5096	53917	0.127	0.0	0.175	0.127
5096	53917	0.125	0.131	0.258	0.256
5096	53917	0.064	3.152	3.277	3.216
5096	53917	0.111	0.018	0.082	0.129
5096	53917	0.064	1.601	1.712	1.665
5096	53954	0.415	0.0	0.0	0.0
5096	53954	0.113	0.048	0.367	0.065
5096	53954	0.096	0.464	0.577	0.56
5096	53954	0.058	0.373	0.469	0.431
5096	53954	0.081	0.064	0.122	0.145
5096	53954	0.064	0.064	0.145	0.128
5096	53954	0.064	0.143	0.207	0.207
5096	53954	0.097	0.064	0.128	0.161
5096	53954	0.062	0.961	1.058	1.023
5096	53954	0.062	0.066	0.128	0.128
5096	53954	0.048	0.064	0.126	0.112
5096	53954	0.113	0.071	0.119	0.184
5096	53954	0.081	0.408	0.521	0.489
5096	53954	0.064	0.128	0.209	0.192
5096	53954	0.086	0.592	0.656	0.678
5096	53954	0.141	0.064	0.15	0.205
5096	53954	0.16	0.02	0.121	0.14
5096	53954	0.081	0.144	0.304	0.225
5096	53954	0.08	1.439	1.52	1.519
5096	53954	0.064	0.113	0.193	0.177
5096	53954	0.046	0.114	0.178	0.16
5096	53954	0.08	0.113	0.159	0.193
5096	53954	0.095	7.423	7.503	7.518
5096	53954	0.144	0.033	0.128	0.177
5096	53954	0.098	0.0	0.144	0.098
5096	53954	0.082	0.095	0.193	0.177
5096	53954	0.106	0.115	0.197	0.221
5096	53954	0.065	1.151	1.257	1.216
5096	53954	0.079	0.225	0.29	0.304
5096	53954	0.065	0.08	0.159	0.145
5096	53954	0.129	1.422	1.487	1.551
5096	53954	0.144	0.143	0.272	0.287
5096	53954	0.144	0.353	0.497	0.497
5096	53954	0.056	0.09	0.234	0.146
5096	53954	0.051	0.797	0.853	0.848
5096	53954	0.064	0.141	0.192	0.205
5096	53954	0.082	0.464	0.528	0.546
5096	53954	0.063	0.415	0.497	0.478
5096	53954	0.116	1.937	2.0	2.053
5096	53954	0.32	0.7	0.816	1.02
5096	53954	0.111	0.064	0.256	0.047
5096	53954	0.097	0.112	0.223	0.209
5096	53954	0.081	0.111	0.208	0.192
5096	53954	0.127	0.225	0.306	0.352
5096	53954	0.064	0.159	0.286	0.223
5096	53954	0.112	0.096	0.16	0.208
5096	53954	1.057	0.848	0.96	1.905
5096	53954	0.128	0.081	0.976	0.047
5096	53954	0.065	0.24	0.368	0.305
5096	53954	0.065	0.143	0.208	0.208
5096	53954	0.062	0.081	0.146	0.143
5096	53954	0.175	0.129	0.191	0.304
5096	53954	0.096	0.047	0.128	0.049
5096	53954	0.128	0.08	0.176	0.208
5096	53954	0.065	1.264	1.392	1.329
5096	53954	0.047	0.528	0.593	0.575
5096	53954	0.128	0.128	0.175	0.256
5096	53954	0.08	0.88	1.008	0.96
5096	53954	0.047	0.144	0.224	0.191
5096	53954	0.096	0.432	0.479	0.528
5096	53954	0.065	0.354	0.45	0.419
5096	53954	0.064	0.094	0.159	0.158
5096	53954	0.063	0.119	0.183	0.182
5096	53954	0.055	0.166	0.229	0.221
5096	53954	0.107	0.049	0.104	0.156
5096	53954	0.066	1.248	1.355	1.314
5096	53954	0.082	0.638	0.704	0.72
5096	53954	0.144	0.079	0.161	0.223
5096	53954	0.525	0.467	0.611	0.992
5096	53954	0.081	0.096	0.429	0.015
5096	54001	0.388	0.0	0.0	0.0
5096	54001	0.08	0.144	0.244	0.064
5096	54001	0.064	0.561	0.641	0.625
5096	54001	0.08	1.296	1.36	1.376
5096	54001	0.048	0.799	0.879	0.847
5096	54001	0.08	0.048	0.096	0.128
5096	54001	0.144	0.129	0.209	0.273
5096	54001	0.08	0.592	0.736	0.672
5096	54001	0.113	0.033	0.113	0.146
5096	54001	0.064	0.254	0.367	0.318
5096	54001	0.094	0.05	0.114	0.144
5096	54001	0.143	0.048	0.142	0.191
5096	54001	0.144	1.505	1.648	1.649
5096	54001	0.05	0.113	0.257	0.163
5096	54001	0.144	0.077	0.127	0.221
5096	54001	0.095	0.865	1.009	0.96
5096	54001	0.081	0.224	0.319	0.305
5096	54001	0.079	0.115	0.196	0.194
5096	54001	0.111	1.262	1.341	1.373
5096	54001	0.0	0.0	0.0	0.0
5096	54001	0.0	0.0	0.0	0.0
5096	54001	0.0	0.0	0.0	0.0
5096	54001	0.0	0.0	0.0	0.0
5096	54001	0.0	0.0	0.0	0.0
5096	54001	0.0	0.0	0.0	0.0
5096	54001	0.0	0.0	0.0	0.0
5096	54001	0.0	0.0	0.0	0.0
5096	54001	0.0	0.0	0.0	0.0
5096	54001	0.0	0.0	0.0	0.0
5096	54001	0.0	0.0	0.0	0.0
5096	54001	0.0	0.0	0.0	0.0
5096	54001	0.0	0.0	0.0	0.0
5096	54001	0.0	0.0	0.0	0.0
5096	54001	0.0	0.0	0.0	0.0
5096	54001	0.0	0.0	0.0	0.0
5096	54001	0.0	0.0	0.0	0.0
5096	54001	0.0	0.0	0.0	0.0
5096	54001	0.0	0.0	0.0	0.0
5096	54001	0.0	0.0	0.0	0.0
5096	54001	0.0	0.0	0.0	0.0
5096	54001	0.0	0.0	0.0	0.0
5096	54001	0.0	0.0	0.0	0.0
5096	54001	0.0	0.0	0.0	0.0
5096	54001	0.0	0.0	0.0	0.0
5096	54001	0.0	0.0	0.0	0.0
5096	54001	0.0	0.0	0.0	0.0
5096	54001	0.0	0.0	0.0	0.0
5096	54001	0.0	0.0	0.0	0.0
5096	54001	0.0	0.0	0.0	0.0
5096	54001	0.0	0.0	0.0	0.0
5096	54001	0.0	0.0	0.0	0.0
5096	54001	0.0	0.0	0.0	0.0
5096	54001	0.0	0.0	0.0	0.0
5096	54001	0.0	0.0	0.0	0.0
5096	54001	0.0	0.0	0.0	0.0
5096	54001	0.0	0.0	0.0	0.0
5096	54001	0.0	0.0	0.0	0.0
5096	54001	0.0	0.0	0.0	0.0
5096	54001	0.0	0.0	0.0	0.0
5096	54001	0.0	0.0	0.0	0.0
5096	54001	0.0	0.0	0.0	0.0
5096	54001	0.0	0.0	0.0	0.0
5096	54001	0.0	0.0	0.0	0.0
5096	54001	0.0	0.0	0.0	0.0
5096	54001	0.0	0.0	0.0	0.0
5096	54001	0.0	0.0	0.0	0.0
5096	54001	0.0	0.0	0.0	0.0
5096	54001	0.0	0.0	0.0	0.0
5096	54001	0.0	0.0	0.0	0.0
5096	54001	0.0	0.0	0.0	0.0
5096	54019	0.177	0.0	0.0	0.0
5096	54019	0.064	0.002	0.175	0.062
5096	54019	0.177	0.319	0.383	0.496
5096	54019	0.067	0.031	0.208	0.098
5096	54019	0.127	0.047	0.114	0.174
5096	54019	0.079	0.784	0.911	0.863
5096	54019	0.079	0.001	0.08	0.08
5096	54019	0.114	0.064	0.143	0.178
5096	54019	0.064	0.974	1.088	1.038
5096	54019	0.064	0.129	0.193	0.193
5096	54019	0.096	0.079	0.143	0.175
5096	54019	0.064	0.369	0.465	0.433
5096	54019	0.112	0.064	0.128	0.176
5096	54019	0.063	1.136	1.248	1.199
5096	54019	0.063	0.465	0.528	0.528
5096	54019	0.095	0.113	0.176	0.208
5096	54019	0.064	0.144	0.239	0.208
5096	54019	0.064	0.097	0.161	0.161
5096	54019	0.096	0.048	0.112	0.144
5096	54019	0.047	0.864	0.96	0.911
5096	54019	0.064	0.193	0.24	0.257
5096	54019	0.11	2.369	2.433	2.479
5096	54019	0.175	0.065	0.175	0.24
5096	54019	0.048	1.137	1.312	1.185
5096	54019	0.08	0.624	0.672	0.704
5096	54019	0.049	0.047	0.127	0.096
5096	54019	0.144	0.112	0.161	0.256
5096	54019	0.064	1.183	1.327	1.247
5096	54019	0.095	0.081	0.145	0.176
5096	54019	0.128	0.064	0.159	0.192
5096	54019	0.079	0.002	0.13	0.081
5096	54019	0.081	1.168	1.247	1.249
5096	54019	0.08	0.174	0.255	0.254
5096	54019	0.064	0.528	0.608	0.592
5096	54019	0.064	1.345	1.409	1.409
5096	54019	0.0	0.0	0.0	0.0
5096	54019	0.0	0.0	0.0	0.0
5096	54019	0.0	0.0	0.0	0.0
5096	54019	0.0	0.0	0.0	0.0
5096	54019	0.0	0.0	0.0	0.0
5096	54019	0.0	0.0	0.0	0.0
5096	54019	0.0	0.0	0.0	0.0
5096	54019	0.0	0.0	0.0	0.0
5096	54019	0.0	0.0	0.0	0.0
5096	54019	0.0	0.0	0.0	0.0
5096	54019	0.0	0.0	0.0	0.0
5096	54019	0.0	0.0	0.0	0.0
5096	54019	0.0	0.0	0.0	0.0
5096	54019	0.0	0.0	0.0	0.0
5096	54019	0.0	0.0	0.0	0.0
5096	54019	0.0	0.0	0.0	0.0
5096	54019	0.0	0.0	0.0	0.0
5096	54019	0.0	0.0	0.0	0.0
5096	54019	0.0	0.0	0.0	0.0
5096	54019	0.0	0.0	0.0	0.0
5096	54019	0.0	0.0	0.0	0.0
5096	54019	0.0	0.0	0.0	0.0
5096	54019	0.0	0.0	0.0	0.0
5096	54019	0.0	0.0	0.0	0.0
5096	54019	0.0	0.0	0.0	0.0
5096	54019	0.0	0.0	0.0	0.0
5096	54019	0.0	0.0	0.0	0.0
5096	54019	0.0	0.0	0.0	0.0
5096	54019	0.0	0.0	0.0	0.0
5096	54019	0.0	0.0	0.0	0.0
5096	54019	0.0	0.0	0.0	0.0
5096	54019	0.0	0.0	0.0	0.0
5096	54019	0.0	0.0	0.0	0.0
5096	54019	0.0	0.0	0.0	0.0
5096	54019	0.0	0.0	0.0	0.0
5096	54042	0.415	0.0	0.0	0.0
5096	54042	0.161	0.064	0.351	0.097
5096	54042	0.08	0.031	0.192	0.111
5096	54042	0.079	0.386	0.466	0.465
5096	54042	0.073	0.192	0.271	0.265
5096	54042	0.095	0.936	1.009	1.031
5096	54042	0.078	0.433	0.528	0.511
5096	54042	0.087	0.064	0.142	0.151
5096	54042	0.063	0.122	0.209	0.185
5096	54042	0.144	0.24	0.303	0.384
5096	54042	0.144	0.015	0.129	0.129
5096	54042	0.08	0.016	0.16	0.096
5096	54042	0.144	1.216	1.296	1.36
5096	54042	0.175	0.016	0.128	0.159
5096	54042	0.063	0.017	0.192	0.08
5096	54042	0.08	0.193	0.256	0.273
5096	54042	0.081	0.719	0.799	0.8
5096	54042	0.063	0.4	0.481	0.463
5096	54042	0.159	0.129	0.192	0.288
5096	54042	0.112	0.113	0.272	0.225
5096	54042	0.064	0.095	0.207	0.159
5096	54042	0.11	0.162	0.226	0.272
5096	54042	0.067	0.754	0.864	0.821
5096	54042	0.014	0.257	0.324	0.271
5096	54042	0.145	0.028	0.042	0.173
5096	54042	0.096	0.496	0.641	0.592
5096	54042	0.06	0.134	0.23	0.194
5096	54042	0.112	0.031	0.091	0.143
5096	54042	0.118	0.713	0.825	0.831
5096	54042	0.16	0.0	0.118	0.16
5096	54042	0.113	0.016	0.144	0.097
5096	54042	0.095	0.047	0.16	0.142
5096	54042	0.704	0.464	0.559	1.168
5096	54042	0.063	0.11	0.594	0.047
5096	54042	0.064	0.367	0.43	0.431
5096	54042	0.049	0.113	0.177	0.162
5096	54042	0.095	0.416	0.465	0.511
5096	54042	0.073	1.248	1.343	1.321
5096	54042	0.063	0.103	0.176	0.166
5096	54042	0.049	0.416	0.479	0.465
5096	54042	0.255	3.36	3.409	3.615
5096	54042	0.111	0.111	0.144	0.0
5096	54042	0.08	0.897	1.008	0.977
5096	54042	0.081	0.015	0.095	0.096
5096	54042	0.067	1.081	1.162	1.148
5096	54042	0.083	0.615	0.682	0.698
5096	54042	0.064	0.377	0.46	0.441
5096	54042	0.064	0.977	1.041	1.041
5096	54042	0.08	0.112	0.176	0.192
5096	54042	0.112	0.207	0.287	0.319
5096	54042	1.488	0.337	0.449	1.825
5096	54042	0.032	0.144	1.344	0.112
5096	54042	0.099	0.335	0.367	0.434
5096	54042	0.047	0.701	0.8	0.748
5096	54042	0.081	0.273	0.32	0.354
5096	54042	0.098	0.623	0.704	0.721
5096	54042	0.048	0.094	0.192	0.142
5096	54042	0.096	0.368	0.416	0.464
5096	54042	0.062	0.452	0.548	0.514
5096	54042	0.097	1.006	1.068	1.103
5096	54042	0.099	3.151	3.248	3.25
5096	54042	0.048	1.501	1.6	1.549
5096	54042	0.063	0.049	0.097	0.112
5096	54042	0.095	0.897	0.96	0.992
5096	54042	0.079	0.369	0.464	0.448
5096	54042	0.0	0.0	0.0	0.0
5096	54042	0.0	0.0	0.0	0.0
5096	54042	0.0	0.0	0.0	0.0
5096	54042	0.0	0.0	0.0	0.0
5096	54042	0.0	0.0	0.0	0.0
5096	54087	0.336	0.0	0.0	0.0
5096	54087	0.112	0.16	0.176	0.048
5096	54087	0.065	0.401	0.513	0.466
5096	54087	0.097	0.125	0.19	0.222
5096	54087	0.063	1.504	1.601	1.567
5096	54087	0.049	0.081	0.144	0.13
5096	54087	0.064	0.079	0.128	0.143
5096	54087	0.079	1.745	1.809	1.824
5096	54087	0.065	0.112	0.191	0.177
5096	54087	0.053	0.394	0.459	0.447
5096	54087	0.064	0.831	0.884	0.895
5096	54087	0.065	0.944	1.008	1.009
5096	54087	0.064	0.288	0.353	0.352
5096	54087	0.096	0.143	0.207	0.239
5096	54087	0.049	1.104	1.2	1.153
5096	54087	0.094	0.065	0.114	0.159
5096	54087	0.048	0.032	0.126	0.08
5096	54087	0.074	0.177	0.225	0.251
5096	54087	0.115	0.074	0.148	0.189
5096	54087	0.045	0.132	0.247	0.177
5096	54087	0.097	0.087	0.132	0.184
5096	54087	0.127	0.048	0.145	0.175
5096	54087	0.05	1.121	1.248	1.171
5096	54087	0.048	0.11	0.16	0.158
5096	54087	0.047	0.064	0.112	0.111
5096	54087	0.064	0.945	0.992	1.009
5096	54087	0.043	0.213	0.277	0.256
5096	54087	0.065	0.287	0.33	0.352
5096	54087	0.063	0.144	0.209	0.207
5096	54087	0.095	0.097	0.16	0.192
5096	54087	0.056	0.523	0.618	0.579
5096	54087	0.16	0.173	0.229	0.333
5096	54087	0.112	0.033	0.193	0.145
5096	54087	0.143	1.024	1.136	1.167
5096	54087	0.111	0.031	0.112	0.08
5096	54087	0.113	0.096	0.207	0.209
5096	54087	0.065	1.519	1.632	1.584
5096	54087	0.048	0.064	0.129	0.112
5096	54087	0.064	0.415	0.463	0.479
5096	54087	0.08	0.048	0.112	0.128
5096	54087	0.032	0.705	0.785	0.737
5096	54087	0.048	0.303	0.335	0.351
5096	54087	0.064	0.113	0.161	0.177
5096	54087	0.064	1.631	1.695	1.695
5096	54087	0.081	0.097	0.161	0.178
5096	54087	0.08	0.014	0.095	0.094
5096	54087	0.049	0.832	0.912	0.881
5096	54087	0.047	0.065	0.114	0.112
5096	54087	0.096	0.08	0.127	0.176
5096	54087	0.081	1.007	1.103	1.088
5096	54087	0.145	0.031	0.112	0.176
5096	54087	0.049	0.096	0.241	0.145
5096	54087	0.048	1.407	1.456	1.455
5096	54087	0.064	0.096	0.144	0.16
5096	54087	0.065	0.112	0.176	0.177
5096	54087	0.062	1.201	1.266	1.263
5096	54087	0.0	0.0	0.0	0.0
5096	54087	0.0	0.0	0.0	0.0
5096	54087	0.0	0.0	0.0	0.0
5096	54087	0.0	0.0	0.0	0.0
5096	54087	0.0	0.0	0.0	0.0
5096	54087	0.0	0.0	0.0	0.0
5096	54087	0.0	0.0	0.0	0.0
5096	54087	0.0	0.0	0.0	0.0
5096	54087	0.0	0.0	0.0	0.0
5096	54087	0.0	0.0	0.0	0.0
5096	54087	0.0	0.0	0.0	0.0
5096	54087	0.0	0.0	0.0	0.0
5096	54087	0.0	0.0	0.0	0.0
5096	54087	0.0	0.0	0.0	0.0
5096	54134	2.289	0.0	0.0	0.0
5096	54134	0.063	0.064	2.225	0.001
5096	54134	0.066	0.285	0.348	0.351
5096	54134	0.078	0.352	0.418	0.43
5096	54134	0.207	0.082	0.16	0.289
5096	54134	0.098	0.082	0.289	0.18
5096	54134	0.062	1.822	1.92	1.884
5096	54134	0.078	1.426	1.488	1.504
5096	54134	0.031	0.161	0.239	0.192
5096	54134	0.109	1.38	1.411	1.489
5096	54134	0.156	0.095	0.204	0.251
5096	54134	0.815	0.326	0.482	1.141
5096	54134	0.081	0.082	0.733	0.001
5096	54134	0.064	0.767	0.848	0.831
5096	54134	0.08	0.193	0.257	0.273
5096	54134	0.111	0.112	0.192	0.223
5096	54134	0.113	0.976	1.087	1.089
5096	54134	0.064	0.064	0.177	0.128
5096	54134	0.064	0.239	0.303	0.303
5096	54134	0.064	0.224	0.288	0.288
5096	54134	0.068	0.121	0.185	0.189
5096	54134	0.084	0.144	0.212	0.228
5096	54134	0.047	0.128	0.212	0.175
5096	54134	0.139	0.098	0.145	0.237
5096	54134	0.096	1.06	1.199	1.156
5096	54134	0.083	0.111	0.207	0.194
5096	54134	0.112	0.093	0.176	0.205
5096	54134	0.049	1.392	1.504	1.441
5096	54134	0.114	0.096	0.145	0.21
5096	54134	0.095	0.086	0.2	0.181
5096	54134	0.061	0.124	0.219	0.185
5096	54134	0.158	0.082	0.143	0.24
5096	54134	0.063	1.137	1.295	1.2
5096	54134	0.058	0.31	0.373	0.368
5096	54134	0.061	0.305	0.363	0.366
5096	54134	0.026	0.119	0.18	0.145
5096	54134	0.031	0.064	0.09	0.095
5096	54134	0.091	1.047	1.078	1.138
5096	54134	0.143	0.4	0.491	0.543
5096	54134	0.096	0.0	0.143	0.096
5096	54134	0.066	0.576	0.672	0.642
5096	54134	0.049	0.622	0.688	0.671
5096	54134	0.0	0.0	0.0	0.0
5096	54134	0.0	0.0	0.0	0.0
5096	54134	0.0	0.0	0.0	0.0
5096	54134	0.0	0.0	0.0	0.0
5096	54134	0.0	0.0	0.0	0.0
5096	54134	0.0	0.0	0.0	0.0
5096	54134	0.0	0.0	0.0	0.0
5096	54134	0.0	0.0	0.0	0.0
5096	54134	0.0	0.0	0.0	0.0
5096	54134	0.0	0.0	0.0	0.0
5096	54134	0.0	0.0	0.0	0.0
5096	54134	0.0	0.0	0.0	0.0
5096	54134	0.0	0.0	0.0	0.0
5096	54134	0.0	0.0	0.0	0.0
5096	54134	0.0	0.0	0.0	0.0
5096	54134	0.0	0.0	0.0	0.0
5096	54134	0.0	0.0	0.0	0.0
5096	54134	0.0	0.0	0.0	0.0
5096	54134	0.0	0.0	0.0	0.0
5096	54134	0.0	0.0	0.0	0.0
5096	54134	0.0	0.0	0.0	0.0
5096	54134	0.0	0.0	0.0	0.0
5096	54134	0.0	0.0	0.0	0.0
5096	54134	0.0	0.0	0.0	0.0
5096	54134	0.0	0.0	0.0	0.0
5096	54134	0.0	0.0	0.0	0.0
5096	54134	0.0	0.0	0.0	0.0
5096	54134	0.0	0.0	0.0	0.0
5096	54161	0.321	0.0	0.0	0.0
5096	54161	0.097	0.065	0.256	0.032
5096	54161	0.063	0.336	0.433	0.399
5096	54161	0.096	0.08	0.143	0.176
5096	54161	0.175	0.226	0.322	0.401
5096	54161	0.048	0.0	0.175	0.048
5096	54161	0.094	0.272	0.32	0.366
5096	54161	0.08	0.082	0.176	0.162
5096	54161	0.333	0.176	0.256	0.509
5096	54161	0.112	0.147	0.186	0.035
5096	54161	0.095	0.31	0.422	0.405
5096	54161	0.062	0.817	0.912	0.879
5096	54161	0.064	0.145	0.207	0.209
5096	54161	0.11	0.177	0.241	0.287
5096	54161	0.064	0.641	0.751	0.705
5096	54161	0.08	0.161	0.225	0.241
5096	54161	0.097	0.143	0.223	0.24
5096	54161	0.096	0.175	0.272	0.271
5096	54161	0.145	0.096	0.192	0.241
5096	54161	0.063	0.592	0.737	0.655
5096	54161	0.062	0.102	0.165	0.164
5096	54161	0.095	0.046	0.108	0.141
5096	54161	0.08	1.424	1.519	1.504
5096	54161	0.064	0.064	0.144	0.128
5096	54161	0.113	0.127	0.191	0.24
5096	54161	0.068	0.688	0.801	0.756
5096	54161	0.064	0.22	0.288	0.284
5096	54161	0.143	0.368	0.432	0.511
5096	54161	0.112	0.031	0.112	0.081
5096	54161	0.096	0.976	1.088	1.072
5096	54161	0.88	1.263	1.359	2.143
5096	54161	0.17	0.048	0.832	0.122
5096	54161	0.0	0.0	0.0	0.0
5096	54161	0.0	0.0	0.0	0.0
5096	54161	0.0	0.0	0.0	0.0
5096	54161	0.0	0.0	0.0	0.0
5096	54161	0.0	0.0	0.0	0.0
5096	54161	0.0	0.0	0.0	0.0
5096	54161	0.0	0.0	0.0	0.0
5096	54161	0.0	0.0	0.0	0.0
5096	54161	0.0	0.0	0.0	0.0
5096	54161	0.0	0.0	0.0	0.0
5096	54161	0.0	0.0	0.0	0.0
5096	54161	0.0	0.0	0.0	0.0
5096	54161	0.0	0.0	0.0	0.0
5096	54161	0.0	0.0	0.0	0.0
5096	54161	0.0	0.0	0.0	0.0
5096	54161	0.0	0.0	0.0	0.0
5096	54161	0.0	0.0	0.0	0.0
5096	54161	0.0	0.0	0.0	0.0
5096	54161	0.0	0.0	0.0	0.0
5096	54161	0.0	0.0	0.0	0.0
5096	54161	0.0	0.0	0.0	0.0
5096	54161	0.0	0.0	0.0	0.0
5096	54161	0.0	0.0	0.0	0.0
5096	54161	0.0	0.0	0.0	0.0
5096	54161	0.0	0.0	0.0	0.0
5096	54161	0.0	0.0	0.0	0.0
5096	54161	0.0	0.0	0.0	0.0
5096	54161	0.0	0.0	0.0	0.0
5096	54161	0.0	0.0	0.0	0.0
5096	54161	0.0	0.0	0.0	0.0
5096	54161	0.0	0.0	0.0	0.0
5096	54161	0.0	0.0	0.0	0.0
5096	54161	0.0	0.0	0.0	0.0
5096	54161	0.0	0.0	0.0	0.0
5096	54161	0.0	0.0	0.0	0.0
5096	54161	0.0	0.0	0.0	0.0
5096	54161	0.0	0.0	0.0	0.0
5096	54161	0.0	0.0	0.0	0.0
5096	54183	0.488	0.0	0.0	0.0
5096	54183	0.121	0.121	0.367	0.0
5096	54183	0.126	0.121	0.242	0.247
5096	54183	0.097	0.912	1.038	1.009
5096	54183	0.097	0.079	0.176	0.176
5096	54183	0.049	0.128	0.225	0.177
5096	54183	0.064	0.463	0.512	0.527
5096	54183	0.046	0.114	0.178	0.16
5096	54183	0.112	1.199	1.245	1.311
5096	54183	0.064	0.289	0.401	0.353
5096	54183	0.065	0.126	0.19	0.191
5096	54183	0.224	0.608	0.673	0.832
5096	54183	0.127	0.031	0.193	0.096
5096	54183	0.154	0.055	0.182	0.209
5096	54183	0.063	0.656	0.81	0.719
5096	54183	0.079	0.097	0.16	0.176
5096	54183	0.128	0.032	0.111	0.16
5096	54183	0.126	0.594	0.722	0.72
5096	54183	0.111	0.033	0.159	0.144
5096	54183	0.081	0.272	0.383	0.353
5096	54183	0.082	0.046	0.127	0.128
5096	54183	0.085	0.062	0.144	0.147
5096	54183	0.784	0.829	0.914	1.613
5096	54183	0.049	0.082	0.702	0.033
5096	54183	0.096	0.752	0.801	0.848
5096	54183	0.081	0.769	0.865	0.85
5096	54183	0.097	0.112	0.193	0.209
5096	54183	0.111	0.093	0.19	0.204
5096	54183	0.095	0.179	0.29	0.274
5096	54183	0.064	0.384	0.479	0.448
5096	54183	0.063	0.063	0.127	0.126
5096	54183	0.113	0.065	0.128	0.178
5096	54183	0.399	0.16	0.273	0.559
5096	54183	0.319	0.289	0.688	0.608
5096	54183	0.08	0.095	0.224	0.015
5096	54183	0.106	0.18	0.26	0.286
5096	54183	0.097	0.289	0.395	0.386
5096	54183	0.128	0.094	0.191	0.222
5096	54183	0.127	0.098	0.226	0.225
5096	54183	0.048	0.833	0.96	0.881
5096	54183	0.047	0.177	0.225	0.224
5096	54183	0.081	0.671	0.718	0.752
5096	54183	0.065	0.223	0.304	0.288
5096	54183	0.063	0.16	0.225	0.223
5096	54183	0.065	0.384	0.447	0.449
5096	54183	0.066	0.478	0.543	0.544
5096	54183	0.0	0.0	0.0	0.0
5096	54183	0.0	0.0	0.0	0.0
5096	54183	0.0	0.0	0.0	0.0
5096	54183	0.0	0.0	0.0	0.0
5096	54183	0.0	0.0	0.0	0.0
5096	54183	0.0	0.0	0.0	0.0
5096	54183	0.0	0.0	0.0	0.0
5096	54183	0.0	0.0	0.0	0.0
5096	54183	0.0	0.0	0.0	0.0
5096	54183	0.0	0.0	0.0	0.0
5096	54183	0.0	0.0	0.0	0.0
5096	54183	0.0	0.0	0.0	0.0
5096	54183	0.0	0.0	0.0	0.0
5096	54183	0.0	0.0	0.0	0.0
5096	54183	0.0	0.0	0.0	0.0
5096	54183	0.0	0.0	0.0	0.0
5096	54183	0.0	0.0	0.0	0.0
5096	54183	0.0	0.0	0.0	0.0
5096	54183	0.0	0.0	0.0	0.0
5096	54183	0.0	0.0	0.0	0.0
5096	54183	0.0	0.0	0.0	0.0
5096	54183	0.0	0.0	0.0	0.0
5096	54183	0.0	0.0	0.0	0.0
5096	54183	0.0	0.0	0.0	0.0
5096	54217	0.542	0.0	0.0	0.0
5096	54217	0.08	0.144	0.398	0.064
5096	54217	0.065	0.734	0.814	0.799
5096	54217	0.079	0.113	0.178	0.192
5096	54217	0.063	0.144	0.223	0.207
5096	54217	0.127	0.081	0.144	0.208
5096	54217	0.104	1.097	1.224	1.201
5096	54217	0.132	0.114	0.218	0.246
5096	54217	0.064	0.043	0.175	0.107
5096	54217	0.125	0.179	0.243	0.304
5096	54217	0.4	0.783	0.908	1.183
5096	54217	0.125	0.094	0.306	0.031
5096	54217	0.066	0.298	0.423	0.364
5096	54217	0.192	0.55	0.616	0.742
5096	54217	0.081	0.479	0.671	0.56
5096	54217	0.047	0.543	0.624	0.59
5096	54217	0.191	0.067	0.114	0.258
5096	54217	0.08	0.016	0.175	0.064
5096	54217	0.095	0.24	0.32	0.335
5096	54217	0.08	0.065	0.16	0.145
5096	54217	0.145	0.127	0.207	0.272
5096	54217	0.064	0.368	0.513	0.432
5096	54217	0.049	0.095	0.159	0.144
5096	54217	0.06	0.922	0.971	0.982
5096	54217	0.08	0.058	0.118	0.138
5096	54217	0.062	0.496	0.576	0.558
5096	54217	0.081	0.082	0.144	0.163
5096	54217	0.066	0.606	0.687	0.672
5096	54217	0.049	0.239	0.305	0.288
5096	54217	0.063	0.095	0.144	0.158
5096	54217	0.063	0.433	0.496	0.496
5096	54217	0.109	0.083	0.146	0.192
5096	54217	0.063	0.96	1.069	1.023
5096	54217	0.067	0.256	0.319	0.323
5096	54217	0.045	0.13	0.197	0.175
5096	54217	0.078	0.384	0.429	0.462
5096	54217	0.046	0.066	0.144	0.112
5096	54217	0.068	0.178	0.224	0.246
5096	54217	0.092	0.319	0.387	0.411
5096	54217	0.065	0.256	0.348	0.321
5096	54217	0.062	0.096	0.161	0.158
5096	54217	0.081	0.898	0.96	0.979
5096	54217	0.0	0.0	0.0	0.0
5096	54217	0.0	0.0	0.0	0.0
5096	54217	0.0	0.0	0.0	0.0
5096	54217	0.0	0.0	0.0	0.0
5096	54217	0.0	0.0	0.0	0.0
5096	54217	0.0	0.0	0.0	0.0
5096	54217	0.0	0.0	0.0	0.0
5096	54217	0.0	0.0	0.0	0.0
5096	54217	0.0	0.0	0.0	0.0
5096	54217	0.0	0.0	0.0	0.0
5096	54217	0.0	0.0	0.0	0.0
5096	54217	0.0	0.0	0.0	0.0
5096	54217	0.0	0.0	0.0	0.0
5096	54217	0.0	0.0	0.0	0.0
5096	54217	0.0	0.0	0.0	0.0
5096	54217	0.0	0.0	0.0	0.0
5096	54217	0.0	0.0	0.0	0.0
5096	54217	0.0	0.0	0.0	0.0
5096	54217	0.0	0.0	0.0	0.0
5096	54217	0.0	0.0	0.0	0.0
5096	54217	0.0	0.0	0.0	0.0
5096	54217	0.0	0.0	0.0	0.0
5096	54217	0.0	0.0	0.0	0.0
5096	54217	0.0	0.0	0.0	0.0
5096	54217	0.0	0.0	0.0	0.0
5096	54217	0.0	0.0	0.0	0.0
5096	54217	0.0	0.0	0.0	0.0
5096	54217	0.0	0.0	0.0	0.0
5096	54242	0.416	0.0	0.0	0.0
5096	54242	0.113	0.128	0.288	0.015
5096	54242	0.047	0.319	0.432	0.366
5096	54242	0.048	0.272	0.319	0.32
5096	54242	0.059	0.134	0.182	0.193
5096	54242	0.112	0.063	0.122	0.175
5096	54242	0.066	0.049	0.161	0.115
5096	54242	0.097	0.092	0.158	0.189
5096	54242	0.048	1.265	1.362	1.313
5096	54242	0.048	0.207	0.255	0.255
5096	54242	0.08	0.096	0.144	0.176
5096	54242	0.032	0.305	0.385	0.337
5096	54242	0.111	0.113	0.145	0.224
5096	54242	0.063	0.224	0.335	0.287
5096	54242	0.047	0.96	1.023	1.007
5096	54242	0.047	0.066	0.113	0.113
5096	54242	0.127	0.673	0.72	0.8
5096	54242	0.111	0.0	0.127	0.111
5096	54242	0.066	0.768	0.879	0.834
5096	54242	0.048	0.672	0.738	0.72
5096	54242	0.065	1.022	1.07	1.087
5096	54242	0.0	0.0	0.0	0.0
5096	54242	0.0	0.0	0.0	0.0
5096	54242	0.0	0.0	0.0	0.0
5096	54242	0.0	0.0	0.0	0.0
5096	54242	0.0	0.0	0.0	0.0
5096	54242	0.0	0.0	0.0	0.0
5096	54242	0.0	0.0	0.0	0.0
5096	54242	0.0	0.0	0.0	0.0
5096	54242	0.0	0.0	0.0	0.0
5096	54242	0.0	0.0	0.0	0.0
5096	54242	0.0	0.0	0.0	0.0
5096	54242	0.0	0.0	0.0	0.0
5096	54242	0.0	0.0	0.0	0.0
5096	54242	0.0	0.0	0.0	0.0
5096	54242	0.0	0.0	0.0	0.0
5096	54242	0.0	0.0	0.0	0.0
5096	54242	0.0	0.0	0.0	0.0
5096	54242	0.0	0.0	0.0	0.0
5096	54242	0.0	0.0	0.0	0.0
5096	54242	0.0	0.0	0.0	0.0
5096	54242	0.0	0.0	0.0	0.0
5096	54242	0.0	0.0	0.0	0.0
5096	54242	0.0	0.0	0.0	0.0
5096	54242	0.0	0.0	0.0	0.0
5096	54242	0.0	0.0	0.0	0.0
5096	54242	0.0	0.0	0.0	0.0
5096	54242	0.0	0.0	0.0	0.0
5096	54242	0.0	0.0	0.0	0.0
5096	54242	0.0	0.0	0.0	0.0
5096	54242	0.0	0.0	0.0	0.0
5096	54242	0.0	0.0	0.0	0.0
5096	54242	0.0	0.0	0.0	0.0
5096	54242	0.0	0.0	0.0	0.0
5096	54242	0.0	0.0	0.0	0.0
5096	54242	0.0	0.0	0.0	0.0
5096	54242	0.0	0.0	0.0	0.0
5096	54242	0.0	0.0	0.0	0.0
5096	54242	0.0	0.0	0.0	0.0
5096	54242	0.0	0.0	0.0	0.0
5096	54242	0.0	0.0	0.0	0.0
5096	54242	0.0	0.0	0.0	0.0
5096	54242	0.0	0.0	0.0	0.0
5096	54242	0.0	0.0	0.0	0.0
5096	54242	0.0	0.0	0.0	0.0
5096	54242	0.0	0.0	0.0	0.0
5096	54242	0.0	0.0	0.0	0.0
5096	54242	0.0	0.0	0.0	0.0
5096	54242	0.0	0.0	0.0	0.0
5096	54242	0.0	0.0	0.0	0.0
5096	54263	0.541	0.0	0.0	0.0
5096	54263	0.095	0.062	0.479	0.033
5096	54263	0.127	0.145	0.24	0.272
5096	54263	0.112	0.24	0.367	0.352
5096	54263	0.095	0.113	0.225	0.208
5096	54263	0.111	0.289	0.384	0.4
5096	54263	0.102	0.171	0.282	0.273
5096	54263	0.114	0.094	0.196	0.208
5096	54263	0.144	1.28	1.394	1.424
5096	54263	0.079	0.079	0.223	0.158
5096	54263	0.079	0.418	0.497	0.497
5096	54263	0.067	0.144	0.223	0.211
5096	54263	0.064	0.446	0.513	0.51
5096	54263	0.064	0.063	0.127	0.127
5096	54263	0.112	0.065	0.129	0.177
5096	54263	0.064	0.8	0.912	0.864
5096	54263	0.071	0.09	0.154	0.161
5096	54263	0.126	0.032	0.103	0.158
5096	54263	0.064	0.673	0.799	0.737
5096	54263	0.078	2.161	2.225	2.239
5096	54263	0.08	0.143	0.221	0.223
5096	54263	0.063	0.113	0.193	0.176
5096	54263	0.066	0.192	0.255	0.258
5096	54263	0.162	1.31	1.376	1.472
5096	54263	0.152	0.018	0.144	0.134
5096	54263	0.14	0.062	0.214	0.202
5096	54263	0.032	0.319	0.459	0.351
5096	54263	0.048	0.112	0.144	0.16
5096	54263	0.048	0.095	0.143	0.143
5096	54263	0.046	0.098	0.146	0.144
5096	54263	0.049	0.08	0.126	0.129
5096	54263	0.047	0.304	0.353	0.351
5096	54263	0.061	0.404	0.451	0.465
5096	54263	0.047	1.09	1.151	1.137
5096	54263	0.061	0.129	0.176	0.19
5096	54263	0.049	0.352	0.413	0.401
5096	54263	0.05	0.111	0.16	0.161
5096	54263	0.062	0.144	0.194	0.206
5096	54263	0.064	0.161	0.223	0.225
5096	54263	0.081	0.08	0.144	0.161
5096	54263	0.111	0.032	0.113	0.143
5096	54263	0.047	0.912	1.023	0.959
5096	54263	0.065	0.112	0.159	0.177
5096	54263	0.062	0.081	0.146	0.143
5096	54263	0.063	0.145	0.207	0.208
5096	54263	0.094	0.306	0.369	0.4
5096	54263	0.098	0.128	0.222	0.226
5096	54263	0.128	0.079	0.177	0.207
5096	54263	0.047	0.529	0.657	0.576
5096	54263	0.062	0.098	0.145	0.16
5096	54263	0.126	0.513	0.575	0.639
5096	54263	0.104	0.038	0.088	0.066
5096	54263	0.047	0.097	0.201	0.144
5096	54263	0.11	0.21	0.257	0.32
5096	54263	0.063	1.441	1.551	1.504
5096	54263	0.031	0.096	0.159	0.127
5096	54263	0.128	0.017	0.048	0.145
5096	54263	0.048	0.736	0.864	0.784
5096	54263	0.049	0.671	0.719	0.72
5096	54263	0.111	1.136	1.185	1.247
5096	54263	0.098	0.017	0.128	0.115
5096	54263	0.046	0.814	0.912	0.86
5096	54263	0.066	0.112	0.158	0.178
5096	54263	0.063	0.4	0.466	0.463
5096	54263	0.046	1.427	1.49	1.473
5096	54263	0.094	0.066	0.112	0.16
5096	54263	0.107	1.121	1.215	1.228
5096	54263	0.104	0.019	0.126	0.123
5096	54263	0.027	0.16	0.264	0.187
5096	54263	0.115	1.207	1.234	1.322
5096	54305	0.236	0.0	0.0	0.0
5096	54305	0.08	0.08	0.156	0.0
5096	54305	0.048	0.129	0.209	0.177
5096	54305	0.049	0.111	0.159	0.16
5096	54305	0.097	0.111	0.16	0.208
5096	54305	0.082	0.447	0.544	0.529
5096	54305	0.078	0.063	0.145	0.141
5096	54305	0.065	0.033	0.111	0.098
5096	54305	0.16	0.111	0.176	0.271
5096	54305	0.06	0.851	1.011	0.911
5096	54305	0.063	0.241	0.301	0.304
5096	54305	0.154	0.072	0.135	0.226
5096	54305	0.032	0.0	0.154	0.032
5096	54305	0.136	0.216	0.248	0.352
5096	54305	0.049	0.622	0.758	0.671
5096	54305	0.111	0.53	0.579	0.641
5096	54305	0.063	0.191	0.302	0.254
5096	54305	0.079	0.337	0.4	0.416
5096	54305	0.128	0.146	0.225	0.274
5096	54305	0.03	0.081	0.209	0.111
5096	54305	0.129	0.159	0.189	0.288
5096	54305	0.096	0.787	0.916	0.883
5096	54305	0.08	0.445	0.541	0.525
5096	54305	0.064	0.112	0.192	0.176
5096	54305	0.058	0.343	0.407	0.401
5096	54305	0.129	0.112	0.17	0.241
5096	54305	0.093	0.001	0.13	0.094
5096	54305	0.078	0.113	0.206	0.191
5096	54305	0.032	0.16	0.238	0.192
5096	54305	0.335	0.434	0.466	0.769
5096	54305	0.16	0.08	0.255	0.08
5096	54305	0.0	0.0	0.0	0.0
5096	54305	0.0	0.0	0.0	0.0
5096	54305	0.0	0.0	0.0	0.0
5096	54305	0.0	0.0	0.0	0.0
5096	54305	0.0	0.0	0.0	0.0
5096	54305	0.0	0.0	0.0	0.0
5096	54305	0.0	0.0	0.0	0.0
5096	54305	0.0	0.0	0.0	0.0
5096	54305	0.0	0.0	0.0	0.0
5096	54305	0.0	0.0	0.0	0.0
5096	54305	0.0	0.0	0.0	0.0
5096	54305	0.0	0.0	0.0	0.0
5096	54305	0.0	0.0	0.0	0.0
5096	54305	0.0	0.0	0.0	0.0
5096	54305	0.0	0.0	0.0	0.0
5096	54305	0.0	0.0	0.0	0.0
5096	54305	0.0	0.0	0.0	0.0
5096	54305	0.0	0.0	0.0	0.0
5096	54305	0.0	0.0	0.0	0.0
5096	54305	0.0	0.0	0.0	0.0
5096	54305	0.0	0.0	0.0	0.0
5096	54305	0.0	0.0	0.0	0.0
5096	54305	0.0	0.0	0.0	0.0
5096	54305	0.0	0.0	0.0	0.0
5096	54305	0.0	0.0	0.0	0.0
5096	54305	0.0	0.0	0.0	0.0
5096	54305	0.0	0.0	0.0	0.0
5096	54305	0.0	0.0	0.0	0.0
5096	54305	0.0	0.0	0.0	0.0
5096	54305	0.0	0.0	0.0	0.0
5096	54305	0.0	0.0	0.0	0.0
5096	54305	0.0	0.0	0.0	0.0
5096	54305	0.0	0.0	0.0	0.0
5096	54305	0.0	0.0	0.0	0.0
5096	54305	0.0	0.0	0.0	0.0
5096	54305	0.0	0.0	0.0	0.0
5096	54305	0.0	0.0	0.0	0.0
5096	54305	0.0	0.0	0.0	0.0
5096	54305	0.0	0.0	0.0	0.0
5096	54321	0.528	0.0	0.0	0.0
5096	54321	0.096	0.064	0.464	0.032
5096	54321	0.08	0.112	0.208	0.192
5096	54321	0.048	0.256	0.336	0.304
5096	54321	0.048	0.097	0.145	0.145
5096	54321	0.048	0.112	0.16	0.16
5096	54321	0.113	0.11	0.158	0.223
5096	54321	0.045	0.962	1.075	1.007
5096	54321	0.079	0.081	0.126	0.16
5096	54321	0.044	0.052	0.131	0.096
5096	54321	0.08	0.098	0.142	0.178
5096	54321	0.079	0.767	0.847	0.846
5096	54321	0.081	0.128	0.207	0.209
5096	54321	0.067	0.255	0.336	0.322
5096	54321	0.079	0.495	0.562	0.574
5096	54321	0.079	0.064	0.143	0.143
5096	54321	0.048	0.929	1.008	0.977
5096	54321	0.064	0.112	0.16	0.176
5096	54321	0.111	0.065	0.129	0.176
5096	54321	0.111	0.033	0.144	0.144
5096	54321	0.081	0.128	0.239	0.209
5096	54321	0.111	1.616	1.697	1.727
5096	54321	0.064	0.848	0.959	0.912
5096	54321	0.086	0.112	0.176	0.198
5096	54321	0.128	0.507	0.593	0.635
5096	54321	0.078	0.146	0.274	0.224
5096	54321	0.097	0.559	0.637	0.656
5096	54321	0.065	0.367	0.464	0.432
5096	54321	0.175	0.176	0.241	0.351
5096	54321	0.113	0.015	0.16	0.098
5096	54321	0.064	0.206	0.319	0.27
5096	54321	0.11	0.099	0.163	0.209
5096	54321	0.098	1.136	1.246	1.234
5096	54321	0.099	0.061	0.159	0.16
5096	54321	0.111	0.064	0.163	0.175
5096	54321	0.082	0.032	0.143	0.114
5096	54321	0.112	0.062	0.144	0.174
5096	54321	0.079	1.088	1.2	1.167
5096	54321	0.062	0.05	0.129	0.112
5096	54321	0.066	0.672	0.734	0.738
5096	54321	0.078	0.511	0.577	0.589
5096	54321	0.128	0.674	0.752	0.802
5096	54321	0.079	0.704	0.832	0.783
5096	54321	0.049	0.079	0.158	0.128
5096	54321	0.13	0.385	0.434	0.515
5096	54321	0.081	0.62	0.75	0.701
5096	54321	0.096	0.255	0.336	0.351
5096	54321	0.068	0.048	0.144	0.116
5096	54321	0.127	0.047	0.115	0.174
5096	54321	0.048	1.151	1.278	1.199
5096	54321	0.056	0.151	0.199	0.207
5096	54321	0.171	0.278	0.334	0.449
5096	54321	0.204	0.019	0.19	0.223
5096	54321	0.096	0.03	0.174	0.066
5096	54321	0.065	0.782	0.878	0.847
5096	54321	0.081	0.063	0.128	0.144
5096	54321	0.094	0.049	0.13	0.143
5096	54321	0.126	0.082	0.176	0.208
5096	54321	0.065	1.024	1.15	1.089
5096	54321	0.08	0.319	0.384	0.399
5096	54321	0.089	0.145	0.225	0.234
5096	54321	0.08	0.406	0.495	0.486
5096	54321	0.0	0.0	0.0	0.0
5096	54321	0.0	0.0	0.0	0.0
5096	54321	0.0	0.0	0.0	0.0
5096	54321	0.0	0.0	0.0	0.0
5096	54321	0.0	0.0	0.0	0.0
5096	54321	0.0	0.0	0.0	0.0
5096	54321	0.0	0.0	0.0	0.0
5096	54321	0.0	0.0	0.0	0.0
