PARTICIPANT_ID	TEST_SECTION_ID	HOLD_LATENCY	INTERKEY_LATENCY	PRESS_LATENCY	RELEASE_LATENCY
5442	58056	0.216	0.0	0.0	0.0
5442	58056	0.081	0.097	0.119	0.016
5442	58056	0.103	0.297	0.378	0.4
5442	58056	0.131	0.047	0.15	0.178
5442	58056	0.108	0.0	0.131	0.108
5442	58056	0.08	0.016	0.092	0.064
5442	58056	0.083	0.0	0.08	0.083
5442	58056	0.118	0.0	0.083	0.118
5442	58056	0.102	0.062	0.18	0.164
5442	58056	0.085	0.0	0.102	0.085
5442	58056	0.101	0.0	0.085	0.101
5442	58056	0.114	0.016	0.085	0.098
5442	58056	0.141	0.031	0.145	0.172
5442	58056	0.085	0.054	0.087	0.031
5442	58056	0.085	0.047	0.132	0.132
5442	58056	0.117	0.031	0.116	0.148
5442	58056	0.084	0.036	0.153	0.12
5442	58056	0.083	0.031	0.115	0.114
5442	58056	0.086	0.016	0.099	0.102
5442	58056	0.085	0.031	0.117	0.116
5442	58056	0.148	0.047	0.038	0.101
5442	58056	0.103	0.047	0.195	0.15
5442	58056	0.052	0.015	0.118	0.067
5442	58056	0.108	0.016	0.036	0.092
5442	58056	0.117	0.056	0.052	0.061
5442	58056	0.134	0.051	0.066	0.083
5442	58056	0.084	0.031	0.165	0.115
5442	58056	0.116	0.0	0.084	0.116
5442	58056	0.098	0.064	0.052	0.034
5442	58056	0.095	0.015	0.113	0.11
5442	58056	0.106	0.081	0.176	0.187
5442	58056	0.072	0.081	0.187	0.153
5442	58056	0.11	0.141	0.213	0.251
5442	58056	0.072	0.112	0.222	0.184
5442	58056	0.102	0.047	0.119	0.149
5442	58056	0.0	0.0	0.0	0.0
5442	58056	0.0	0.0	0.0	0.0
5442	58056	0.0	0.0	0.0	0.0
5442	58056	0.0	0.0	0.0	0.0
5442	58056	0.0	0.0	0.0	0.0
5442	58056	0.0	0.0	0.0	0.0
5442	58056	0.0	0.0	0.0	0.0
5442	58056	0.0	0.0	0.0	0.0
5442	58056	0.0	0.0	0.0	0.0
5442	58056	0.0	0.0	0.0	0.0
5442	58056	0.0	0.0	0.0	0.0
5442	58056	0.0	0.0	0.0	0.0
5442	58056	0.0	0.0	0.0	0.0
5442	58056	0.0	0.0	0.0	0.0
5442	58056	0.0	0.0	0.0	0.0
5442	58056	0.0	0.0	0.0	0.0
5442	58056	0.0	0.0	0.0	0.0
5442	58056	0.0	0.0	0.0	0.0
5442	58056	0.0	0.0	0.0	0.0
5442	58056	0.0	0.0	0.0	0.0
5442	58056	0.0	0.0	0.0	0.0
5442	58056	0.0	0.0	0.0	0.0
5442	58056	0.0	0.0	0.0	0.0
5442	58056	0.0	0.0	0.0	0.0
5442	58056	0.0	0.0	0.0	0.0
5442	58056	0.0	0.0	0.0	0.0
5442	58056	0.0	0.0	0.0	0.0
5442	58056	0.0	0.0	0.0	0.0
5442	58056	0.0	0.0	0.0	0.0
5442	58056	0.0	0.0	0.0	0.0
5442	58056	0.0	0.0	0.0	0.0
5442	58056	0.0	0.0	0.0	0.0
5442	58056	0.0	0.0	0.0	0.0
5442	58056	0.0	0.0	0.0	0.0
5442	58056	0.0	0.0	0.0	0.0
5442	58071	0.16	0.0	0.0	0.0
5442	58071	0.097	0.113	0.047	0.016
5442	58071	0.096	0.088	0.185	0.184
5442	58071	0.131	0.016	0.08	0.115
5442	58071	0.097	0.016	0.147	0.113
5442	58071	0.098	0.041	0.056	0.057
5442	58071	0.098	0.0	0.098	0.098
5442	58071	0.107	0.109	0.207	0.216
5442	58071	0.131	0.202	0.309	0.333
5442	58071	0.165	0.172	0.303	0.337
5442	58071	0.083	0.068	0.097	0.015
5442	58071	0.085	0.115	0.198	0.2
5442	58071	0.101	0.0	0.085	0.101
5442	58071	0.088	0.046	0.147	0.134
5442	58071	0.116	0.031	0.119	0.147
5442	58071	0.088	0.016	0.132	0.104
5442	58071	0.099	0.034	0.122	0.133
5442	58071	0.098	0.0	0.099	0.098
5442	58071	0.104	0.031	0.129	0.135
5442	58071	0.155	0.377	0.481	0.532
5442	58071	0.092	0.108	0.047	0.016
5442	58071	0.061	0.11	0.202	0.171
5442	58071	0.111	0.47	0.531	0.581
5442	58071	0.129	0.016	0.095	0.113
5442	58071	0.108	0.094	0.223	0.202
5442	58071	0.087	0.0	0.108	0.087
5442	58071	0.069	0.296	0.383	0.365
5442	58071	0.057	0.078	0.147	0.135
5442	58071	0.077	0.124	0.181	0.201
5442	58071	0.126	0.015	0.062	0.111
5442	58071	0.089	0.032	0.158	0.121
5442	58071	0.114	0.016	0.073	0.098
5442	58071	0.116	0.016	0.098	0.1
5442	58071	0.075	0.062	0.178	0.137
5442	58071	0.097	0.031	0.044	0.066
5442	58071	0.099	0.031	0.128	0.13
5442	58071	0.099	0.016	0.083	0.083
5442	58071	0.117	0.016	0.083	0.101
5442	58071	0.061	0.109	0.226	0.17
5442	58071	0.056	0.094	0.155	0.15
5442	58071	0.112	0.05	0.106	0.162
5442	58071	0.088	0.015	0.127	0.103
5442	58071	0.107	0.032	0.12	0.139
5442	58071	0.16	0.036	0.071	0.124
5442	58071	0.111	0.047	0.113	0.064
5442	58071	0.109	0.031	0.142	0.14
5442	58071	0.146	0.015	0.124	0.161
5442	58071	0.121	0.016	0.13	0.105
5442	58071	0.168	0.078	0.199	0.246
5442	58071	0.113	0.109	0.277	0.222
5442	58071	0.092	0.094	0.207	0.186
5442	58071	0.068	0.015	0.107	0.083
5442	58071	0.09	0.093	0.161	0.183
5442	58071	0.09	0.093	0.183	0.183
5442	58071	0.085	0.016	0.106	0.101
5442	58071	0.0	0.0	0.0	0.0
5442	58071	0.0	0.0	0.0	0.0
5442	58071	0.0	0.0	0.0	0.0
5442	58071	0.0	0.0	0.0	0.0
5442	58071	0.0	0.0	0.0	0.0
5442	58071	0.0	0.0	0.0	0.0
5442	58071	0.0	0.0	0.0	0.0
5442	58071	0.0	0.0	0.0	0.0
5442	58071	0.0	0.0	0.0	0.0
5442	58071	0.0	0.0	0.0	0.0
5442	58071	0.0	0.0	0.0	0.0
5442	58071	0.0	0.0	0.0	0.0
5442	58071	0.0	0.0	0.0	0.0
5442	58071	0.0	0.0	0.0	0.0
5442	58071	0.0	0.0	0.0	0.0
5442	58078	0.207	0.0	0.0	0.0
5442	58078	0.083	0.098	0.109	0.015
5442	58078	0.075	0.093	0.176	0.168
5442	58078	0.071	0.078	0.153	0.149
5442	58078	0.087	0.078	0.149	0.165
5442	58078	0.1	0.016	0.103	0.116
5442	58078	0.103	0.065	0.165	0.168
5442	58078	0.099	0.0	0.103	0.099
5442	58078	0.131	0.031	0.13	0.162
5442	58078	0.147	0.061	0.07	0.086
5442	58078	0.067	0.453	0.6	0.52
5442	58078	0.118	0.081	0.148	0.199
5442	58078	0.098	0.187	0.305	0.285
5442	58078	0.1	0.032	0.13	0.132
5442	58078	0.105	0.031	0.131	0.136
5442	58078	0.074	0.078	0.183	0.152
5442	58078	0.114	0.096	0.17	0.21
5442	58078	0.114	0.047	0.067	0.067
5442	58078	0.113	0.374	0.488	0.487
5442	58078	0.119	0.031	0.144	0.15
5442	58078	0.125	0.421	0.54	0.546
5442	58078	0.139	0.043	0.082	0.096
5442	58078	0.111	0.016	0.123	0.095
5442	58078	0.114	0.034	0.077	0.08
5442	58078	0.084	0.016	0.098	0.068
5442	58078	0.085	0.063	0.147	0.148
5442	58078	0.102	0.016	0.101	0.118
5442	58078	0.082	0.172	0.274	0.254
5442	58078	0.068	0.046	0.128	0.114
5442	58078	0.089	0.078	0.146	0.167
5442	58078	0.115	0.031	0.12	0.146
5442	58078	0.079	0.093	0.208	0.172
5442	58078	0.097	0.016	0.095	0.113
5442	58078	0.137	0.063	0.16	0.2
5442	58078	0.134	0.016	0.121	0.118
5442	58078	0.087	0.015	0.149	0.102
5442	58078	0.094	0.016	0.071	0.078
5442	58078	0.122	0.035	0.059	0.087
5442	58078	0.126	0.094	0.216	0.22
5442	58078	0.132	0.051	0.075	0.081
5442	58078	0.071	0.034	0.098	0.037
5442	58078	0.1	0.063	0.134	0.163
5442	58078	0.146	0.034	0.134	0.18
5442	58078	0.079	0.177	0.323	0.256
5442	58078	0.041	0.032	0.111	0.073
5442	58078	0.118	0.038	0.079	0.156
5442	58078	0.105	0.032	0.15	0.137
5442	58078	0.083	0.0	0.105	0.083
5442	58078	0.075	0.016	0.099	0.091
5442	58078	0.097	0.039	0.036	0.058
5442	58078	0.114	0.0	0.097	0.114
5442	58078	0.104	0.016	0.098	0.088
5442	58078	0.067	0.0	0.104	0.067
5442	58078	0.102	0.063	0.13	0.165
5442	58078	0.072	0.047	0.149	0.119
5442	58078	0.105	0.078	0.15	0.183
5442	58078	0.088	0.062	0.167	0.15
5442	58078	0.0	0.0	0.0	0.0
5442	58078	0.0	0.0	0.0	0.0
5442	58078	0.0	0.0	0.0	0.0
5442	58078	0.0	0.0	0.0	0.0
5442	58078	0.0	0.0	0.0	0.0
5442	58078	0.0	0.0	0.0	0.0
5442	58078	0.0	0.0	0.0	0.0
5442	58078	0.0	0.0	0.0	0.0
5442	58078	0.0	0.0	0.0	0.0
5442	58078	0.0	0.0	0.0	0.0
5442	58078	0.0	0.0	0.0	0.0
5442	58078	0.0	0.0	0.0	0.0
5442	58078	0.0	0.0	0.0	0.0
5442	58088	0.19	0.0	0.0	0.0
5442	58088	0.085	0.101	0.089	0.016
5442	58088	0.054	0.109	0.194	0.163
5442	58088	0.094	0.005	0.049	0.089
5442	58088	0.099	0.015	0.109	0.114
5442	58088	0.172	0.031	0.13	0.203
5442	58088	0.118	0.066	0.106	0.052
5442	58088	0.061	0.171	0.289	0.232
5442	58088	0.098	0.0	0.061	0.098
5442	58088	0.113	0.0	0.098	0.113
5442	58088	0.117	0.583	0.696	0.7
5442	58088	0.141	0.0	0.117	0.141
5442	58088	0.098	0.036	0.105	0.062
5442	58088	0.105	0.047	0.145	0.152
5442	58088	0.042	0.093	0.198	0.135
5442	58088	0.101	0.062	0.104	0.163
5442	58088	0.156	0.031	0.132	0.187
5442	58088	0.085	0.036	0.12	0.049
5442	58088	0.131	0.031	0.116	0.162
5442	58088	0.083	0.046	0.085	0.037
5442	58088	0.118	0.0	0.083	0.118
5442	58088	0.093	0.189	0.307	0.282
5442	58088	0.117	0.047	0.14	0.164
5442	58088	0.074	0.015	0.132	0.089
5442	58088	0.1	0.016	0.09	0.116
5442	58088	0.129	0.015	0.085	0.114
5442	58088	0.085	0.0	0.129	0.085
5442	58088	0.082	0.0	0.085	0.082
5442	58088	0.106	0.0	0.082	0.106
5442	58088	0.083	0.037	0.069	0.046
5442	58088	0.087	0.015	0.098	0.102
5442	58088	0.082	0.0	0.087	0.082
5442	58088	0.082	0.437	0.519	0.519
5442	58088	0.0	0.0	0.0	0.0
5442	58088	0.0	0.0	0.0	0.0
5442	58088	0.0	0.0	0.0	0.0
5442	58088	0.0	0.0	0.0	0.0
5442	58088	0.0	0.0	0.0	0.0
5442	58088	0.0	0.0	0.0	0.0
5442	58088	0.0	0.0	0.0	0.0
5442	58088	0.0	0.0	0.0	0.0
5442	58088	0.0	0.0	0.0	0.0
5442	58088	0.0	0.0	0.0	0.0
5442	58088	0.0	0.0	0.0	0.0
5442	58088	0.0	0.0	0.0	0.0
5442	58088	0.0	0.0	0.0	0.0
5442	58088	0.0	0.0	0.0	0.0
5442	58088	0.0	0.0	0.0	0.0
5442	58088	0.0	0.0	0.0	0.0
5442	58088	0.0	0.0	0.0	0.0
5442	58088	0.0	0.0	0.0	0.0
5442	58088	0.0	0.0	0.0	0.0
5442	58088	0.0	0.0	0.0	0.0
5442	58088	0.0	0.0	0.0	0.0
5442	58088	0.0	0.0	0.0	0.0
5442	58088	0.0	0.0	0.0	0.0
5442	58088	0.0	0.0	0.0	0.0
5442	58088	0.0	0.0	0.0	0.0
5442	58088	0.0	0.0	0.0	0.0
5442	58088	0.0	0.0	0.0	0.0
5442	58088	0.0	0.0	0.0	0.0
5442	58088	0.0	0.0	0.0	0.0
5442	58088	0.0	0.0	0.0	0.0
5442	58088	0.0	0.0	0.0	0.0
5442	58088	0.0	0.0	0.0	0.0
5442	58088	0.0	0.0	0.0	0.0
5442	58088	0.0	0.0	0.0	0.0
5442	58088	0.0	0.0	0.0	0.0
5442	58088	0.0	0.0	0.0	0.0
5442	58088	0.0	0.0	0.0	0.0
5442	58095	0.155	0.0	0.0	0.0
5442	58095	0.108	0.108	0.047	0.0
5442	58095	0.132	0.031	0.139	0.163
5442	58095	0.084	0.044	0.088	0.04
5442	58095	0.103	0.078	0.162	0.181
5442	58095	0.135	0.047	0.15	0.182
5442	58095	0.088	0.065	0.2	0.153
5442	58095	0.113	0.078	0.166	0.191
5442	58095	0.154	0.056	0.057	0.098
5442	58095	0.201	0.041	0.113	0.16
5442	58095	0.165	0.099	0.102	0.066
5442	58095	0.114	0.098	0.067	0.016
5442	58095	0.126	0.109	0.223	0.235
5442	58095	0.064	0.206	0.332	0.27
5442	58095	0.074	0.109	0.173	0.183
5442	58095	0.09	0.125	0.199	0.215
5442	58095	0.098	0.016	0.106	0.114
5442	58095	0.086	0.112	0.21	0.198
5442	58095	0.107	0.035	0.051	0.072
5442	58095	0.145	0.0	0.107	0.145
5442	58095	0.092	0.015	0.16	0.107
5442	58095	0.116	0.031	0.123	0.147
5442	58095	0.07	0.0	0.116	0.07
5442	58095	0.087	0.078	0.148	0.165
5442	58095	0.087	0.047	0.134	0.134
5442	58095	0.118	0.078	0.165	0.196
5442	58095	0.123	0.047	0.165	0.17
5442	58095	0.088	0.096	0.219	0.184
5442	58095	0.088	0.062	0.15	0.15
5442	58095	0.133	0.016	0.104	0.149
5442	58095	0.115	0.048	0.085	0.067
5442	58095	0.085	0.0	0.115	0.085
5442	58095	0.0	0.0	0.0	0.0
5442	58095	0.0	0.0	0.0	0.0
5442	58095	0.0	0.0	0.0	0.0
5442	58095	0.0	0.0	0.0	0.0
5442	58095	0.0	0.0	0.0	0.0
5442	58095	0.0	0.0	0.0	0.0
5442	58095	0.0	0.0	0.0	0.0
5442	58095	0.0	0.0	0.0	0.0
5442	58095	0.0	0.0	0.0	0.0
5442	58095	0.0	0.0	0.0	0.0
5442	58095	0.0	0.0	0.0	0.0
5442	58095	0.0	0.0	0.0	0.0
5442	58095	0.0	0.0	0.0	0.0
5442	58095	0.0	0.0	0.0	0.0
5442	58095	0.0	0.0	0.0	0.0
5442	58095	0.0	0.0	0.0	0.0
5442	58095	0.0	0.0	0.0	0.0
5442	58095	0.0	0.0	0.0	0.0
5442	58095	0.0	0.0	0.0	0.0
5442	58095	0.0	0.0	0.0	0.0
5442	58095	0.0	0.0	0.0	0.0
5442	58095	0.0	0.0	0.0	0.0
5442	58095	0.0	0.0	0.0	0.0
5442	58095	0.0	0.0	0.0	0.0
5442	58095	0.0	0.0	0.0	0.0
5442	58095	0.0	0.0	0.0	0.0
5442	58095	0.0	0.0	0.0	0.0
5442	58095	0.0	0.0	0.0	0.0
5442	58095	0.0	0.0	0.0	0.0
5442	58095	0.0	0.0	0.0	0.0
5442	58095	0.0	0.0	0.0	0.0
5442	58095	0.0	0.0	0.0	0.0
5442	58095	0.0	0.0	0.0	0.0
5442	58095	0.0	0.0	0.0	0.0
5442	58095	0.0	0.0	0.0	0.0
5442	58095	0.0	0.0	0.0	0.0
5442	58095	0.0	0.0	0.0	0.0
5442	58095	0.0	0.0	0.0	0.0
5442	58098	0.15	0.0	0.0	0.0
5442	58098	0.1	0.069	0.081	0.031
5442	58098	0.105	0.094	0.194	0.199
5442	58098	0.119	0.015	0.09	0.104
5442	58098	0.117	0.039	0.08	0.078
5442	58098	0.116	0.0	0.117	0.116
5442	58098	0.088	0.0	0.116	0.088
5442	58098	0.129	0.0	0.088	0.129
5442	58098	0.072	0.032	0.161	0.104
5442	58098	0.169	0.078	0.15	0.247
5442	58098	0.149	0.095	0.074	0.054
5442	58098	0.137	0.054	0.095	0.083
5442	58098	0.114	0.036	0.101	0.078
5442	58098	0.114	0.031	0.083	0.083
5442	58098	0.093	0.062	0.176	0.155
5442	58098	0.118	0.468	0.561	0.586
5442	58098	0.15	0.052	0.066	0.098
5442	58098	0.098	0.049	0.101	0.049
5442	58098	0.062	0.14	0.238	0.202
5442	58098	0.0	0.0	0.0	0.0
5442	58098	0.0	0.0	0.0	0.0
5442	58098	0.0	0.0	0.0	0.0
5442	58098	0.0	0.0	0.0	0.0
5442	58098	0.0	0.0	0.0	0.0
5442	58098	0.0	0.0	0.0	0.0
5442	58098	0.0	0.0	0.0	0.0
5442	58098	0.0	0.0	0.0	0.0
5442	58098	0.0	0.0	0.0	0.0
5442	58098	0.0	0.0	0.0	0.0
5442	58098	0.0	0.0	0.0	0.0
5442	58098	0.0	0.0	0.0	0.0
5442	58098	0.0	0.0	0.0	0.0
5442	58098	0.0	0.0	0.0	0.0
5442	58098	0.0	0.0	0.0	0.0
5442	58098	0.0	0.0	0.0	0.0
5442	58098	0.0	0.0	0.0	0.0
5442	58098	0.0	0.0	0.0	0.0
5442	58098	0.0	0.0	0.0	0.0
5442	58098	0.0	0.0	0.0	0.0
5442	58098	0.0	0.0	0.0	0.0
5442	58098	0.0	0.0	0.0	0.0
5442	58098	0.0	0.0	0.0	0.0
5442	58098	0.0	0.0	0.0	0.0
5442	58098	0.0	0.0	0.0	0.0
5442	58098	0.0	0.0	0.0	0.0
5442	58098	0.0	0.0	0.0	0.0
5442	58098	0.0	0.0	0.0	0.0
5442	58098	0.0	0.0	0.0	0.0
5442	58098	0.0	0.0	0.0	0.0
5442	58098	0.0	0.0	0.0	0.0
5442	58098	0.0	0.0	0.0	0.0
5442	58098	0.0	0.0	0.0	0.0
5442	58098	0.0	0.0	0.0	0.0
5442	58098	0.0	0.0	0.0	0.0
5442	58098	0.0	0.0	0.0	0.0
5442	58098	0.0	0.0	0.0	0.0
5442	58098	0.0	0.0	0.0	0.0
5442	58098	0.0	0.0	0.0	0.0
5442	58098	0.0	0.0	0.0	0.0
5442	58098	0.0	0.0	0.0	0.0
5442	58098	0.0	0.0	0.0	0.0
5442	58098	0.0	0.0	0.0	0.0
5442	58098	0.0	0.0	0.0	0.0
5442	58098	0.0	0.0	0.0	0.0
5442	58098	0.0	0.0	0.0	0.0
5442	58098	0.0	0.0	0.0	0.0
5442	58098	0.0	0.0	0.0	0.0
5442	58098	0.0	0.0	0.0	0.0
5442	58098	0.0	0.0	0.0	0.0
5442	58098	0.0	0.0	0.0	0.0
5442	58102	0.77	0.0	0.0	0.0
5442	58102	0.106	0.609	0.161	0.503
5442	58102	0.046	0.878	0.984	0.924
5442	58102	0.101	0.09	0.136	0.191
5442	58102	0.103	0.046	0.055	0.057
5442	58102	0.126	0.0	0.103	0.126
5442	58102	0.144	0.14	0.266	0.284
5442	58102	0.101	0.049	0.095	0.052
5442	58102	0.099	0.016	0.085	0.083
5442	58102	0.106	0.046	0.145	0.152
5442	58102	0.113	0.016	0.09	0.097
5442	58102	0.1	0.015	0.098	0.085
5442	58102	0.103	0.031	0.131	0.134
5442	58102	0.098	0.016	0.087	0.082
5442	58102	0.101	0.234	0.332	0.335
5442	58102	0.074	0.145	0.246	0.219
5442	58102	0.097	0.015	0.059	0.082
5442	58102	0.07	0.031	0.128	0.101
5442	58102	0.067	0.0	0.07	0.067
5442	58102	0.105	0.016	0.083	0.121
5442	58102	0.098	0.037	0.068	0.061
5442	58102	0.113	0.031	0.067	0.082
5442	58102	0.091	0.0	0.113	0.091
5442	58102	0.089	0.03	0.061	0.059
5442	58102	0.076	0.0	0.089	0.076
5442	58102	0.117	0.025	0.051	0.092
5442	58102	0.06	0.016	0.133	0.076
5442	58102	0.072	0.221	0.281	0.293
5442	58102	0.113	0.034	0.106	0.147
5442	58102	0.089	0.0	0.113	0.089
5442	58102	0.096	0.468	0.557	0.564
5442	58102	0.0	0.0	0.0	0.0
5442	58102	0.0	0.0	0.0	0.0
5442	58102	0.0	0.0	0.0	0.0
5442	58102	0.0	0.0	0.0	0.0
5442	58102	0.0	0.0	0.0	0.0
5442	58102	0.0	0.0	0.0	0.0
5442	58102	0.0	0.0	0.0	0.0
5442	58102	0.0	0.0	0.0	0.0
5442	58102	0.0	0.0	0.0	0.0
5442	58102	0.0	0.0	0.0	0.0
5442	58102	0.0	0.0	0.0	0.0
5442	58102	0.0	0.0	0.0	0.0
5442	58102	0.0	0.0	0.0	0.0
5442	58102	0.0	0.0	0.0	0.0
5442	58102	0.0	0.0	0.0	0.0
5442	58102	0.0	0.0	0.0	0.0
5442	58102	0.0	0.0	0.0	0.0
5442	58102	0.0	0.0	0.0	0.0
5442	58102	0.0	0.0	0.0	0.0
5442	58102	0.0	0.0	0.0	0.0
5442	58102	0.0	0.0	0.0	0.0
5442	58102	0.0	0.0	0.0	0.0
5442	58102	0.0	0.0	0.0	0.0
5442	58102	0.0	0.0	0.0	0.0
5442	58102	0.0	0.0	0.0	0.0
5442	58102	0.0	0.0	0.0	0.0
5442	58102	0.0	0.0	0.0	0.0
5442	58102	0.0	0.0	0.0	0.0
5442	58102	0.0	0.0	0.0	0.0
5442	58102	0.0	0.0	0.0	0.0
5442	58102	0.0	0.0	0.0	0.0
5442	58102	0.0	0.0	0.0	0.0
5442	58102	0.0	0.0	0.0	0.0
5442	58102	0.0	0.0	0.0	0.0
5442	58102	0.0	0.0	0.0	0.0
5442	58102	0.0	0.0	0.0	0.0
5442	58102	0.0	0.0	0.0	0.0
5442	58102	0.0	0.0	0.0	0.0
5442	58102	0.0	0.0	0.0	0.0
5442	58108	0.189	0.0	0.0	0.0
5442	58108	0.095	0.111	0.078	0.016
5442	58108	0.139	0.078	0.173	0.217
5442	58108	0.107	0.06	0.079	0.047
5442	58108	0.106	0.078	0.185	0.184
5442	58108	0.071	0.016	0.122	0.087
5442	58108	0.105	0.127	0.198	0.232
5442	58108	0.106	0.046	0.151	0.152
5442	58108	0.095	0.034	0.14	0.129
5442	58108	0.102	0.062	0.157	0.164
5442	58108	0.114	0.055	0.047	0.059
5442	58108	0.108	0.14	0.254	0.248
5442	58108	0.113	0.066	0.042	0.047
5442	58108	0.104	0.031	0.144	0.135
5442	58108	0.173	0.293	0.397	0.466
5442	58108	0.113	0.098	0.075	0.015
5442	58108	0.135	0.018	0.131	0.153
5442	58108	0.131	0.034	0.101	0.097
5442	58108	0.103	0.047	0.178	0.15
5442	58108	0.073	0.063	0.166	0.136
5442	58108	0.1	0.034	0.107	0.134
5442	58108	0.098	0.034	0.134	0.132
5442	58108	0.118	0.016	0.114	0.134
5442	58108	0.104	0.062	0.18	0.166
5442	58108	0.097	0.304	0.408	0.401
5442	58108	0.149	0.047	0.144	0.196
5442	58108	0.085	0.221	0.37	0.306
5442	58108	0.081	0.094	0.179	0.175
5442	58108	0.101	0.306	0.387	0.407
5442	58108	0.064	0.14	0.241	0.204
5442	58108	0.105	0.125	0.189	0.23
5442	58108	0.1	0.016	0.089	0.084
5442	58108	0.098	0.0	0.1	0.098
5442	58108	0.066	0.361	0.459	0.427
5442	58108	0.066	0.12	0.186	0.186
5442	58108	0.0	0.0	0.0	0.0
5442	58108	0.0	0.0	0.0	0.0
5442	58108	0.0	0.0	0.0	0.0
5442	58108	0.0	0.0	0.0	0.0
5442	58108	0.0	0.0	0.0	0.0
5442	58108	0.0	0.0	0.0	0.0
5442	58108	0.0	0.0	0.0	0.0
5442	58108	0.0	0.0	0.0	0.0
5442	58108	0.0	0.0	0.0	0.0
5442	58108	0.0	0.0	0.0	0.0
5442	58108	0.0	0.0	0.0	0.0
5442	58108	0.0	0.0	0.0	0.0
5442	58108	0.0	0.0	0.0	0.0
5442	58108	0.0	0.0	0.0	0.0
5442	58108	0.0	0.0	0.0	0.0
5442	58108	0.0	0.0	0.0	0.0
5442	58108	0.0	0.0	0.0	0.0
5442	58108	0.0	0.0	0.0	0.0
5442	58108	0.0	0.0	0.0	0.0
5442	58108	0.0	0.0	0.0	0.0
5442	58108	0.0	0.0	0.0	0.0
5442	58108	0.0	0.0	0.0	0.0
5442	58108	0.0	0.0	0.0	0.0
5442	58108	0.0	0.0	0.0	0.0
5442	58108	0.0	0.0	0.0	0.0
5442	58108	0.0	0.0	0.0	0.0
5442	58108	0.0	0.0	0.0	0.0
5442	58108	0.0	0.0	0.0	0.0
5442	58108	0.0	0.0	0.0	0.0
5442	58108	0.0	0.0	0.0	0.0
5442	58108	0.0	0.0	0.0	0.0
5442	58108	0.0	0.0	0.0	0.0
5442	58108	0.0	0.0	0.0	0.0
5442	58108	0.0	0.0	0.0	0.0
5442	58108	0.0	0.0	0.0	0.0
5442	58119	0.197	0.0	0.0	0.0
5442	58119	0.083	0.083	0.114	0.0
5442	58119	0.088	0.047	0.13	0.135
5442	58119	0.132	0.0	0.088	0.132
5442	58119	0.154	0.0	0.132	0.154
5442	58119	0.069	0.036	0.118	0.033
5442	58119	0.105	0.078	0.147	0.183
5442	58119	0.097	0.015	0.09	0.082
5442	58119	0.101	0.031	0.128	0.132
5442	58119	0.081	0.078	0.179	0.159
5442	58119	0.086	0.027	0.054	0.059
5442	58119	0.136	0.078	0.164	0.214
5442	58119	0.072	0.081	0.217	0.153
5442	58119	0.103	0.047	0.119	0.15
5442	58119	0.103	0.047	0.15	0.15
5442	58119	0.1	0.016	0.119	0.116
5442	58119	0.073	0.096	0.196	0.169
5442	58119	0.074	0.093	0.166	0.167
5442	58119	0.101	0.047	0.121	0.148
5442	58119	0.09	0.047	0.148	0.137
5442	58119	0.127	0.016	0.074	0.111
5442	58119	0.091	0.078	0.205	0.169
5442	58119	0.088	0.031	0.122	0.119
5442	58119	0.101	0.015	0.103	0.116
5442	58119	0.087	0.047	0.148	0.134
5442	58119	0.072	0.062	0.149	0.134
5442	58119	0.098	0.05	0.122	0.148
5442	58119	0.067	0.301	0.399	0.368
5442	58119	0.069	0.032	0.099	0.101
5442	58119	0.092	0.156	0.225	0.248
5442	58119	0.077	0.078	0.17	0.155
5442	58119	0.085	0.064	0.141	0.149
5442	58119	0.113	0.016	0.069	0.097
5442	58119	0.088	0.031	0.144	0.119
5442	58119	0.082	0.0	0.088	0.082
5442	58119	0.129	0.052	0.134	0.181
5442	58119	0.076	0.161	0.29	0.237
5442	58119	0.073	0.078	0.154	0.151
5442	58119	0.114	0.047	0.12	0.161
5442	58119	0.088	0.0	0.114	0.088
5442	58119	0.102	0.031	0.119	0.133
5442	58119	0.07	0.016	0.118	0.086
5442	58119	0.097	0.0	0.07	0.097
5442	58119	0.132	0.0	0.097	0.132
5442	58119	0.09	0.062	0.194	0.152
5442	58119	0.099	0.0	0.09	0.099
5442	58119	0.113	0.052	0.151	0.165
5442	58119	0.069	0.015	0.098	0.054
5442	58119	0.083	0.015	0.084	0.098
5442	58119	0.091	0.047	0.13	0.138
5442	58119	0.101	0.031	0.122	0.132
5442	58119	0.159	0.045	0.056	0.114
5442	58119	0.076	0.11	0.269	0.186
5442	58119	0.087	0.094	0.17	0.181
5442	58119	0.114	0.234	0.321	0.348
5442	58119	0.122	0.062	0.176	0.184
5442	58119	0.162	0.093	0.215	0.255
5442	58119	0.119	0.054	0.108	0.065
5442	58119	0.149	0.016	0.103	0.133
5442	58119	0.132	0.051	0.098	0.081
5442	58119	0.089	0.031	0.101	0.058
5442	58119	0.0	0.0	0.0	0.0
5442	58119	0.0	0.0	0.0	0.0
5442	58119	0.0	0.0	0.0	0.0
5442	58119	0.0	0.0	0.0	0.0
5442	58119	0.0	0.0	0.0	0.0
5442	58119	0.0	0.0	0.0	0.0
5442	58119	0.0	0.0	0.0	0.0
5442	58119	0.0	0.0	0.0	0.0
5442	58119	0.0	0.0	0.0	0.0
5442	58126	0.403	0.0	0.0	0.0
5442	58126	0.107	0.185	0.218	0.078
5442	58126	0.098	0.218	0.325	0.316
5442	58126	0.061	0.141	0.239	0.202
5442	58126	0.113	0.501	0.562	0.614
5442	58126	0.103	0.0	0.113	0.103
5442	58126	0.119	0.129	0.232	0.248
5442	58126	0.103	0.047	0.166	0.15
5442	58126	0.111	0.14	0.243	0.251
5442	58126	0.118	0.032	0.143	0.15
5442	58126	0.199	0.032	0.086	0.167
5442	58126	0.09	0.121	0.078	0.031
5442	58126	0.09	0.159	0.249	0.249
5442	58126	0.144	0.047	0.137	0.191
5442	58126	0.116	0.056	0.088	0.06
5442	58126	0.129	0.0	0.116	0.129
5442	58126	0.161	0.078	0.207	0.239
5442	58126	0.1	0.069	0.092	0.031
5442	58126	0.053	0.159	0.259	0.212
5442	58126	0.147	0.289	0.342	0.436
5442	58126	0.103	0.0	0.147	0.103
5442	58126	0.09	0.094	0.197	0.184
5442	58126	0.091	0.094	0.184	0.185
5442	58126	0.068	0.067	0.158	0.135
5442	58126	0.088	0.141	0.209	0.229
5442	58126	0.134	0.047	0.135	0.181
5442	58126	0.087	0.0	0.134	0.087
5442	58126	0.086	0.031	0.118	0.117
5442	58126	0.126	0.016	0.07	0.11
5442	58126	0.129	0.041	0.085	0.088
5442	58126	0.157	0.078	0.207	0.235
5442	58126	0.111	0.096	0.061	0.015
5442	58126	0.111	0.141	0.252	0.252
5442	58126	0.17	0.015	0.126	0.185
5442	58126	0.116	0.1	0.07	0.016
5442	58126	0.083	0.033	0.149	0.116
5442	58126	0.099	0.016	0.099	0.115
5442	58126	0.105	0.031	0.13	0.136
5442	58126	0.089	0.016	0.121	0.105
5442	58126	0.07	0.109	0.198	0.179
5442	58126	0.1	0.05	0.12	0.15
5442	58126	0.101	0.031	0.131	0.132
5442	58126	0.108	0.032	0.133	0.14
5442	58126	0.082	0.036	0.072	0.046
5442	58126	0.118	0.047	0.129	0.165
5442	58126	0.087	0.099	0.217	0.186
5442	58126	0.134	0.312	0.399	0.446
5442	58126	0.087	0.218	0.352	0.305
5442	58126	0.085	0.078	0.165	0.163
5442	58126	0.105	0.047	0.132	0.152
5442	58126	0.1	0.015	0.12	0.115
5442	58126	0.101	0.031	0.131	0.132
5442	58126	0.082	0.141	0.242	0.223
5442	58126	0.099	0.046	0.128	0.145
5442	58126	0.151	0.031	0.068	0.12
5442	58126	0.118	0.069	0.082	0.049
5442	58126	0.083	0.034	0.084	0.049
5442	58126	0.088	0.032	0.115	0.12
5442	58126	0.087	0.022	0.066	0.065
5442	58126	0.114	0.016	0.071	0.098
5442	58126	0.072	0.031	0.145	0.103
5442	58126	0.0	0.0	0.0	0.0
5442	58126	0.0	0.0	0.0	0.0
5442	58126	0.0	0.0	0.0	0.0
5442	58126	0.0	0.0	0.0	0.0
5442	58126	0.0	0.0	0.0	0.0
5442	58126	0.0	0.0	0.0	0.0
5442	58126	0.0	0.0	0.0	0.0
5442	58126	0.0	0.0	0.0	0.0
5442	58126	0.0	0.0	0.0	0.0
5442	58139	0.167	0.0	0.0	0.0
5442	58139	0.089	0.105	0.062	0.016
5442	58139	0.074	0.094	0.183	0.168
5442	58139	0.072	0.062	0.136	0.134
5442	58139	0.114	0.031	0.103	0.145
5442	58139	0.109	0.124	0.238	0.233
5442	58139	0.129	0.242	0.351	0.371
5442	58139	0.134	0.234	0.363	0.368
5442	58139	0.114	0.067	0.067	0.047
5442	58139	0.131	0.0	0.114	0.131
5442	58139	0.108	0.078	0.209	0.186
5442	58139	0.114	0.015	0.093	0.099
5442	58139	0.12	0.0	0.114	0.12
5442	58139	0.123	0.061	0.059	0.062
5442	58139	0.088	0.047	0.17	0.135
5442	58139	0.12	0.047	0.135	0.167
5442	58139	0.116	0.048	0.072	0.068
5442	58139	0.1	0.016	0.1	0.084
5442	58139	0.176	0.156	0.256	0.332
5442	58139	0.114	0.083	0.093	0.031
5442	58139	0.105	0.018	0.132	0.123
5442	58139	0.069	0.156	0.261	0.225
5442	58139	0.126	0.096	0.165	0.222
5442	58139	0.115	0.015	0.111	0.1
5442	58139	0.103	0.031	0.146	0.134
5442	58139	0.089	0.047	0.15	0.136
5442	58139	0.067	0.016	0.105	0.083
5442	58139	0.052	0.081	0.148	0.133
5442	58139	0.056	0.078	0.13	0.134
5442	58139	0.116	0.031	0.087	0.147
5442	58139	0.101	0.016	0.132	0.117
5442	58139	0.087	0.0	0.101	0.087
5442	58139	0.089	0.125	0.212	0.214
5442	58139	0.082	0.015	0.074	0.067
5442	58139	0.118	0.031	0.113	0.149
5442	58139	0.093	0.125	0.243	0.218
5442	58139	0.102	0.031	0.124	0.133
5442	58139	0.103	0.031	0.133	0.134
5442	58139	0.105	0.016	0.087	0.089
5442	58139	0.113	0.036	0.069	0.077
5442	58139	0.076	0.094	0.207	0.17
5442	58139	0.075	0.093	0.169	0.168
5442	58139	0.116	0.096	0.171	0.212
5442	58139	0.092	0.109	0.225	0.201
5442	58139	0.143	0.062	0.154	0.205
5442	58139	0.085	0.039	0.104	0.046
5442	58139	0.087	0.078	0.163	0.165
5442	58139	0.131	0.068	0.155	0.199
5442	58139	0.124	0.094	0.225	0.218
5442	58139	0.077	0.359	0.483	0.436
5442	58139	0.0	0.0	0.0	0.0
5442	58139	0.0	0.0	0.0	0.0
5442	58139	0.0	0.0	0.0	0.0
5442	58139	0.0	0.0	0.0	0.0
5442	58139	0.0	0.0	0.0	0.0
5442	58139	0.0	0.0	0.0	0.0
5442	58139	0.0	0.0	0.0	0.0
5442	58139	0.0	0.0	0.0	0.0
5442	58139	0.0	0.0	0.0	0.0
5442	58139	0.0	0.0	0.0	0.0
5442	58139	0.0	0.0	0.0	0.0
5442	58139	0.0	0.0	0.0	0.0
5442	58139	0.0	0.0	0.0	0.0
5442	58139	0.0	0.0	0.0	0.0
5442	58139	0.0	0.0	0.0	0.0
5442	58139	0.0	0.0	0.0	0.0
5442	58139	0.0	0.0	0.0	0.0
5442	58139	0.0	0.0	0.0	0.0
5442	58139	0.0	0.0	0.0	0.0
5442	58139	0.0	0.0	0.0	0.0
5442	58147	0.113	0.0	0.0	0.0
5442	58147	0.205	0.08	0.033	0.125
5442	58147	0.095	0.348	0.553	0.443
5442	58147	0.118	0.016	0.111	0.134
5442	58147	0.108	0.141	0.259	0.249
5442	58147	0.09	0.015	0.093	0.075
5442	58147	0.129	0.047	0.137	0.176
5442	58147	0.079	0.141	0.27	0.22
5442	58147	0.119	0.062	0.141	0.181
5442	58147	0.123	0.312	0.431	0.435
5442	58147	0.13	0.016	0.107	0.114
5442	58147	0.09	0.031	0.161	0.121
5442	58147	0.097	0.016	0.074	0.081
5442	58147	0.118	0.016	0.113	0.134
5442	58147	0.087	0.296	0.414	0.383
5442	58147	0.149	0.065	0.152	0.214
5442	58147	0.087	0.048	0.101	0.039
5442	58147	0.088	0.062	0.149	0.15
5442	58147	0.102	0.062	0.15	0.164
5442	58147	0.103	0.016	0.086	0.087
5442	58147	0.041	0.078	0.181	0.119
5442	58147	0.084	0.062	0.103	0.146
5442	58147	0.082	0.25	0.334	0.332
5442	58147	0.0	0.0	0.0	0.0
5442	58147	0.0	0.0	0.0	0.0
5442	58147	0.0	0.0	0.0	0.0
5442	58147	0.0	0.0	0.0	0.0
5442	58147	0.0	0.0	0.0	0.0
5442	58147	0.0	0.0	0.0	0.0
5442	58147	0.0	0.0	0.0	0.0
5442	58147	0.0	0.0	0.0	0.0
5442	58147	0.0	0.0	0.0	0.0
5442	58147	0.0	0.0	0.0	0.0
5442	58147	0.0	0.0	0.0	0.0
5442	58147	0.0	0.0	0.0	0.0
5442	58147	0.0	0.0	0.0	0.0
5442	58147	0.0	0.0	0.0	0.0
5442	58147	0.0	0.0	0.0	0.0
5442	58147	0.0	0.0	0.0	0.0
5442	58147	0.0	0.0	0.0	0.0
5442	58147	0.0	0.0	0.0	0.0
5442	58147	0.0	0.0	0.0	0.0
5442	58147	0.0	0.0	0.0	0.0
5442	58147	0.0	0.0	0.0	0.0
5442	58147	0.0	0.0	0.0	0.0
5442	58147	0.0	0.0	0.0	0.0
5442	58147	0.0	0.0	0.0	0.0
5442	58147	0.0	0.0	0.0	0.0
5442	58147	0.0	0.0	0.0	0.0
5442	58147	0.0	0.0	0.0	0.0
5442	58147	0.0	0.0	0.0	0.0
5442	58147	0.0	0.0	0.0	0.0
5442	58147	0.0	0.0	0.0	0.0
5442	58147	0.0	0.0	0.0	0.0
5442	58147	0.0	0.0	0.0	0.0
5442	58147	0.0	0.0	0.0	0.0
5442	58147	0.0	0.0	0.0	0.0
5442	58147	0.0	0.0	0.0	0.0
5442	58147	0.0	0.0	0.0	0.0
5442	58147	0.0	0.0	0.0	0.0
5442	58147	0.0	0.0	0.0	0.0
5442	58147	0.0	0.0	0.0	0.0
5442	58147	0.0	0.0	0.0	0.0
5442	58147	0.0	0.0	0.0	0.0
5442	58147	0.0	0.0	0.0	0.0
5442	58147	0.0	0.0	0.0	0.0
5442	58147	0.0	0.0	0.0	0.0
5442	58147	0.0	0.0	0.0	0.0
5442	58147	0.0	0.0	0.0	0.0
5442	58147	0.0	0.0	0.0	0.0
5442	58153	0.144	0.0	0.0	0.0
5442	58153	0.113	0.082	0.062	0.031
5442	58153	0.092	0.125	0.238	0.217
5442	58153	0.099	0.0	0.092	0.099
5442	58153	0.147	0.016	0.083	0.131
5442	58153	0.137	0.047	0.194	0.184
5442	58153	0.114	0.036	0.173	0.15
5442	58153	0.103	0.0	0.114	0.103
5442	58153	0.072	0.047	0.15	0.119
5442	58153	0.161	0.0	0.072	0.161
5442	58153	0.079	0.143	0.304	0.222
5442	58153	0.102	0.081	0.16	0.183
5442	58153	0.09	0.125	0.227	0.215
5442	58153	0.116	0.0	0.09	0.116
5442	58153	0.139	0.016	0.132	0.155
5442	58153	0.103	0.036	0.103	0.067
5442	58153	0.077	0.453	0.556	0.53
5442	58153	0.085	0.031	0.108	0.116
5442	58153	0.136	0.031	0.116	0.167
5442	58153	0.07	0.031	0.167	0.101
5442	58153	0.12	0.062	0.132	0.182
5442	58153	0.132	0.015	0.105	0.117
5442	58153	0.101	0.016	0.148	0.117
5442	58153	0.102	0.031	0.132	0.133
5442	58153	0.085	0.015	0.087	0.07
5442	58153	0.088	0.093	0.178	0.181
5442	58153	0.1	0.016	0.104	0.116
5442	58153	0.068	0.034	0.134	0.102
5442	58153	0.0	0.0	0.0	0.0
5442	58153	0.0	0.0	0.0	0.0
5442	58153	0.0	0.0	0.0	0.0
5442	58153	0.0	0.0	0.0	0.0
5442	58153	0.0	0.0	0.0	0.0
5442	58153	0.0	0.0	0.0	0.0
5442	58153	0.0	0.0	0.0	0.0
5442	58153	0.0	0.0	0.0	0.0
5442	58153	0.0	0.0	0.0	0.0
5442	58153	0.0	0.0	0.0	0.0
5442	58153	0.0	0.0	0.0	0.0
5442	58153	0.0	0.0	0.0	0.0
5442	58153	0.0	0.0	0.0	0.0
5442	58153	0.0	0.0	0.0	0.0
5442	58153	0.0	0.0	0.0	0.0
5442	58153	0.0	0.0	0.0	0.0
5442	58153	0.0	0.0	0.0	0.0
5442	58153	0.0	0.0	0.0	0.0
5442	58153	0.0	0.0	0.0	0.0
5442	58153	0.0	0.0	0.0	0.0
5442	58153	0.0	0.0	0.0	0.0
5442	58153	0.0	0.0	0.0	0.0
5442	58153	0.0	0.0	0.0	0.0
5442	58153	0.0	0.0	0.0	0.0
5442	58153	0.0	0.0	0.0	0.0
5442	58153	0.0	0.0	0.0	0.0
5442	58153	0.0	0.0	0.0	0.0
5442	58153	0.0	0.0	0.0	0.0
5442	58153	0.0	0.0	0.0	0.0
5442	58153	0.0	0.0	0.0	0.0
5442	58153	0.0	0.0	0.0	0.0
5442	58153	0.0	0.0	0.0	0.0
5442	58153	0.0	0.0	0.0	0.0
5442	58153	0.0	0.0	0.0	0.0
5442	58153	0.0	0.0	0.0	0.0
5442	58153	0.0	0.0	0.0	0.0
5442	58153	0.0	0.0	0.0	0.0
5442	58153	0.0	0.0	0.0	0.0
5442	58153	0.0	0.0	0.0	0.0
5442	58153	0.0	0.0	0.0	0.0
5442	58153	0.0	0.0	0.0	0.0
5442	58153	0.0	0.0	0.0	0.0
5442	58157	0.216	0.0	0.0	0.0
5442	58157	0.09	0.106	0.11	0.016
5442	58157	0.078	0.109	0.199	0.187
5442	58157	0.099	0.015	0.093	0.114
5442	58157	0.121	0.078	0.177	0.199
5442	58157	0.109	0.125	0.246	0.234
5442	58157	0.105	0.036	0.145	0.141
5442	58157	0.142	0.078	0.183	0.22
5442	58157	0.098	0.042	0.1	0.056
5442	58157	0.106	0.093	0.191	0.199
5442	58157	0.09	0.047	0.153	0.137
5442	58157	0.084	0.083	0.173	0.167
5442	58157	0.116	0.032	0.116	0.148
5442	58157	0.114	0.083	0.033	0.031
5442	58157	0.082	0.14	0.254	0.222
5442	58157	0.116	0.096	0.178	0.212
5442	58157	0.085	0.015	0.101	0.07
5442	58157	0.136	0.062	0.147	0.198
5442	58157	0.109	0.143	0.279	0.252
5442	58157	0.145	0.0	0.109	0.145
5442	58157	0.057	0.016	0.129	0.041
5442	58157	0.191	0.345	0.402	0.536
5442	58157	0.082	0.113	0.078	0.031
5442	58157	0.0	0.0	0.0	0.0
5442	58157	0.0	0.0	0.0	0.0
5442	58157	0.0	0.0	0.0	0.0
5442	58157	0.0	0.0	0.0	0.0
5442	58157	0.0	0.0	0.0	0.0
5442	58157	0.0	0.0	0.0	0.0
5442	58157	0.0	0.0	0.0	0.0
5442	58157	0.0	0.0	0.0	0.0
5442	58157	0.0	0.0	0.0	0.0
5442	58157	0.0	0.0	0.0	0.0
5442	58157	0.0	0.0	0.0	0.0
5442	58157	0.0	0.0	0.0	0.0
5442	58157	0.0	0.0	0.0	0.0
5442	58157	0.0	0.0	0.0	0.0
5442	58157	0.0	0.0	0.0	0.0
5442	58157	0.0	0.0	0.0	0.0
5442	58157	0.0	0.0	0.0	0.0
5442	58157	0.0	0.0	0.0	0.0
5442	58157	0.0	0.0	0.0	0.0
5442	58157	0.0	0.0	0.0	0.0
5442	58157	0.0	0.0	0.0	0.0
5442	58157	0.0	0.0	0.0	0.0
5442	58157	0.0	0.0	0.0	0.0
5442	58157	0.0	0.0	0.0	0.0
5442	58157	0.0	0.0	0.0	0.0
5442	58157	0.0	0.0	0.0	0.0
5442	58157	0.0	0.0	0.0	0.0
5442	58157	0.0	0.0	0.0	0.0
5442	58157	0.0	0.0	0.0	0.0
5442	58157	0.0	0.0	0.0	0.0
5442	58157	0.0	0.0	0.0	0.0
5442	58157	0.0	0.0	0.0	0.0
5442	58157	0.0	0.0	0.0	0.0
5442	58157	0.0	0.0	0.0	0.0
5442	58157	0.0	0.0	0.0	0.0
5442	58157	0.0	0.0	0.0	0.0
5442	58157	0.0	0.0	0.0	0.0
5442	58157	0.0	0.0	0.0	0.0
5442	58157	0.0	0.0	0.0	0.0
5442	58157	0.0	0.0	0.0	0.0
5442	58157	0.0	0.0	0.0	0.0
5442	58157	0.0	0.0	0.0	0.0
5442	58157	0.0	0.0	0.0	0.0
5442	58157	0.0	0.0	0.0	0.0
5442	58157	0.0	0.0	0.0	0.0
5442	58157	0.0	0.0	0.0	0.0
5442	58157	0.0	0.0	0.0	0.0
5442	58163	0.262	0.0	0.0	0.0
5442	58163	0.122	0.153	0.109	0.031
5442	58163	0.106	0.094	0.216	0.2
5442	58163	0.074	0.094	0.2	0.168
5442	58163	0.107	0.11	0.184	0.217
5442	58163	0.117	0.047	0.154	0.164
5442	58163	0.09	0.08	0.197	0.17
5442	58163	0.101	0.031	0.121	0.132
5442	58163	0.108	0.093	0.194	0.201
5442	58163	0.091	0.125	0.233	0.216
5442	58163	0.093	0.093	0.184	0.186
5442	58163	0.1	0.132	0.225	0.232
5442	58163	0.145	0.016	0.084	0.129
5442	58163	0.138	0.031	0.114	0.107
5442	58163	0.114	0.036	0.102	0.078
5442	58163	0.131	0.015	0.099	0.116
5442	58163	0.105	0.016	0.147	0.121
5442	58163	0.113	0.016	0.089	0.097
5442	58163	0.149	0.032	0.145	0.181
5442	58163	0.133	0.015	0.134	0.118
5442	58163	0.095	0.125	0.258	0.22
5442	58163	0.084	0.016	0.111	0.1
5442	58163	0.092	0.062	0.146	0.154
5442	58163	0.113	0.0	0.092	0.113
5442	58163	0.098	0.015	0.098	0.083
5442	58163	0.074	0.062	0.16	0.136
5442	58163	0.1	0.036	0.11	0.136
5442	58163	0.138	0.035	0.135	0.173
5442	58163	0.078	0.08	0.218	0.158
5442	58163	0.085	0.065	0.143	0.15
5442	58163	0.131	0.016	0.069	0.115
5442	58163	0.103	0.063	0.194	0.166
5442	58163	0.067	0.0	0.103	0.067
5442	58163	0.104	0.062	0.129	0.166
5442	58163	0.054	0.0	0.104	0.054
5442	58163	0.1	0.063	0.117	0.163
5442	58163	0.102	0.015	0.085	0.087
5442	58163	0.088	0.062	0.164	0.15
5442	58163	0.068	0.032	0.12	0.1
5442	58163	0.118	0.047	0.115	0.165
5442	58163	0.098	0.0	0.118	0.098
5442	58163	0.105	0.047	0.145	0.152
5442	58163	0.101	0.015	0.12	0.116
5442	58163	0.07	0.015	0.116	0.085
5442	58163	0.093	0.156	0.226	0.249
5442	58163	0.0	0.0	0.0	0.0
5442	58163	0.0	0.0	0.0	0.0
5442	58163	0.0	0.0	0.0	0.0
5442	58163	0.0	0.0	0.0	0.0
5442	58163	0.0	0.0	0.0	0.0
5442	58163	0.0	0.0	0.0	0.0
5442	58163	0.0	0.0	0.0	0.0
5442	58163	0.0	0.0	0.0	0.0
5442	58163	0.0	0.0	0.0	0.0
5442	58163	0.0	0.0	0.0	0.0
5442	58163	0.0	0.0	0.0	0.0
5442	58163	0.0	0.0	0.0	0.0
5442	58163	0.0	0.0	0.0	0.0
5442	58163	0.0	0.0	0.0	0.0
5442	58163	0.0	0.0	0.0	0.0
5442	58163	0.0	0.0	0.0	0.0
5442	58163	0.0	0.0	0.0	0.0
5442	58163	0.0	0.0	0.0	0.0
5442	58163	0.0	0.0	0.0	0.0
5442	58163	0.0	0.0	0.0	0.0
5442	58163	0.0	0.0	0.0	0.0
5442	58163	0.0	0.0	0.0	0.0
5442	58163	0.0	0.0	0.0	0.0
5442	58163	0.0	0.0	0.0	0.0
5442	58163	0.0	0.0	0.0	0.0
