PARTICIPANT_ID	TEST_SECTION_ID	HOLD_LATENCY	INTERKEY_LATENCY	PRESS_LATENCY	RELEASE_LATENCY
5519	59118	0.161	0.0	0.0	0.0
5519	59118	0.124	1.024	1.185	1.148
5519	59118	0.056	0.116	0.24	0.172
5519	59118	0.072	1.245	1.301	1.317
5519	59118	0.069	1.839	1.911	1.908
5519	59118	0.092	0.536	0.605	0.628
5519	59118	0.072	0.104	0.196	0.176
5519	59118	0.091	0.442	0.514	0.533
5519	59118	0.076	0.484	0.575	0.56
5519	59118	0.066	0.754	0.83	0.82
5519	59118	0.072	0.684	0.75	0.756
5519	59118	0.096	0.175	0.247	0.271
5519	59118	0.087	0.081	0.177	0.168
5519	59118	0.08	0.149	0.236	0.229
5519	59118	0.081	0.971	1.051	1.052
5519	59118	0.078	0.063	0.144	0.141
5519	59118	0.112	0.779	0.857	0.891
5519	59118	0.078	0.081	0.193	0.159
5519	59118	0.076	0.098	0.176	0.174
5519	59118	0.066	1.049	1.125	1.115
5519	59118	0.06	0.521	0.587	0.581
5519	59118	0.068	0.213	0.273	0.281
5519	59118	0.075	0.096	0.164	0.171
5519	59118	0.104	0.092	0.167	0.196
5519	59118	0.084	0.048	0.152	0.132
5519	59118	0.107	0.069	0.153	0.176
5519	59118	0.095	0.105	0.212	0.2
5519	59118	0.074	0.866	0.961	0.94
5519	59118	0.0	0.0	0.0	0.0
5519	59118	0.0	0.0	0.0	0.0
5519	59118	0.0	0.0	0.0	0.0
5519	59118	0.0	0.0	0.0	0.0
5519	59118	0.0	0.0	0.0	0.0
5519	59118	0.0	0.0	0.0	0.0
5519	59118	0.0	0.0	0.0	0.0
5519	59118	0.0	0.0	0.0	0.0
5519	59118	0.0	0.0	0.0	0.0
5519	59118	0.0	0.0	0.0	0.0
5519	59118	0.0	0.0	0.0	0.0
5519	59118	0.0	0.0	0.0	0.0
5519	59118	0.0	0.0	0.0	0.0
5519	59118	0.0	0.0	0.0	0.0
5519	59118	0.0	0.0	0.0	0.0
5519	59118	0.0	0.0	0.0	0.0
5519	59118	0.0	0.0	0.0	0.0
5519	59118	0.0	0.0	0.0	0.0
5519	59118	0.0	0.0	0.0	0.0
5519	59118	0.0	0.0	0.0	0.0
5519	59118	0.0	0.0	0.0	0.0
5519	59118	0.0	0.0	0.0	0.0
5519	59118	0.0	0.0	0.0	0.0
5519	59118	0.0	0.0	0.0	0.0
5519	59118	0.0	0.0	0.0	0.0
5519	59118	0.0	0.0	0.0	0.0
5519	59118	0.0	0.0	0.0	0.0
5519	59118	0.0	0.0	0.0	0.0
5519	59118	0.0	0.0	0.0	0.0
5519	59118	0.0	0.0	0.0	0.0
5519	59118	0.0	0.0	0.0	0.0
5519	59118	0.0	0.0	0.0	0.0
5519	59118	0.0	0.0	0.0	0.0
5519	59118	0.0	0.0	0.0	0.0
5519	59118	0.0	0.0	0.0	0.0
5519	59118	0.0	0.0	0.0	0.0
5519	59118	0.0	0.0	0.0	0.0
5519	59118	0.0	0.0	0.0	0.0
5519	59118	0.0	0.0	0.0	0.0
5519	59118	0.0	0.0	0.0	0.0
5519	59118	0.0	0.0	0.0	0.0
5519	59118	0.0	0.0	0.0	0.0
5519	59137	0.144	0.0	0.0	0.0
5519	59137	0.096	0.115	0.029	0.019
5519	59137	0.088	0.771	0.867	0.859
5519	59137	0.064	0.628	0.716	0.692
5519	59137	0.085	0.68	0.744	0.765
5519	59137	0.064	0.182	0.267	0.246
5519	59137	0.068	0.614	0.678	0.682
5519	59137	0.063	0.228	0.296	0.291
5519	59137	0.052	0.008	0.071	0.06
5519	59137	0.084	0.548	0.6	0.632
5519	59137	0.084	0.825	0.909	0.909
5519	59137	0.077	0.161	0.245	0.238
5519	59137	0.068	0.133	0.21	0.201
5519	59137	0.072	0.029	0.097	0.101
5519	59137	0.037	0.508	0.58	0.545
5519	59137	0.045	0.535	0.572	0.58
5519	59137	0.08	1.044	1.089	1.124
5519	59137	0.082	0.332	0.412	0.414
5519	59137	0.084	0.01	0.092	0.094
5519	59137	0.073	0.092	0.176	0.165
5519	59137	0.076	0.33	0.403	0.406
5519	59137	0.092	0.181	0.257	0.273
5519	59137	0.105	0.84	0.932	0.945
5519	59137	0.066	0.129	0.234	0.195
5519	59137	0.076	0.081	0.147	0.157
5519	59137	0.067	0.136	0.212	0.203
5519	59137	0.098	0.635	0.702	0.733
5519	59137	0.055	0.134	0.232	0.189
5519	59137	0.071	0.292	0.347	0.363
5519	59137	0.092	0.589	0.66	0.681
5519	59137	0.112	0.091	0.183	0.203
5519	59137	0.073	0.168	0.28	0.241
5519	59137	0.084	0.303	0.376	0.387
5519	59137	0.075	0.141	0.225	0.216
5519	59137	0.064	0.534	0.609	0.598
5519	59137	0.071	0.333	0.397	0.404
5519	59137	0.088	0.068	0.139	0.156
5519	59137	0.052	0.126	0.214	0.178
5519	59137	0.067	0.089	0.141	0.156
5519	59137	0.07	0.283	0.35	0.353
5519	59137	0.088	0.184	0.254	0.272
5519	59137	0.111	0.013	0.101	0.124
5519	59137	0.077	0.088	0.199	0.165
5519	59137	0.085	0.077	0.154	0.162
5519	59137	0.099	0.446	0.531	0.545
5519	59137	0.072	0.312	0.411	0.384
5519	59137	0.088	0.068	0.14	0.156
5519	59137	0.104	0.686	0.774	0.79
5519	59137	0.104	0.1	0.204	0.204
5519	59137	0.073	0.043	0.147	0.116
5519	59137	0.056	0.128	0.201	0.184
5519	59137	0.087	0.685	0.741	0.772
5519	59137	0.043	0.237	0.324	0.28
5519	59137	0.07	1.136	1.179	1.206
5519	59137	0.064	0.111	0.181	0.175
5519	59137	0.035	0.117	0.181	0.152
5519	59137	0.091	0.578	0.613	0.669
5519	59137	0.085	0.091	0.182	0.176
5519	59137	0.084	0.284	0.369	0.368
5519	59137	0.072	0.065	0.149	0.137
5519	59137	0.082	0.08	0.152	0.162
5519	59137	0.064	0.687	0.769	0.751
5519	59137	0.065	0.12	0.184	0.185
5519	59137	0.052	0.208	0.273	0.26
5519	59137	0.077	0.171	0.223	0.248
5519	59137	0.076	0.072	0.149	0.148
5519	59137	0.083	0.088	0.164	0.171
5519	59137	0.077	0.041	0.124	0.118
5519	59137	0.077	0.504	0.581	0.581
5519	59137	0.0	0.0	0.0	0.0
5519	59166	0.195	0.0	0.0	0.0
5519	59166	0.121	0.141	0.054	0.02
5519	59166	0.13	0.974	1.095	1.104
5519	59166	0.089	0.156	0.286	0.245
5519	59166	0.063	0.12	0.209	0.183
5519	59166	0.077	0.276	0.339	0.353
5519	59166	0.051	0.205	0.282	0.256
5519	59166	0.1	0.252	0.303	0.352
5519	59166	0.1	0.181	0.281	0.281
5519	59166	0.09	0.927	1.027	1.017
5519	59166	0.098	0.196	0.286	0.294
5519	59166	0.072	1.077	1.175	1.149
5519	59166	0.091	0.472	0.544	0.563
5519	59166	0.073	0.122	0.213	0.195
5519	59166	0.101	0.242	0.315	0.343
5519	59166	0.068	0.432	0.533	0.5
5519	59166	0.08	0.656	0.724	0.736
5519	59166	0.098	0.06	0.14	0.158
5519	59166	0.075	0.056	0.154	0.131
5519	59166	0.072	0.192	0.267	0.264
5519	59166	0.136	0.98	1.052	1.116
5519	59166	0.105	0.699	0.835	0.804
5519	59166	0.073	0.155	0.26	0.228
5519	59166	0.092	0.076	0.149	0.168
5519	59166	0.061	0.132	0.224	0.193
5519	59166	0.119	0.808	0.869	0.927
5519	59166	0.097	1.16	1.279	1.257
5519	59166	0.095	0.449	0.546	0.544
5519	59166	0.088	0.233	0.328	0.321
5519	59166	0.081	0.055	0.143	0.136
5519	59166	0.076	0.128	0.209	0.204
5519	59166	0.088	0.233	0.309	0.321
5519	59166	0.054	0.137	0.225	0.191
5519	59166	0.087	0.079	0.133	0.166
5519	59166	0.064	0.109	0.196	0.173
5519	59166	0.057	0.044	0.108	0.101
5519	59166	0.088	0.713	0.77	0.801
5519	59166	0.096	1.012	1.1	1.108
5519	59166	0.111	0.224	0.32	0.335
5519	59166	0.104	0.016	0.095	0.088
5519	59166	0.088	0.089	0.193	0.177
5519	59166	0.112	0.216	0.304	0.328
5519	59166	0.161	0.696	0.808	0.857
5519	59166	0.129	0.137	0.024	0.008
5519	59166	0.0	0.0	0.0	0.0
5519	59166	0.0	0.0	0.0	0.0
5519	59166	0.0	0.0	0.0	0.0
5519	59166	0.0	0.0	0.0	0.0
5519	59166	0.0	0.0	0.0	0.0
5519	59166	0.0	0.0	0.0	0.0
5519	59166	0.0	0.0	0.0	0.0
5519	59166	0.0	0.0	0.0	0.0
5519	59166	0.0	0.0	0.0	0.0
5519	59166	0.0	0.0	0.0	0.0
5519	59166	0.0	0.0	0.0	0.0
5519	59166	0.0	0.0	0.0	0.0
5519	59166	0.0	0.0	0.0	0.0
5519	59166	0.0	0.0	0.0	0.0
5519	59166	0.0	0.0	0.0	0.0
5519	59166	0.0	0.0	0.0	0.0
5519	59166	0.0	0.0	0.0	0.0
5519	59166	0.0	0.0	0.0	0.0
5519	59166	0.0	0.0	0.0	0.0
5519	59166	0.0	0.0	0.0	0.0
5519	59166	0.0	0.0	0.0	0.0
5519	59166	0.0	0.0	0.0	0.0
5519	59166	0.0	0.0	0.0	0.0
5519	59166	0.0	0.0	0.0	0.0
5519	59166	0.0	0.0	0.0	0.0
5519	59166	0.0	0.0	0.0	0.0
5519	59185	0.151	0.0	0.0	0.0
5519	59185	0.1	0.116	0.035	0.016
5519	59185	0.081	0.659	0.759	0.74
5519	59185	0.092	0.048	0.129	0.14
5519	59185	0.092	0.163	0.255	0.255
5519	59185	0.08	0.136	0.228	0.216
5519	59185	0.04	0.149	0.229	0.189
5519	59185	0.101	0.2	0.24	0.301
5519	59185	0.066	0.636	0.737	0.702
5519	59185	0.062	0.077	0.143	0.139
5519	59185	0.088	0.387	0.449	0.475
5519	59185	0.064	0.147	0.235	0.211
5519	59185	0.081	1.034	1.098	1.115
5519	59185	0.06	0.121	0.202	0.181
5519	59185	0.072	0.17	0.23	0.242
5519	59185	0.087	0.056	0.128	0.143
5519	59185	0.077	0.035	0.122	0.112
5519	59185	0.077	0.472	0.549	0.549
5519	59185	0.08	0.492	0.569	0.572
5519	59185	0.089	0.024	0.104	0.113
5519	59185	0.072	0.066	0.155	0.138
5519	59185	0.043	0.048	0.12	0.091
5519	59185	0.076	1.294	1.337	1.37
5519	59185	0.049	0.119	0.195	0.168
5519	59185	0.08	0.016	0.065	0.096
5519	59185	0.066	1.093	1.173	1.159
5519	59185	0.059	0.093	0.159	0.152
5519	59185	0.084	0.782	0.841	0.866
5519	59185	0.08	0.008	0.092	0.088
5519	59185	0.043	0.54	0.62	0.583
5519	59185	0.076	1.273	1.316	1.349
5519	59185	0.092	0.217	0.293	0.309
5519	59185	0.087	0.275	0.367	0.362
5519	59185	0.073	0.113	0.2	0.186
5519	59185	0.071	0.386	0.459	0.457
5519	59185	0.081	0.603	0.674	0.684
5519	59185	0.071	0.128	0.209	0.199
5519	59185	0.077	0.4	0.471	0.477
5519	59185	0.069	0.084	0.161	0.153
5519	59185	0.069	0.1	0.169	0.169
5519	59185	0.088	0.221	0.29	0.309
5519	59185	0.09	0.076	0.164	0.166
5519	59185	0.072	0.066	0.156	0.138
5519	59185	0.069	0.116	0.188	0.185
5519	59185	0.095	0.123	0.192	0.218
5519	59185	0.084	0.634	0.729	0.718
5519	59185	0.069	0.208	0.292	0.277
5519	59185	0.06	0.486	0.555	0.546
5519	59185	0.073	0.364	0.424	0.437
5519	59185	0.076	0.06	0.133	0.136
5519	59185	0.072	0.076	0.152	0.148
5519	59185	0.08	0.184	0.256	0.264
5519	59185	0.08	0.125	0.205	0.205
5519	59185	0.078	0.05	0.13	0.128
5519	59185	0.056	0.048	0.126	0.104
5519	59185	0.072	0.148	0.204	0.22
5519	59185	0.089	0.14	0.212	0.229
5519	59185	0.086	0.066	0.155	0.152
5519	59185	0.068	0.024	0.11	0.092
5519	59185	0.08	0.054	0.122	0.134
5519	59185	0.068	0.148	0.228	0.216
5519	59185	0.087	0.181	0.249	0.268
5519	59185	0.077	0.112	0.199	0.189
5519	59185	0.04	0.056	0.021	0.016
5519	59185	0.084	0.465	0.505	0.549
5519	59185	0.077	0.123	0.207	0.2
5519	59185	0.079	0.153	0.23	0.232
5519	59185	0.081	0.187	0.266	0.268
5519	59185	0.082	0.121	0.202	0.203
5519	59185	0.057	0.136	0.218	0.193
5519	59210	0.093	0.0	0.0	0.0
5519	59210	0.076	0.09	0.183	0.166
5519	59210	0.08	0.109	0.185	0.189
5519	59210	0.096	0.7	0.78	0.796
5519	59210	0.1	0.264	0.36	0.364
5519	59210	0.109	0.439	0.539	0.548
5519	59210	0.088	0.04	0.149	0.128
5519	59210	0.062	0.117	0.205	0.179
5519	59210	0.093	0.093	0.155	0.186
5519	59210	0.072	0.148	0.241	0.22
5519	59210	0.116	0.592	0.664	0.708
5519	59210	0.084	0.153	0.269	0.237
5519	59210	0.08	0.092	0.176	0.172
5519	59210	0.077	0.118	0.198	0.195
5519	59210	0.112	0.256	0.333	0.368
5519	59210	0.056	0.637	0.749	0.693
5519	59210	0.072	0.304	0.36	0.376
5519	59210	0.118	0.279	0.351	0.397
5519	59210	0.083	0.444	0.562	0.527
5519	59210	0.11	0.096	0.179	0.206
5519	59210	0.112	0.338	0.448	0.45
5519	59210	0.144	0.129	0.241	0.273
5519	59210	0.104	0.056	0.2	0.16
5519	59210	0.128	0.072	0.176	0.2
5519	59210	0.135	0.024	0.152	0.159
5519	59210	0.097	0.04	0.175	0.137
5519	59210	0.092	0.104	0.201	0.196
5519	59210	0.117	0.726	0.818	0.843
5519	59210	0.109	0.072	0.189	0.181
5519	59210	0.103	0.105	0.214	0.208
5519	59210	0.093	0.02	0.123	0.113
5519	59210	0.08	0.168	0.261	0.248
5519	59210	0.112	0.986	1.066	1.098
5519	59210	0.105	0.345	0.457	0.45
5519	59210	0.096	0.152	0.257	0.248
5519	59210	0.064	0.353	0.449	0.417
5519	59210	0.128	0.206	0.27	0.334
5519	59210	0.106	0.04	0.168	0.146
5519	59210	0.075	0.724	0.83	0.799
5519	59210	0.0	0.0	0.0	0.0
5519	59210	0.0	0.0	0.0	0.0
5519	59210	0.0	0.0	0.0	0.0
5519	59210	0.0	0.0	0.0	0.0
5519	59210	0.0	0.0	0.0	0.0
5519	59210	0.0	0.0	0.0	0.0
5519	59210	0.0	0.0	0.0	0.0
5519	59210	0.0	0.0	0.0	0.0
5519	59210	0.0	0.0	0.0	0.0
5519	59210	0.0	0.0	0.0	0.0
5519	59210	0.0	0.0	0.0	0.0
5519	59210	0.0	0.0	0.0	0.0
5519	59210	0.0	0.0	0.0	0.0
5519	59210	0.0	0.0	0.0	0.0
5519	59210	0.0	0.0	0.0	0.0
5519	59210	0.0	0.0	0.0	0.0
5519	59210	0.0	0.0	0.0	0.0
5519	59210	0.0	0.0	0.0	0.0
5519	59210	0.0	0.0	0.0	0.0
5519	59210	0.0	0.0	0.0	0.0
5519	59210	0.0	0.0	0.0	0.0
5519	59210	0.0	0.0	0.0	0.0
5519	59210	0.0	0.0	0.0	0.0
5519	59210	0.0	0.0	0.0	0.0
5519	59210	0.0	0.0	0.0	0.0
5519	59210	0.0	0.0	0.0	0.0
5519	59210	0.0	0.0	0.0	0.0
5519	59210	0.0	0.0	0.0	0.0
5519	59210	0.0	0.0	0.0	0.0
5519	59210	0.0	0.0	0.0	0.0
5519	59210	0.0	0.0	0.0	0.0
5519	59231	0.1	0.0	0.0	0.0
5519	59231	0.082	0.292	0.392	0.374
5519	59231	0.105	0.51	0.592	0.615
5519	59231	0.109	0.815	0.92	0.924
5519	59231	0.091	0.156	0.265	0.247
5519	59231	0.103	0.115	0.206	0.218
5519	59231	0.111	0.048	0.151	0.159
5519	59231	0.076	0.057	0.168	0.133
5519	59231	0.051	0.052	0.128	0.103
5519	59231	0.085	0.089	0.14	0.174
5519	59231	0.112	0.13	0.215	0.242
5519	59231	0.075	0.077	0.189	0.152
5519	59231	0.087	0.23	0.305	0.317
5519	59231	0.129	0.512	0.599	0.641
5519	59231	0.111	0.148	0.277	0.259
5519	59231	0.086	0.012	0.123	0.098
5519	59231	0.075	0.846	0.932	0.921
5519	59231	0.076	0.078	0.153	0.154
5519	59231	0.077	1.251	1.327	1.328
5519	59231	0.082	0.022	0.099	0.104
5519	59231	0.073	0.132	0.214	0.205
5519	59231	0.084	0.688	0.761	0.772
5519	59231	0.081	0.756	0.84	0.837
5519	59231	0.108	0.206	0.287	0.314
5519	59231	0.103	0.865	0.973	0.968
5519	59231	0.116	0.485	0.588	0.601
5519	59231	0.128	0.16	0.276	0.288
5519	59231	0.116	0.168	0.296	0.284
5519	59231	0.113	0.383	0.499	0.496
5519	59231	0.14	1.029	1.142	1.169
5519	59231	0.1	0.177	0.317	0.277
5519	59231	0.076	0.491	0.591	0.567
5519	59231	0.112	0.413	0.489	0.525
5519	59231	0.12	0.476	0.588	0.596
5519	59231	0.096	0.092	0.212	0.188
5519	59231	0.085	0.744	0.84	0.829
5519	59231	0.099	0.098	0.183	0.197
5519	59231	0.077	0.069	0.168	0.146
5519	59231	0.116	0.415	0.492	0.531
5519	59231	0.0	0.0	0.0	0.0
5519	59231	0.0	0.0	0.0	0.0
5519	59231	0.0	0.0	0.0	0.0
5519	59231	0.0	0.0	0.0	0.0
5519	59231	0.0	0.0	0.0	0.0
5519	59231	0.0	0.0	0.0	0.0
5519	59231	0.0	0.0	0.0	0.0
5519	59231	0.0	0.0	0.0	0.0
5519	59231	0.0	0.0	0.0	0.0
5519	59231	0.0	0.0	0.0	0.0
5519	59231	0.0	0.0	0.0	0.0
5519	59231	0.0	0.0	0.0	0.0
5519	59231	0.0	0.0	0.0	0.0
5519	59231	0.0	0.0	0.0	0.0
5519	59231	0.0	0.0	0.0	0.0
5519	59231	0.0	0.0	0.0	0.0
5519	59231	0.0	0.0	0.0	0.0
5519	59231	0.0	0.0	0.0	0.0
5519	59231	0.0	0.0	0.0	0.0
5519	59231	0.0	0.0	0.0	0.0
5519	59231	0.0	0.0	0.0	0.0
5519	59231	0.0	0.0	0.0	0.0
5519	59231	0.0	0.0	0.0	0.0
5519	59231	0.0	0.0	0.0	0.0
5519	59231	0.0	0.0	0.0	0.0
5519	59231	0.0	0.0	0.0	0.0
5519	59231	0.0	0.0	0.0	0.0
5519	59231	0.0	0.0	0.0	0.0
5519	59231	0.0	0.0	0.0	0.0
5519	59231	0.0	0.0	0.0	0.0
5519	59231	0.0	0.0	0.0	0.0
5519	59255	0.164	0.0	0.0	0.0
5519	59255	0.119	0.111	0.053	0.008
5519	59255	0.161	0.06	0.179	0.221
5519	59255	0.133	0.049	0.112	0.084
5519	59255	0.097	0.269	0.402	0.366
5519	59255	0.077	0.09	0.187	0.167
5519	59255	0.084	0.1	0.177	0.184
5519	59255	0.065	0.33	0.414	0.395
5519	59255	0.101	0.748	0.813	0.849
5519	59255	0.183	0.144	0.245	0.327
5519	59255	0.136	0.039	0.144	0.097
5519	59255	0.108	0.159	0.295	0.267
5519	59255	0.105	0.068	0.176	0.173
5519	59255	0.139	0.158	0.263	0.297
5519	59255	0.072	0.007	0.146	0.079
5519	59255	0.123	0.081	0.153	0.204
5519	59255	0.096	0.032	0.091	0.064
5519	59255	0.112	0.096	0.192	0.208
5519	59255	0.102	0.103	0.215	0.205
5519	59255	0.114	0.04	0.142	0.154
5519	59255	0.085	0.032	0.082	0.053
5519	59255	0.072	0.036	0.121	0.108
5519	59255	0.095	0.093	0.165	0.188
5519	59255	0.104	0.016	0.079	0.088
5519	59255	0.083	0.024	0.128	0.107
5519	59255	0.118	0.042	0.125	0.16
5519	59255	0.13	0.064	0.182	0.194
5519	59255	0.108	0.032	0.098	0.076
5519	59255	0.077	0.486	0.594	0.563
5519	59255	0.0	0.0	0.0	0.0
5519	59255	0.0	0.0	0.0	0.0
5519	59255	0.0	0.0	0.0	0.0
5519	59255	0.0	0.0	0.0	0.0
5519	59255	0.0	0.0	0.0	0.0
5519	59255	0.0	0.0	0.0	0.0
5519	59255	0.0	0.0	0.0	0.0
5519	59255	0.0	0.0	0.0	0.0
5519	59255	0.0	0.0	0.0	0.0
5519	59255	0.0	0.0	0.0	0.0
5519	59255	0.0	0.0	0.0	0.0
5519	59255	0.0	0.0	0.0	0.0
5519	59255	0.0	0.0	0.0	0.0
5519	59255	0.0	0.0	0.0	0.0
5519	59255	0.0	0.0	0.0	0.0
5519	59255	0.0	0.0	0.0	0.0
5519	59255	0.0	0.0	0.0	0.0
5519	59255	0.0	0.0	0.0	0.0
5519	59255	0.0	0.0	0.0	0.0
5519	59255	0.0	0.0	0.0	0.0
5519	59255	0.0	0.0	0.0	0.0
5519	59255	0.0	0.0	0.0	0.0
5519	59255	0.0	0.0	0.0	0.0
5519	59255	0.0	0.0	0.0	0.0
5519	59255	0.0	0.0	0.0	0.0
5519	59255	0.0	0.0	0.0	0.0
5519	59255	0.0	0.0	0.0	0.0
5519	59255	0.0	0.0	0.0	0.0
5519	59255	0.0	0.0	0.0	0.0
5519	59255	0.0	0.0	0.0	0.0
5519	59255	0.0	0.0	0.0	0.0
5519	59255	0.0	0.0	0.0	0.0
5519	59255	0.0	0.0	0.0	0.0
5519	59255	0.0	0.0	0.0	0.0
5519	59255	0.0	0.0	0.0	0.0
5519	59255	0.0	0.0	0.0	0.0
5519	59255	0.0	0.0	0.0	0.0
5519	59255	0.0	0.0	0.0	0.0
5519	59255	0.0	0.0	0.0	0.0
5519	59255	0.0	0.0	0.0	0.0
5519	59255	0.0	0.0	0.0	0.0
5519	59266	0.096	0.0	0.0	0.0
5519	59266	0.108	0.522	0.618	0.63
5519	59266	0.169	0.215	0.323	0.384
5519	59266	0.116	0.124	0.045	0.008
5519	59266	0.1	0.02	0.136	0.12
5519	59266	0.096	0.044	0.144	0.14
5519	59266	0.08	0.264	0.36	0.344
5519	59266	0.121	0.144	0.224	0.265
5519	59266	0.079	0.027	0.094	0.052
5519	59266	0.108	0.043	0.122	0.151
5519	59266	0.088	0.052	0.16	0.14
5519	59266	0.084	0.04	0.048	0.044
5519	59266	0.119	0.08	0.164	0.199
5519	59266	0.101	0.095	0.024	0.006
5519	59266	0.096	0.072	0.173	0.168
5519	59266	0.104	0.025	0.121	0.129
5519	59266	0.07	0.022	0.082	0.048
5519	59266	0.087	0.012	0.082	0.099
5519	59266	0.079	0.024	0.111	0.103
5519	59266	0.12	0.012	0.091	0.132
5519	59266	0.107	0.044	0.076	0.063
5519	59266	0.104	0.076	0.183	0.18
5519	59266	0.117	0.028	0.132	0.145
5519	59266	0.108	0.04	0.077	0.068
5519	59266	0.105	0.016	0.124	0.121
5519	59266	0.077	0.013	0.092	0.064
5519	59266	0.095	0.028	0.105	0.123
5519	59266	0.077	0.016	0.111	0.093
5519	59266	0.086	0.032	0.109	0.118
5519	59266	0.096	0.102	0.188	0.198
5519	59266	0.08	0.024	0.12	0.104
5519	59266	0.112	0.052	0.132	0.164
5519	59266	0.096	0.008	0.104	0.088
5519	59266	0.116	0.072	0.168	0.188
5519	59266	0.136	0.02	0.136	0.156
5519	59266	0.059	0.138	0.274	0.197
5519	59266	0.084	0.106	0.165	0.19
5519	59266	0.111	0.054	0.138	0.165
5519	59266	0.0	0.0	0.0	0.0
5519	59266	0.0	0.0	0.0	0.0
5519	59266	0.0	0.0	0.0	0.0
5519	59266	0.0	0.0	0.0	0.0
5519	59266	0.0	0.0	0.0	0.0
5519	59266	0.0	0.0	0.0	0.0
5519	59266	0.0	0.0	0.0	0.0
5519	59266	0.0	0.0	0.0	0.0
5519	59266	0.0	0.0	0.0	0.0
5519	59266	0.0	0.0	0.0	0.0
5519	59266	0.0	0.0	0.0	0.0
5519	59266	0.0	0.0	0.0	0.0
5519	59266	0.0	0.0	0.0	0.0
5519	59266	0.0	0.0	0.0	0.0
5519	59266	0.0	0.0	0.0	0.0
5519	59266	0.0	0.0	0.0	0.0
5519	59266	0.0	0.0	0.0	0.0
5519	59266	0.0	0.0	0.0	0.0
5519	59266	0.0	0.0	0.0	0.0
5519	59266	0.0	0.0	0.0	0.0
5519	59266	0.0	0.0	0.0	0.0
5519	59266	0.0	0.0	0.0	0.0
5519	59266	0.0	0.0	0.0	0.0
5519	59266	0.0	0.0	0.0	0.0
5519	59266	0.0	0.0	0.0	0.0
5519	59266	0.0	0.0	0.0	0.0
5519	59266	0.0	0.0	0.0	0.0
5519	59266	0.0	0.0	0.0	0.0
5519	59266	0.0	0.0	0.0	0.0
5519	59266	0.0	0.0	0.0	0.0
5519	59266	0.0	0.0	0.0	0.0
5519	59266	0.0	0.0	0.0	0.0
5519	59276	0.141	0.0	0.0	0.0
5519	59276	0.118	0.11	0.031	0.008
5519	59276	0.085	0.102	0.22	0.187
5519	59276	0.115	0.064	0.149	0.179
5519	59276	0.08	0.022	0.093	0.058
5519	59276	0.089	0.06	0.14	0.149
5519	59276	0.082	0.067	0.156	0.149
5519	59276	0.132	0.028	0.054	0.104
5519	59276	0.097	0.008	0.14	0.105
5519	59276	0.087	0.053	0.15	0.14
5519	59276	0.117	0.024	0.111	0.141
5519	59276	0.094	0.012	0.105	0.082
5519	59276	0.143	0.081	0.175	0.224
5519	59276	0.064	0.024	0.119	0.04
5519	59276	0.089	0.032	0.032	0.057
5519	59276	0.083	0.062	0.151	0.145
5519	59276	0.091	0.205	0.288	0.296
5519	59276	0.102	0.008	0.099	0.11
5519	59276	0.129	0.053	0.155	0.182
5519	59276	0.1	0.012	0.141	0.112
5519	59276	0.092	0.068	0.168	0.16
5519	59276	0.116	0.016	0.108	0.132
5519	59276	0.0	0.0	0.0	0.0
5519	59276	0.0	0.0	0.0	0.0
5519	59276	0.0	0.0	0.0	0.0
5519	59276	0.0	0.0	0.0	0.0
5519	59276	0.0	0.0	0.0	0.0
5519	59276	0.0	0.0	0.0	0.0
5519	59276	0.0	0.0	0.0	0.0
5519	59276	0.0	0.0	0.0	0.0
5519	59276	0.0	0.0	0.0	0.0
5519	59276	0.0	0.0	0.0	0.0
5519	59276	0.0	0.0	0.0	0.0
5519	59276	0.0	0.0	0.0	0.0
5519	59276	0.0	0.0	0.0	0.0
5519	59276	0.0	0.0	0.0	0.0
5519	59276	0.0	0.0	0.0	0.0
5519	59276	0.0	0.0	0.0	0.0
5519	59276	0.0	0.0	0.0	0.0
5519	59276	0.0	0.0	0.0	0.0
5519	59276	0.0	0.0	0.0	0.0
5519	59276	0.0	0.0	0.0	0.0
5519	59276	0.0	0.0	0.0	0.0
5519	59276	0.0	0.0	0.0	0.0
5519	59276	0.0	0.0	0.0	0.0
5519	59276	0.0	0.0	0.0	0.0
5519	59276	0.0	0.0	0.0	0.0
5519	59276	0.0	0.0	0.0	0.0
5519	59276	0.0	0.0	0.0	0.0
5519	59276	0.0	0.0	0.0	0.0
5519	59276	0.0	0.0	0.0	0.0
5519	59276	0.0	0.0	0.0	0.0
5519	59276	0.0	0.0	0.0	0.0
5519	59276	0.0	0.0	0.0	0.0
5519	59276	0.0	0.0	0.0	0.0
5519	59276	0.0	0.0	0.0	0.0
5519	59276	0.0	0.0	0.0	0.0
5519	59276	0.0	0.0	0.0	0.0
5519	59276	0.0	0.0	0.0	0.0
5519	59276	0.0	0.0	0.0	0.0
5519	59276	0.0	0.0	0.0	0.0
5519	59276	0.0	0.0	0.0	0.0
5519	59276	0.0	0.0	0.0	0.0
5519	59276	0.0	0.0	0.0	0.0
5519	59276	0.0	0.0	0.0	0.0
5519	59276	0.0	0.0	0.0	0.0
5519	59276	0.0	0.0	0.0	0.0
5519	59276	0.0	0.0	0.0	0.0
5519	59276	0.0	0.0	0.0	0.0
5519	59276	0.0	0.0	0.0	0.0
5519	59283	0.117	0.0	0.0	0.0
5519	59283	0.109	0.077	0.04	0.032
5519	59283	0.116	0.068	0.177	0.184
5519	59283	0.083	0.252	0.368	0.335
5519	59283	0.084	0.029	0.112	0.113
5519	59283	0.104	0.02	0.104	0.124
5519	59283	0.145	0.012	0.116	0.157
5519	59283	0.112	0.021	0.124	0.091
5519	59283	0.099	0.016	0.096	0.083
5519	59283	0.097	0.012	0.087	0.085
5519	59283	0.087	0.024	0.073	0.063
5519	59283	0.089	0.009	0.096	0.098
5519	59283	0.1	0.01	0.079	0.09
5519	59283	0.086	0.092	0.192	0.178
5519	59283	0.076	0.01	0.096	0.086
5519	59283	0.128	0.053	0.129	0.181
5519	59283	0.098	0.049	0.177	0.147
5519	59283	0.141	0.012	0.11	0.153
5519	59283	0.111	0.064	0.077	0.047
5519	59283	0.129	0.045	0.156	0.174
5519	59283	0.084	0.04	0.089	0.044
5519	59283	0.092	0.012	0.096	0.104
5519	59283	0.108	0.036	0.128	0.144
5519	59283	0.077	0.04	0.068	0.037
5519	59283	0.081	0.017	0.06	0.064
5519	59283	0.106	0.042	0.123	0.148
5519	59283	0.109	0.072	0.034	0.037
5519	59283	0.12	0.069	0.178	0.189
5519	59283	0.161	0.016	0.104	0.145
5519	59283	0.104	0.028	0.133	0.076
5519	59283	0.132	0.092	0.196	0.224
5519	59283	0.088	0.028	0.104	0.06
5519	59283	0.124	0.02	0.108	0.144
5519	59283	0.093	0.015	0.139	0.108
5519	59283	0.148	0.021	0.114	0.169
5519	59283	0.104	0.048	0.1	0.056
5519	59283	0.173	0.032	0.072	0.141
5519	59283	0.122	0.069	0.104	0.053
5519	59283	0.092	0.017	0.105	0.075
5519	59283	0.324	0.119	0.211	0.443
5519	59283	0.112	0.66	0.984	0.772
5519	59283	0.112	0.088	0.2	0.2
5519	59283	0.127	0.105	0.217	0.232
5519	59283	0.152	0.056	0.071	0.096
5519	59283	0.116	0.068	0.084	0.048
5519	59283	0.1	0.008	0.108	0.092
5519	59283	0.103	0.056	0.156	0.159
5519	59283	0.105	0.012	0.115	0.117
5519	59283	0.124	0.124	0.229	0.248
5519	59283	0.116	0.048	0.076	0.068
5519	59283	0.12	0.076	0.192	0.196
5519	59283	0.104	0.024	0.096	0.08
5519	59283	0.091	0.105	0.209	0.196
5519	59283	0.142	0.041	0.132	0.183
5519	59283	0.064	0.006	0.148	0.07
5519	59283	0.116	0.04	0.104	0.156
5519	59283	0.104	0.044	0.16	0.148
5519	59283	0.128	0.008	0.112	0.136
5519	59283	0.117	0.009	0.119	0.108
5519	59283	0.128	0.016	0.133	0.144
5519	59283	0.0	0.0	0.0	0.0
5519	59283	0.0	0.0	0.0	0.0
5519	59283	0.0	0.0	0.0	0.0
5519	59283	0.0	0.0	0.0	0.0
5519	59283	0.0	0.0	0.0	0.0
5519	59283	0.0	0.0	0.0	0.0
5519	59283	0.0	0.0	0.0	0.0
5519	59283	0.0	0.0	0.0	0.0
5519	59283	0.0	0.0	0.0	0.0
5519	59283	0.0	0.0	0.0	0.0
5519	59297	0.174	0.0	0.0	0.0
5519	59297	0.139	0.118	0.056	0.021
5519	59297	0.122	0.09	0.229	0.212
5519	59297	0.089	0.012	0.134	0.101
5519	59297	0.131	0.06	0.149	0.191
5519	59297	0.1	0.221	0.352	0.321
5519	59297	0.102	0.163	0.263	0.265
5519	59297	0.096	0.343	0.445	0.439
5519	59297	0.08	0.055	0.151	0.135
5519	59297	0.084	0.201	0.281	0.285
5519	59297	0.121	0.244	0.328	0.365
5519	59297	0.104	0.017	0.104	0.087
5519	59297	0.095	0.094	0.198	0.189
5519	59297	0.099	0.007	0.102	0.106
5519	59297	0.088	0.006	0.105	0.094
5519	59297	0.098	0.008	0.096	0.106
5519	59297	0.09	0.029	0.069	0.061
5519	59297	0.105	0.06	0.15	0.165
5519	59297	0.104	0.012	0.093	0.092
5519	59297	0.116	0.064	0.04	0.052
5519	59297	0.094	0.044	0.16	0.138
5519	59297	0.1	0.026	0.12	0.126
5519	59297	0.056	0.06	0.16	0.116
5519	59297	0.12	0.016	0.04	0.104
5519	59297	0.073	0.294	0.414	0.367
5519	59297	0.056	0.092	0.165	0.148
5519	59297	0.084	0.081	0.137	0.165
5519	59297	0.1	0.036	0.12	0.136
5519	59297	0.092	0.012	0.088	0.08
5519	59297	0.141	0.096	0.188	0.237
5519	59297	0.129	0.008	0.149	0.137
5519	59297	0.108	0.011	0.118	0.097
5519	59297	0.125	0.032	0.14	0.157
5519	59297	0.096	0.012	0.137	0.108
5519	59297	0.092	0.313	0.409	0.405
5519	59297	0.105	0.031	0.123	0.136
5519	59297	0.176	0.316	0.421	0.492
5519	59297	0.144	0.128	0.048	0.016
5519	59297	0.175	0.264	0.408	0.439
5519	59297	0.101	0.26	0.435	0.361
5519	59297	0.124	0.044	0.145	0.168
5519	59297	0.112	0.048	0.172	0.16
5519	59297	0.044	0.097	0.209	0.141
5519	59297	0.044	0.124	0.168	0.168
5519	59297	0.057	0.218	0.262	0.275
5519	59297	0.064	0.087	0.144	0.151
5519	59297	0.056	0.085	0.149	0.141
5519	59297	0.16	0.149	0.205	0.309
5519	59297	0.142	0.024	0.136	0.118
5519	59297	0.107	0.055	0.197	0.162
5519	59297	0.124	0.072	0.179	0.196
5519	59297	0.117	0.064	0.06	0.053
5519	59297	0.084	0.016	0.133	0.1
5519	59297	0.102	0.048	0.132	0.15
5519	59297	0.096	0.252	0.354	0.348
5519	59297	0.14	0.072	0.168	0.212
5519	59297	0.069	0.028	0.168	0.097
5519	59297	0.196	0.096	0.165	0.292
5519	59297	0.14	0.071	0.125	0.069
5519	59297	0.156	0.012	0.128	0.144
5519	59297	0.112	0.02	0.136	0.092
5519	59297	0.108	0.047	0.159	0.155
5519	59297	0.088	0.008	0.116	0.096
5519	59297	0.107	0.137	0.225	0.244
5519	59297	0.077	0.032	0.139	0.109
5519	59297	0.088	0.008	0.085	0.096
5519	59297	0.162	0.358	0.446	0.52
5519	59297	0.13	0.102	0.06	0.028
5519	59297	0.132	0.088	0.218	0.22
5519	59297	0.105	0.016	0.148	0.121
5519	59319	0.14	0.0	0.0	0.0
5519	59319	0.121	0.105	0.035	0.016
5519	59319	0.08	0.048	0.169	0.128
5519	59319	0.112	0.024	0.104	0.136
5519	59319	0.14	0.02	0.132	0.16
5519	59319	0.14	0.024	0.116	0.116
5519	59319	0.105	0.032	0.108	0.073
5519	59319	0.104	0.024	0.081	0.08
5519	59319	0.076	0.008	0.096	0.068
5519	59319	0.096	0.264	0.34	0.36
5519	59319	0.077	0.181	0.277	0.258
5519	59319	0.101	0.136	0.213	0.237
5519	59319	0.075	0.02	0.121	0.095
5519	59319	0.085	0.008	0.083	0.093
5519	59319	0.08	0.076	0.161	0.156
5519	59319	0.104	0.048	0.128	0.152
5519	59319	0.077	0.012	0.092	0.065
5519	59319	0.087	0.051	0.128	0.138
5519	59319	0.078	0.085	0.172	0.163
5519	59319	0.116	0.07	0.148	0.186
5519	59319	0.116	0.028	0.088	0.088
5519	59319	0.084	0.012	0.104	0.072
5519	59319	0.076	0.012	0.072	0.064
5519	59319	0.089	0.26	0.336	0.349
5519	59319	0.092	0.012	0.077	0.08
5519	59319	0.116	0.052	0.144	0.168
5519	59319	0.084	0.015	0.101	0.069
5519	59319	0.109	0.05	0.134	0.159
5519	59319	0.092	0.044	0.153	0.136
5519	59319	0.114	0.025	0.117	0.139
5519	59319	0.127	0.013	0.101	0.114
5519	59319	0.103	0.021	0.106	0.082
5519	59319	0.11	0.064	0.167	0.174
5519	59319	0.097	0.024	0.086	0.073
5519	59319	0.09	0.044	0.141	0.134
5519	59319	0.088	0.02	0.07	0.068
5519	59319	0.101	0.004	0.092	0.105
5519	59319	0.116	0.016	0.085	0.1
5519	59319	0.096	0.016	0.1	0.08
5519	59319	0.116	0.06	0.156	0.176
5519	59319	0.072	0.036	0.08	0.036
5519	59319	0.089	0.024	0.096	0.113
5519	59319	0.098	0.019	0.108	0.117
5519	59319	0.097	0.016	0.082	0.081
5519	59319	0.075	0.028	0.069	0.047
5519	59319	0.104	0.013	0.088	0.117
5519	59319	0.168	0.032	0.072	0.136
5519	59319	0.124	0.028	0.14	0.096
5519	59319	0.113	0.012	0.112	0.101
5519	59319	0.088	0.012	0.101	0.076
5519	59319	0.084	0.012	0.076	0.072
5519	59319	0.108	0.036	0.12	0.144
5519	59319	0.108	0.02	0.088	0.088
5519	59319	0.141	0.012	0.096	0.129
5519	59319	0.095	0.056	0.085	0.039
5519	59319	0.1	0.031	0.064	0.069
5519	59319	0.095	0.008	0.092	0.087
5519	59319	0.117	0.052	0.147	0.169
5519	59319	0.135	0.036	0.081	0.099
5519	59319	0.137	0.028	0.163	0.165
5519	59319	0.091	0.044	0.093	0.047
5519	59319	0.114	0.121	0.212	0.235
5519	59319	0.0	0.0	0.0	0.0
5519	59319	0.0	0.0	0.0	0.0
5519	59319	0.0	0.0	0.0	0.0
5519	59319	0.0	0.0	0.0	0.0
5519	59319	0.0	0.0	0.0	0.0
5519	59319	0.0	0.0	0.0	0.0
5519	59319	0.0	0.0	0.0	0.0
5519	59319	0.0	0.0	0.0	0.0
5519	59331	0.133	0.0	0.0	0.0
5519	59331	0.113	0.105	0.028	0.008
5519	59331	0.108	0.099	0.212	0.207
5519	59331	0.116	0.009	0.117	0.125
5519	59331	0.09	0.008	0.124	0.098
5519	59331	0.104	0.008	0.098	0.112
5519	59331	0.1	0.016	0.12	0.116
5519	59331	0.142	0.024	0.124	0.166
5519	59331	0.088	0.042	0.1	0.046
5519	59331	0.08	0.028	0.06	0.052
5519	59331	0.112	0.073	0.153	0.185
5519	59331	0.084	0.169	0.281	0.253
5519	59331	0.08	0.044	0.128	0.124
5519	59331	0.127	0.053	0.133	0.18
5519	59331	0.085	0.072	0.199	0.157
5519	59331	0.125	0.034	0.119	0.159
5519	59331	0.067	0.032	0.093	0.035
5519	59331	0.103	0.092	0.159	0.195
5519	59331	0.089	0.03	0.133	0.119
5519	59331	0.097	0.009	0.08	0.088
5519	59331	0.11	0.032	0.129	0.142
5519	59331	0.093	0.045	0.065	0.048
5519	59331	0.091	0.011	0.104	0.102
5519	59331	0.094	0.02	0.071	0.074
5519	59331	0.096	0.012	0.106	0.108
5519	59331	0.17	0.068	0.164	0.238
5519	59331	0.113	0.134	0.036	0.021
5519	59331	0.093	0.043	0.156	0.136
5519	59331	0.089	0.025	0.068	0.064
5519	59331	0.108	0.032	0.121	0.14
5519	59331	0.093	0.016	0.092	0.077
5519	59331	0.072	0.011	0.104	0.083
5519	59331	0.093	0.032	0.104	0.125
5519	59331	0.092	0.36	0.453	0.452
5519	59331	0.103	0.012	0.104	0.115
5519	59331	0.132	0.104	0.207	0.236
5519	59331	0.096	0.004	0.136	0.1
5519	59331	0.097	0.032	0.064	0.065
5519	59331	0.112	0.008	0.105	0.12
5519	59331	0.084	0.036	0.076	0.048
5519	59331	0.092	0.036	0.12	0.128
5519	59331	0.096	0.012	0.08	0.084
5519	59331	0.104	0.012	0.108	0.116
5519	59331	0.1	0.012	0.092	0.088
5519	59331	0.16	0.02	0.08	0.14
5519	59331	0.114	0.033	0.127	0.081
5519	59331	0.115	0.107	0.221	0.222
5519	59331	0.101	0.032	0.147	0.133
5519	59331	0.112	0.012	0.089	0.1
5519	59331	0.105	0.273	0.385	0.378
5519	59331	0.085	0.167	0.272	0.252
5519	59331	0.101	0.019	0.104	0.12
5519	59331	0.117	0.062	0.163	0.179
5519	59331	0.148	0.188	0.305	0.336
5519	59331	0.131	0.009	0.157	0.14
5519	59331	0.124	0.136	0.267	0.26
5519	59331	0.143	0.084	0.208	0.227
5519	59331	0.024	0.3	0.443	0.324
5519	59331	0.093	0.04	0.064	0.133
5519	59331	0.065	0.344	0.437	0.409
5519	59331	0.12	0.184	0.249	0.304
5519	59331	0.11	0.02	0.1	0.09
5519	59331	0.116	0.046	0.156	0.162
5519	59331	0.109	0.021	0.095	0.088
5519	59331	0.116	0.068	0.177	0.184
5519	59331	0.0	0.0	0.0	0.0
5519	59331	0.0	0.0	0.0	0.0
5519	59331	0.0	0.0	0.0	0.0
5519	59331	0.0	0.0	0.0	0.0
5519	59331	0.0	0.0	0.0	0.0
5519	59346	0.228	0.0	0.0	0.0
5519	59346	0.14	0.16	0.068	0.02
5519	59346	0.183	0.152	0.292	0.335
5519	59346	0.135	0.127	0.056	0.008
5519	59346	0.122	0.321	0.456	0.443
5519	59346	0.153	0.101	0.223	0.254
5519	59346	0.1	0.12	0.033	0.02
5519	59346	0.11	0.034	0.066	0.076
5519	59346	0.093	0.132	0.242	0.225
5519	59346	0.075	0.016	0.077	0.059
5519	59346	0.108	0.101	0.176	0.209
5519	59346	0.1	0.024	0.084	0.076
5519	59346	0.088	0.029	0.129	0.117
5519	59346	0.081	0.007	0.095	0.088
5519	59346	0.086	0.018	0.099	0.104
5519	59346	0.088	0.053	0.139	0.141
5519	59346	0.1	0.121	0.209	0.221
5519	59346	0.066	0.012	0.088	0.054
5519	59346	0.096	0.055	0.121	0.151
5519	59346	0.101	0.059	0.155	0.16
5519	59346	0.152	0.008	0.109	0.16
5519	59346	0.118	0.048	0.104	0.07
5519	59346	0.087	0.043	0.075	0.044
5519	59346	0.06	0.012	0.075	0.048
5519	59346	0.103	0.068	0.128	0.171
5519	59346	0.098	0.006	0.109	0.104
5519	59346	0.285	0.119	0.217	0.404
5519	59346	0.159	0.17	0.115	0.011
5519	59346	0.175	0.158	0.317	0.333
5519	59346	0.122	0.043	0.132	0.079
5519	59346	0.114	0.077	0.199	0.191
5519	59346	0.097	0.026	0.14	0.123
5519	59346	0.109	0.024	0.121	0.133
5519	59346	0.103	0.016	0.093	0.087
5519	59346	0.105	0.084	0.187	0.189
5519	59346	0.076	0.024	0.129	0.1
5519	59346	0.117	0.04	0.116	0.157
5519	59346	0.107	0.012	0.129	0.119
5519	59346	0.127	0.224	0.331	0.351
5519	59346	0.117	0.036	0.091	0.081
5519	59346	0.112	0.14	0.257	0.252
5519	59346	0.08	0.311	0.423	0.391
5519	59346	0.152	0.208	0.288	0.36
5519	59346	0.194	0.08	0.072	0.114
5519	59346	0.098	0.016	0.178	0.082
5519	59346	0.12	0.136	0.234	0.256
5519	59346	0.0	0.0	0.0	0.0
5519	59346	0.0	0.0	0.0	0.0
5519	59346	0.0	0.0	0.0	0.0
5519	59346	0.0	0.0	0.0	0.0
5519	59346	0.0	0.0	0.0	0.0
5519	59346	0.0	0.0	0.0	0.0
5519	59346	0.0	0.0	0.0	0.0
5519	59346	0.0	0.0	0.0	0.0
5519	59346	0.0	0.0	0.0	0.0
5519	59346	0.0	0.0	0.0	0.0
5519	59346	0.0	0.0	0.0	0.0
5519	59346	0.0	0.0	0.0	0.0
5519	59346	0.0	0.0	0.0	0.0
5519	59346	0.0	0.0	0.0	0.0
5519	59346	0.0	0.0	0.0	0.0
5519	59346	0.0	0.0	0.0	0.0
5519	59346	0.0	0.0	0.0	0.0
5519	59346	0.0	0.0	0.0	0.0
5519	59346	0.0	0.0	0.0	0.0
5519	59346	0.0	0.0	0.0	0.0
5519	59346	0.0	0.0	0.0	0.0
5519	59346	0.0	0.0	0.0	0.0
5519	59346	0.0	0.0	0.0	0.0
5519	59346	0.0	0.0	0.0	0.0
5519	59359	0.173	0.0	0.0	0.0
5519	59359	0.125	0.133	0.04	0.008
5519	59359	0.139	0.084	0.209	0.223
5519	59359	0.02	0.063	0.202	0.083
5519	59359	0.104	0.059	0.079	0.163
5519	59359	0.105	0.155	0.259	0.26
5519	59359	0.095	0.056	0.161	0.151
5519	59359	0.135	0.044	0.139	0.179
5519	59359	0.095	0.063	0.072	0.032
5519	59359	0.104	0.048	0.047	0.056
5519	59359	0.088	0.008	0.112	0.096
5519	59359	0.092	0.101	0.189	0.193
5519	59359	0.072	0.036	0.056	0.036
5519	59359	0.139	0.058	0.13	0.197
5519	59359	0.127	0.024	0.115	0.103
5519	59359	0.137	0.044	0.083	0.093
5519	59359	0.104	0.02	0.157	0.124
5519	59359	0.1	0.016	0.088	0.084
5519	59359	0.088	0.036	0.136	0.124
5519	59359	0.104	0.044	0.132	0.148
5519	59359	0.1	0.056	0.048	0.044
5519	59359	0.076	0.012	0.088	0.064
5519	59359	0.098	0.066	0.142	0.164
5519	59359	0.113	0.052	0.046	0.061
5519	59359	0.112	0.066	0.179	0.178
5519	59359	0.0	0.0	0.0	0.0
5519	59359	0.0	0.0	0.0	0.0
5519	59359	0.0	0.0	0.0	0.0
5519	59359	0.0	0.0	0.0	0.0
5519	59359	0.0	0.0	0.0	0.0
5519	59359	0.0	0.0	0.0	0.0
5519	59359	0.0	0.0	0.0	0.0
5519	59359	0.0	0.0	0.0	0.0
5519	59359	0.0	0.0	0.0	0.0
5519	59359	0.0	0.0	0.0	0.0
5519	59359	0.0	0.0	0.0	0.0
5519	59359	0.0	0.0	0.0	0.0
5519	59359	0.0	0.0	0.0	0.0
5519	59359	0.0	0.0	0.0	0.0
5519	59359	0.0	0.0	0.0	0.0
5519	59359	0.0	0.0	0.0	0.0
5519	59359	0.0	0.0	0.0	0.0
5519	59359	0.0	0.0	0.0	0.0
5519	59359	0.0	0.0	0.0	0.0
5519	59359	0.0	0.0	0.0	0.0
5519	59359	0.0	0.0	0.0	0.0
5519	59359	0.0	0.0	0.0	0.0
5519	59359	0.0	0.0	0.0	0.0
5519	59359	0.0	0.0	0.0	0.0
5519	59359	0.0	0.0	0.0	0.0
5519	59359	0.0	0.0	0.0	0.0
5519	59359	0.0	0.0	0.0	0.0
5519	59359	0.0	0.0	0.0	0.0
5519	59359	0.0	0.0	0.0	0.0
5519	59359	0.0	0.0	0.0	0.0
5519	59359	0.0	0.0	0.0	0.0
5519	59359	0.0	0.0	0.0	0.0
5519	59359	0.0	0.0	0.0	0.0
5519	59359	0.0	0.0	0.0	0.0
5519	59359	0.0	0.0	0.0	0.0
5519	59359	0.0	0.0	0.0	0.0
5519	59359	0.0	0.0	0.0	0.0
5519	59359	0.0	0.0	0.0	0.0
5519	59359	0.0	0.0	0.0	0.0
5519	59359	0.0	0.0	0.0	0.0
5519	59359	0.0	0.0	0.0	0.0
5519	59359	0.0	0.0	0.0	0.0
5519	59359	0.0	0.0	0.0	0.0
5519	59359	0.0	0.0	0.0	0.0
5519	59359	0.0	0.0	0.0	0.0
