PARTICIPANT_ID	TEST_SECTION_ID	HOLD_LATENCY	INTERKEY_LATENCY	PRESS_LATENCY	RELEASE_LATENCY
5539	59398	0.175	0.0	0.0	0.0
5539	59398	0.096	0.072	0.103	0.024
5539	59398	0.12	0.032	0.128	0.152
5539	59398	0.081	0.048	0.072	0.033
5539	59398	0.088	0.009	0.072	0.079
5539	59398	0.12	0.016	0.072	0.104
5539	59398	0.08	0.056	0.064	0.024
5539	59398	0.072	0.008	0.088	0.08
5539	59398	0.087	0.032	0.04	0.055
5539	59398	0.089	0.016	0.071	0.073
5539	59398	0.081	0.065	0.024	0.016
5539	59398	0.104	0.056	0.137	0.16
5539	59398	0.064	0.024	0.08	0.04
5539	59398	0.096	0.216	0.28	0.312
5539	59398	0.088	0.016	0.112	0.104
5539	59398	0.096	0.056	0.144	0.152
5539	59398	0.064	0.008	0.088	0.056
5539	59398	0.113	0.039	0.103	0.152
5539	59398	0.12	0.008	0.105	0.112
5539	59398	0.104	0.008	0.112	0.096
5539	59398	0.088	0.016	0.12	0.104
5539	59398	0.056	0.008	0.08	0.048
5539	59398	0.0	0.0	0.0	0.0
5539	59398	0.0	0.0	0.0	0.0
5539	59398	0.0	0.0	0.0	0.0
5539	59398	0.0	0.0	0.0	0.0
5539	59398	0.0	0.0	0.0	0.0
5539	59398	0.0	0.0	0.0	0.0
5539	59398	0.0	0.0	0.0	0.0
5539	59398	0.0	0.0	0.0	0.0
5539	59398	0.0	0.0	0.0	0.0
5539	59398	0.0	0.0	0.0	0.0
5539	59398	0.0	0.0	0.0	0.0
5539	59398	0.0	0.0	0.0	0.0
5539	59398	0.0	0.0	0.0	0.0
5539	59398	0.0	0.0	0.0	0.0
5539	59398	0.0	0.0	0.0	0.0
5539	59398	0.0	0.0	0.0	0.0
5539	59398	0.0	0.0	0.0	0.0
5539	59398	0.0	0.0	0.0	0.0
5539	59398	0.0	0.0	0.0	0.0
5539	59398	0.0	0.0	0.0	0.0
5539	59398	0.0	0.0	0.0	0.0
5539	59398	0.0	0.0	0.0	0.0
5539	59398	0.0	0.0	0.0	0.0
5539	59398	0.0	0.0	0.0	0.0
5539	59398	0.0	0.0	0.0	0.0
5539	59398	0.0	0.0	0.0	0.0
5539	59398	0.0	0.0	0.0	0.0
5539	59398	0.0	0.0	0.0	0.0
5539	59398	0.0	0.0	0.0	0.0
5539	59398	0.0	0.0	0.0	0.0
5539	59398	0.0	0.0	0.0	0.0
5539	59398	0.0	0.0	0.0	0.0
5539	59398	0.0	0.0	0.0	0.0
5539	59398	0.0	0.0	0.0	0.0
5539	59398	0.0	0.0	0.0	0.0
5539	59398	0.0	0.0	0.0	0.0
5539	59398	0.0	0.0	0.0	0.0
5539	59398	0.0	0.0	0.0	0.0
5539	59398	0.0	0.0	0.0	0.0
5539	59398	0.0	0.0	0.0	0.0
5539	59398	0.0	0.0	0.0	0.0
5539	59398	0.0	0.0	0.0	0.0
5539	59398	0.0	0.0	0.0	0.0
5539	59398	0.0	0.0	0.0	0.0
5539	59398	0.0	0.0	0.0	0.0
5539	59398	0.0	0.0	0.0	0.0
5539	59398	0.0	0.0	0.0	0.0
5539	59398	0.0	0.0	0.0	0.0
5539	59402	0.168	0.0	0.0	0.0
5539	59402	0.048	0.055	0.113	0.007
5539	59402	0.056	0.4	0.448	0.456
5539	59402	0.048	0.16	0.216	0.208
5539	59402	0.072	0.072	0.12	0.144
5539	59402	0.088	0.008	0.08	0.096
5539	59402	0.065	0.007	0.095	0.072
5539	59402	0.072	0.0	0.065	0.072
5539	59402	0.08	0.032	0.104	0.112
5539	59402	0.073	0.009	0.071	0.064
5539	59402	0.136	0.024	0.097	0.16
5539	59402	0.097	0.049	0.087	0.048
5539	59402	0.064	0.056	0.041	0.008
5539	59402	0.056	0.128	0.192	0.184
5539	59402	0.096	0.04	0.096	0.136
5539	59402	0.088	0.064	0.16	0.152
5539	59402	0.112	0.04	0.048	0.072
5539	59402	0.096	0.032	0.08	0.064
5539	59402	0.121	0.023	0.119	0.144
5539	59402	0.079	0.056	0.065	0.023
5539	59402	0.081	0.04	0.119	0.121
5539	59402	0.088	0.024	0.105	0.112
5539	59402	0.064	0.024	0.064	0.04
5539	59402	0.056	0.096	0.16	0.152
5539	59402	0.0	0.0	0.0	0.0
5539	59402	0.0	0.0	0.0	0.0
5539	59402	0.0	0.0	0.0	0.0
5539	59402	0.0	0.0	0.0	0.0
5539	59402	0.0	0.0	0.0	0.0
5539	59402	0.0	0.0	0.0	0.0
5539	59402	0.0	0.0	0.0	0.0
5539	59402	0.0	0.0	0.0	0.0
5539	59402	0.0	0.0	0.0	0.0
5539	59402	0.0	0.0	0.0	0.0
5539	59402	0.0	0.0	0.0	0.0
5539	59402	0.0	0.0	0.0	0.0
5539	59402	0.0	0.0	0.0	0.0
5539	59402	0.0	0.0	0.0	0.0
5539	59402	0.0	0.0	0.0	0.0
5539	59402	0.0	0.0	0.0	0.0
5539	59402	0.0	0.0	0.0	0.0
5539	59402	0.0	0.0	0.0	0.0
5539	59402	0.0	0.0	0.0	0.0
5539	59402	0.0	0.0	0.0	0.0
5539	59402	0.0	0.0	0.0	0.0
5539	59402	0.0	0.0	0.0	0.0
5539	59402	0.0	0.0	0.0	0.0
5539	59402	0.0	0.0	0.0	0.0
5539	59402	0.0	0.0	0.0	0.0
5539	59402	0.0	0.0	0.0	0.0
5539	59402	0.0	0.0	0.0	0.0
5539	59402	0.0	0.0	0.0	0.0
5539	59402	0.0	0.0	0.0	0.0
5539	59402	0.0	0.0	0.0	0.0
5539	59402	0.0	0.0	0.0	0.0
5539	59402	0.0	0.0	0.0	0.0
5539	59402	0.0	0.0	0.0	0.0
5539	59402	0.0	0.0	0.0	0.0
5539	59402	0.0	0.0	0.0	0.0
5539	59402	0.0	0.0	0.0	0.0
5539	59402	0.0	0.0	0.0	0.0
5539	59402	0.0	0.0	0.0	0.0
5539	59402	0.0	0.0	0.0	0.0
5539	59402	0.0	0.0	0.0	0.0
5539	59402	0.0	0.0	0.0	0.0
5539	59402	0.0	0.0	0.0	0.0
5539	59402	0.0	0.0	0.0	0.0
5539	59402	0.0	0.0	0.0	0.0
5539	59402	0.0	0.0	0.0	0.0
5539	59402	0.0	0.0	0.0	0.0
5539	59406	0.208	0.0	0.0	0.0
5539	59406	0.087	0.072	0.136	0.015
5539	59406	0.089	0.024	0.111	0.113
5539	59406	0.032	0.0	0.089	0.032
5539	59406	0.096	0.072	0.104	0.168
5539	59406	0.104	0.056	0.04	0.048
5539	59406	0.064	0.032	0.072	0.032
5539	59406	0.08	0.032	0.032	0.048
5539	59406	0.112	0.168	0.248	0.28
5539	59406	0.048	0.168	0.28	0.216
5539	59406	0.089	0.031	0.079	0.12
5539	59406	0.08	0.096	0.185	0.176
5539	59406	0.04	0.096	0.176	0.136
5539	59406	0.104	0.12	0.16	0.224
5539	59406	0.073	0.025	0.079	0.048
5539	59406	0.088	0.088	0.161	0.176
5539	59406	0.064	0.016	0.072	0.048
5539	59406	0.041	0.071	0.135	0.112
5539	59406	0.088	0.08	0.121	0.168
5539	59406	0.136	0.024	0.064	0.112
5539	59406	0.128	0.08	0.056	0.048
5539	59406	0.064	0.072	0.056	0.008
5539	59406	0.08	0.008	0.056	0.072
5539	59406	0.08	0.008	0.088	0.088
5539	59406	0.071	0.032	0.048	0.039
5539	59406	0.08	0.049	0.12	0.129
5539	59406	0.096	0.016	0.064	0.08
5539	59406	0.096	0.024	0.072	0.072
5539	59406	0.08	0.048	0.048	0.032
5539	59406	0.112	0.016	0.096	0.128
5539	59406	0.105	0.033	0.079	0.072
5539	59406	0.08	0.096	0.201	0.176
5539	59406	0.12	0.0	0.08	0.12
5539	59406	0.096	0.056	0.064	0.04
5539	59406	0.159	0.04	0.056	0.119
5539	59406	0.144	0.087	0.072	0.057
5539	59406	0.072	0.032	0.112	0.04
5539	59406	0.048	0.224	0.296	0.272
5539	59406	0.112	0.008	0.056	0.12
5539	59406	0.071	0.04	0.072	0.031
5539	59406	0.088	0.081	0.152	0.169
5539	59406	0.072	0.024	0.064	0.048
5539	59406	0.073	0.007	0.079	0.08
5539	59406	0.088	0.016	0.089	0.104
5539	59406	0.105	0.007	0.095	0.112
5539	59406	0.071	0.032	0.073	0.039
5539	59406	0.056	0.081	0.152	0.137
5539	59406	0.0	0.0	0.0	0.0
5539	59406	0.0	0.0	0.0	0.0
5539	59406	0.0	0.0	0.0	0.0
5539	59406	0.0	0.0	0.0	0.0
5539	59406	0.0	0.0	0.0	0.0
5539	59406	0.0	0.0	0.0	0.0
5539	59406	0.0	0.0	0.0	0.0
5539	59406	0.0	0.0	0.0	0.0
5539	59406	0.0	0.0	0.0	0.0
5539	59406	0.0	0.0	0.0	0.0
5539	59406	0.0	0.0	0.0	0.0
5539	59406	0.0	0.0	0.0	0.0
5539	59406	0.0	0.0	0.0	0.0
5539	59406	0.0	0.0	0.0	0.0
5539	59406	0.0	0.0	0.0	0.0
5539	59406	0.0	0.0	0.0	0.0
5539	59406	0.0	0.0	0.0	0.0
5539	59406	0.0	0.0	0.0	0.0
5539	59406	0.0	0.0	0.0	0.0
5539	59406	0.0	0.0	0.0	0.0
5539	59406	0.0	0.0	0.0	0.0
5539	59406	0.0	0.0	0.0	0.0
5539	59406	0.0	0.0	0.0	0.0
5539	59410	0.192	0.0	0.0	0.0
5539	59410	0.096	0.096	0.096	0.0
5539	59410	0.096	0.144	0.24	0.24
5539	59410	0.072	0.616	0.712	0.688
5539	59410	0.088	0.128	0.2	0.216
5539	59410	0.097	0.039	0.127	0.136
5539	59410	0.104	0.032	0.065	0.072
5539	59410	0.088	0.016	0.088	0.072
5539	59410	0.096	0.08	0.168	0.176
5539	59410	0.088	0.048	0.048	0.04
5539	59410	0.064	0.024	0.112	0.088
5539	59410	0.072	0.072	0.136	0.144
5539	59410	0.096	0.016	0.056	0.08
5539	59410	0.08	0.008	0.088	0.072
5539	59410	0.088	0.008	0.072	0.08
5539	59410	0.08	0.016	0.072	0.064
5539	59410	0.0	0.0	0.0	0.0
5539	59410	0.0	0.0	0.0	0.0
5539	59410	0.0	0.0	0.0	0.0
5539	59410	0.0	0.0	0.0	0.0
5539	59410	0.0	0.0	0.0	0.0
5539	59410	0.0	0.0	0.0	0.0
5539	59410	0.0	0.0	0.0	0.0
5539	59410	0.0	0.0	0.0	0.0
5539	59410	0.0	0.0	0.0	0.0
5539	59410	0.0	0.0	0.0	0.0
5539	59410	0.0	0.0	0.0	0.0
5539	59410	0.0	0.0	0.0	0.0
5539	59410	0.0	0.0	0.0	0.0
5539	59410	0.0	0.0	0.0	0.0
5539	59410	0.0	0.0	0.0	0.0
5539	59410	0.0	0.0	0.0	0.0
5539	59410	0.0	0.0	0.0	0.0
5539	59410	0.0	0.0	0.0	0.0
5539	59410	0.0	0.0	0.0	0.0
5539	59410	0.0	0.0	0.0	0.0
5539	59410	0.0	0.0	0.0	0.0
5539	59410	0.0	0.0	0.0	0.0
5539	59410	0.0	0.0	0.0	0.0
5539	59410	0.0	0.0	0.0	0.0
5539	59410	0.0	0.0	0.0	0.0
5539	59410	0.0	0.0	0.0	0.0
5539	59410	0.0	0.0	0.0	0.0
5539	59410	0.0	0.0	0.0	0.0
5539	59410	0.0	0.0	0.0	0.0
5539	59410	0.0	0.0	0.0	0.0
5539	59410	0.0	0.0	0.0	0.0
5539	59410	0.0	0.0	0.0	0.0
5539	59410	0.0	0.0	0.0	0.0
5539	59410	0.0	0.0	0.0	0.0
5539	59410	0.0	0.0	0.0	0.0
5539	59410	0.0	0.0	0.0	0.0
5539	59410	0.0	0.0	0.0	0.0
5539	59410	0.0	0.0	0.0	0.0
5539	59410	0.0	0.0	0.0	0.0
5539	59410	0.0	0.0	0.0	0.0
5539	59410	0.0	0.0	0.0	0.0
5539	59410	0.0	0.0	0.0	0.0
5539	59410	0.0	0.0	0.0	0.0
5539	59410	0.0	0.0	0.0	0.0
5539	59410	0.0	0.0	0.0	0.0
5539	59410	0.0	0.0	0.0	0.0
5539	59410	0.0	0.0	0.0	0.0
5539	59410	0.0	0.0	0.0	0.0
5539	59410	0.0	0.0	0.0	0.0
5539	59410	0.0	0.0	0.0	0.0
5539	59410	0.0	0.0	0.0	0.0
5539	59410	0.0	0.0	0.0	0.0
5539	59410	0.0	0.0	0.0	0.0
5539	59410	0.0	0.0	0.0	0.0
5539	59414	0.256	0.0	0.0	0.0
5539	59414	0.064	0.136	0.12	0.072
5539	59414	0.088	0.096	0.16	0.184
5539	59414	0.064	0.056	0.032	0.008
5539	59414	0.127	0.016	0.08	0.143
5539	59414	0.176	0.071	0.056	0.105
5539	59414	0.112	0.08	0.096	0.032
5539	59414	0.072	0.04	0.072	0.032
5539	59414	0.072	0.232	0.304	0.304
5539	59414	0.088	0.032	0.104	0.12
5539	59414	0.056	0.024	0.064	0.032
5539	59414	0.112	0.064	0.12	0.176
5539	59414	0.072	0.04	0.072	0.032
5539	59414	0.072	0.024	0.096	0.096
5539	59414	0.104	0.0	0.072	0.104
5539	59414	0.072	0.056	0.048	0.016
5539	59414	0.12	0.032	0.104	0.152
5539	59414	0.071	0.032	0.088	0.039
5539	59414	0.129	0.024	0.095	0.153
5539	59414	0.112	0.04	0.089	0.072
5539	59414	0.032	0.072	0.04	0.04
5539	59414	0.08	0.072	0.104	0.152
5539	59414	0.071	0.2	0.28	0.271
5539	59414	0.0	0.0	0.0	0.0
5539	59414	0.0	0.0	0.0	0.0
5539	59414	0.0	0.0	0.0	0.0
5539	59414	0.0	0.0	0.0	0.0
5539	59414	0.0	0.0	0.0	0.0
5539	59414	0.0	0.0	0.0	0.0
5539	59414	0.0	0.0	0.0	0.0
5539	59414	0.0	0.0	0.0	0.0
5539	59414	0.0	0.0	0.0	0.0
5539	59414	0.0	0.0	0.0	0.0
5539	59414	0.0	0.0	0.0	0.0
5539	59414	0.0	0.0	0.0	0.0
5539	59414	0.0	0.0	0.0	0.0
5539	59414	0.0	0.0	0.0	0.0
5539	59414	0.0	0.0	0.0	0.0
5539	59414	0.0	0.0	0.0	0.0
5539	59414	0.0	0.0	0.0	0.0
5539	59414	0.0	0.0	0.0	0.0
5539	59414	0.0	0.0	0.0	0.0
5539	59414	0.0	0.0	0.0	0.0
5539	59414	0.0	0.0	0.0	0.0
5539	59414	0.0	0.0	0.0	0.0
5539	59414	0.0	0.0	0.0	0.0
5539	59414	0.0	0.0	0.0	0.0
5539	59414	0.0	0.0	0.0	0.0
5539	59414	0.0	0.0	0.0	0.0
5539	59414	0.0	0.0	0.0	0.0
5539	59414	0.0	0.0	0.0	0.0
5539	59414	0.0	0.0	0.0	0.0
5539	59414	0.0	0.0	0.0	0.0
5539	59414	0.0	0.0	0.0	0.0
5539	59414	0.0	0.0	0.0	0.0
5539	59414	0.0	0.0	0.0	0.0
5539	59414	0.0	0.0	0.0	0.0
5539	59414	0.0	0.0	0.0	0.0
5539	59414	0.0	0.0	0.0	0.0
5539	59414	0.0	0.0	0.0	0.0
5539	59414	0.0	0.0	0.0	0.0
5539	59414	0.0	0.0	0.0	0.0
5539	59414	0.0	0.0	0.0	0.0
5539	59414	0.0	0.0	0.0	0.0
5539	59414	0.0	0.0	0.0	0.0
5539	59414	0.0	0.0	0.0	0.0
5539	59414	0.0	0.0	0.0	0.0
5539	59414	0.0	0.0	0.0	0.0
5539	59414	0.0	0.0	0.0	0.0
5539	59414	0.0	0.0	0.0	0.0
5539	59416	0.256	0.0	0.0	0.0
5539	59416	0.104	0.088	0.168	0.016
5539	59416	0.096	0.048	0.152	0.144
5539	59416	0.064	0.04	0.056	0.024
5539	59416	0.088	0.016	0.048	0.072
5539	59416	0.088	0.024	0.112	0.112
5539	59416	0.088	0.016	0.072	0.072
5539	59416	0.096	0.008	0.096	0.104
5539	59416	0.08	0.024	0.12	0.104
5539	59416	0.088	0.104	0.184	0.192
5539	59416	0.129	0.049	0.039	0.08
5539	59416	0.096	0.04	0.089	0.056
5539	59416	0.12	0.032	0.064	0.088
5539	59416	0.08	0.048	0.072	0.032
5539	59416	0.127	0.048	0.032	0.079
5539	59416	0.057	0.024	0.103	0.033
5539	59416	0.039	0.08	0.137	0.119
5539	59416	0.088	0.065	0.104	0.153
5539	59416	0.088	0.04	0.048	0.048
5539	59416	0.057	0.007	0.095	0.064
5539	59416	0.104	0.072	0.129	0.176
5539	59416	0.088	0.048	0.056	0.04
5539	59416	0.088	0.008	0.096	0.096
5539	59416	0.104	0.016	0.072	0.088
5539	59416	0.104	0.024	0.08	0.08
5539	59416	0.104	0.032	0.072	0.072
5539	59416	0.088	0.032	0.072	0.056
5539	59416	0.088	0.016	0.072	0.072
5539	59416	0.08	0.016	0.072	0.064
5539	59416	0.096	0.016	0.096	0.112
5539	59416	0.032	0.104	0.2	0.136
5539	59416	0.064	0.304	0.336	0.368
5539	59416	0.088	0.04	0.104	0.128
5539	59416	0.16	0.024	0.112	0.184
5539	59416	0.105	0.033	0.127	0.072
5539	59416	0.088	0.184	0.289	0.272
5539	59416	0.104	0.04	0.048	0.064
5539	59416	0.072	0.008	0.112	0.08
5539	59416	0.0	0.0	0.0	0.0
5539	59416	0.0	0.0	0.0	0.0
5539	59416	0.0	0.0	0.0	0.0
5539	59416	0.0	0.0	0.0	0.0
5539	59416	0.0	0.0	0.0	0.0
5539	59416	0.0	0.0	0.0	0.0
5539	59416	0.0	0.0	0.0	0.0
5539	59416	0.0	0.0	0.0	0.0
5539	59416	0.0	0.0	0.0	0.0
5539	59416	0.0	0.0	0.0	0.0
5539	59416	0.0	0.0	0.0	0.0
5539	59416	0.0	0.0	0.0	0.0
5539	59416	0.0	0.0	0.0	0.0
5539	59416	0.0	0.0	0.0	0.0
5539	59416	0.0	0.0	0.0	0.0
5539	59416	0.0	0.0	0.0	0.0
5539	59416	0.0	0.0	0.0	0.0
5539	59416	0.0	0.0	0.0	0.0
5539	59416	0.0	0.0	0.0	0.0
5539	59416	0.0	0.0	0.0	0.0
5539	59416	0.0	0.0	0.0	0.0
5539	59416	0.0	0.0	0.0	0.0
5539	59416	0.0	0.0	0.0	0.0
5539	59416	0.0	0.0	0.0	0.0
5539	59416	0.0	0.0	0.0	0.0
5539	59416	0.0	0.0	0.0	0.0
5539	59416	0.0	0.0	0.0	0.0
5539	59416	0.0	0.0	0.0	0.0
5539	59416	0.0	0.0	0.0	0.0
5539	59416	0.0	0.0	0.0	0.0
5539	59416	0.0	0.0	0.0	0.0
5539	59416	0.0	0.0	0.0	0.0
5539	59419	0.241	0.0	0.0	0.0
5539	59419	0.128	0.096	0.145	0.032
5539	59419	0.112	0.024	0.152	0.136
5539	59419	0.136	0.024	0.088	0.112
5539	59419	0.119	0.08	0.056	0.039
5539	59419	0.063	0.055	0.064	0.008
5539	59419	0.096	0.017	0.08	0.113
5539	59419	0.088	0.016	0.08	0.072
5539	59419	0.088	0.048	0.04	0.04
5539	59419	0.096	0.048	0.136	0.144
5539	59419	0.096	0.032	0.064	0.064
5539	59419	0.072	0.04	0.056	0.032
5539	59419	0.071	0.016	0.088	0.087
5539	59419	0.097	0.008	0.063	0.089
5539	59419	0.111	0.016	0.081	0.095
5539	59419	0.095	0.079	0.032	0.016
5539	59419	0.064	0.023	0.072	0.041
5539	59419	0.096	0.072	0.136	0.168
5539	59419	0.12	0.008	0.088	0.112
5539	59419	0.096	0.04	0.08	0.056
5539	59419	0.376	0.104	0.2	0.48
5539	59419	0.121	0.113	0.263	0.008
5539	59419	0.0	0.0	0.0	0.0
5539	59419	0.0	0.0	0.0	0.0
5539	59419	0.0	0.0	0.0	0.0
5539	59419	0.0	0.0	0.0	0.0
5539	59419	0.0	0.0	0.0	0.0
5539	59419	0.0	0.0	0.0	0.0
5539	59419	0.0	0.0	0.0	0.0
5539	59419	0.0	0.0	0.0	0.0
5539	59419	0.0	0.0	0.0	0.0
5539	59419	0.0	0.0	0.0	0.0
5539	59419	0.0	0.0	0.0	0.0
5539	59419	0.0	0.0	0.0	0.0
5539	59419	0.0	0.0	0.0	0.0
5539	59419	0.0	0.0	0.0	0.0
5539	59419	0.0	0.0	0.0	0.0
5539	59419	0.0	0.0	0.0	0.0
5539	59419	0.0	0.0	0.0	0.0
5539	59419	0.0	0.0	0.0	0.0
5539	59419	0.0	0.0	0.0	0.0
5539	59419	0.0	0.0	0.0	0.0
5539	59419	0.0	0.0	0.0	0.0
5539	59419	0.0	0.0	0.0	0.0
5539	59419	0.0	0.0	0.0	0.0
5539	59419	0.0	0.0	0.0	0.0
5539	59419	0.0	0.0	0.0	0.0
5539	59419	0.0	0.0	0.0	0.0
5539	59419	0.0	0.0	0.0	0.0
5539	59419	0.0	0.0	0.0	0.0
5539	59419	0.0	0.0	0.0	0.0
5539	59419	0.0	0.0	0.0	0.0
5539	59419	0.0	0.0	0.0	0.0
5539	59419	0.0	0.0	0.0	0.0
5539	59419	0.0	0.0	0.0	0.0
5539	59419	0.0	0.0	0.0	0.0
5539	59419	0.0	0.0	0.0	0.0
5539	59419	0.0	0.0	0.0	0.0
5539	59419	0.0	0.0	0.0	0.0
5539	59419	0.0	0.0	0.0	0.0
5539	59419	0.0	0.0	0.0	0.0
5539	59419	0.0	0.0	0.0	0.0
5539	59419	0.0	0.0	0.0	0.0
5539	59419	0.0	0.0	0.0	0.0
5539	59419	0.0	0.0	0.0	0.0
5539	59419	0.0	0.0	0.0	0.0
5539	59419	0.0	0.0	0.0	0.0
5539	59419	0.0	0.0	0.0	0.0
5539	59419	0.0	0.0	0.0	0.0
5539	59419	0.0	0.0	0.0	0.0
5539	59425	0.176	0.0	0.0	0.0
5539	59425	0.103	0.056	0.12	0.047
5539	59425	0.127	0.033	0.136	0.16
5539	59425	0.088	0.561	0.688	0.649
5539	59425	0.104	0.024	0.064	0.08
5539	59425	0.072	0.008	0.096	0.064
5539	59425	0.096	0.04	0.112	0.136
5539	59425	0.063	0.024	0.072	0.039
5539	59425	0.072	0.081	0.144	0.153
5539	59425	0.064	0.024	0.096	0.088
5539	59425	0.072	0.016	0.048	0.056
5539	59425	0.128	0.232	0.304	0.36
5539	59425	0.063	0.056	0.072	0.007
5539	59425	0.121	0.04	0.103	0.161
5539	59425	0.024	0.008	0.113	0.016
5539	59425	0.112	0.064	0.088	0.176
5539	59425	0.104	0.064	0.048	0.04
5539	59425	0.112	0.024	0.08	0.088
5539	59425	0.064	0.008	0.12	0.072
5539	59425	0.113	0.295	0.359	0.408
5539	59425	0.056	0.04	0.073	0.016
5539	59425	0.08	0.096	0.152	0.176
5539	59425	0.112	0.12	0.2	0.232
5539	59425	0.096	0.032	0.08	0.064
5539	59425	0.104	0.104	0.2	0.208
5539	59425	0.104	0.056	0.048	0.048
5539	59425	0.137	0.039	0.143	0.176
5539	59425	0.088	0.056	0.081	0.032
5539	59425	0.096	0.32	0.408	0.416
5539	59425	0.08	0.32	0.416	0.4
5539	59425	0.08	0.016	0.096	0.096
5539	59425	0.08	0.048	0.128	0.128
5539	59425	0.127	0.016	0.096	0.143
5539	59425	0.096	0.063	0.064	0.033
5539	59425	0.096	0.096	0.192	0.192
5539	59425	0.088	0.048	0.048	0.04
5539	59425	0.104	0.048	0.136	0.152
5539	59425	0.104	0.016	0.088	0.088
5539	59425	0.096	0.032	0.072	0.064
5539	59425	0.081	0.033	0.063	0.048
5539	59425	0.128	0.072	0.153	0.2
5539	59425	0.088	0.04	0.088	0.048
5539	59425	0.063	0.007	0.081	0.056
5539	59425	0.081	0.009	0.054	0.072
5539	59425	0.071	0.048	0.129	0.119
5539	59425	0.081	0.024	0.095	0.105
5539	59425	0.072	0.008	0.089	0.08
5539	59425	0.088	0.08	0.152	0.168
5539	59425	0.096	0.024	0.112	0.12
5539	59425	0.119	0.016	0.08	0.103
5539	59425	0.12	0.055	0.064	0.065
5539	59425	0.081	0.057	0.063	0.024
5539	59425	0.112	0.008	0.089	0.12
5539	59425	0.081	0.033	0.079	0.048
5539	59425	0.08	0.016	0.065	0.064
5539	59425	0.112	0.032	0.112	0.144
5539	59425	0.104	0.048	0.064	0.056
5539	59425	0.072	0.048	0.056	0.024
5539	59425	0.096	0.048	0.024	0.048
5539	59425	0.096	0.008	0.088	0.088
5539	59425	0.128	0.159	0.255	0.287
5539	59425	0.12	0.04	0.088	0.08
5539	59425	0.12	0.032	0.088	0.088
5539	59425	0.064	0.016	0.104	0.048
5539	59425	0.096	0.008	0.056	0.088
5539	59425	0.096	0.008	0.088	0.088
5539	59425	0.088	0.008	0.088	0.08
5539	59425	0.072	0.032	0.056	0.04
5539	59425	0.103	0.088	0.16	0.191
5539	59425	0.104	0.023	0.08	0.081
5539	59430	0.184	0.0	0.0	0.0
5539	59430	0.088	0.096	0.088	0.008
5539	59430	0.056	0.12	0.208	0.176
5539	59430	0.032	0.296	0.352	0.328
5539	59430	0.088	0.08	0.112	0.168
5539	59430	0.072	0.008	0.096	0.08
5539	59430	0.096	0.08	0.152	0.176
5539	59430	0.121	0.025	0.071	0.096
5539	59430	0.056	0.024	0.145	0.08
5539	59430	0.047	0.112	0.168	0.159
5539	59430	0.065	0.024	0.071	0.089
5539	59430	0.064	0.016	0.081	0.08
5539	59430	0.144	0.024	0.088	0.168
5539	59430	0.096	0.064	0.08	0.032
5539	59430	0.112	0.024	0.072	0.088
5539	59430	0.103	0.008	0.104	0.095
5539	59430	0.081	0.008	0.111	0.089
5539	59430	0.072	0.016	0.065	0.056
5539	59430	0.064	0.016	0.088	0.08
5539	59430	0.088	0.016	0.048	0.072
5539	59430	0.071	0.024	0.112	0.095
5539	59430	0.089	0.024	0.095	0.113
5539	59430	0.104	0.024	0.065	0.08
5539	59430	0.096	0.056	0.048	0.04
5539	59430	0.096	0.024	0.12	0.12
5539	59430	0.064	0.008	0.088	0.056
5539	59430	0.112	0.008	0.056	0.104
5539	59430	0.081	0.007	0.119	0.088
5539	59430	0.04	0.032	0.113	0.072
5539	59430	0.072	0.072	0.112	0.144
5539	59430	0.072	0.008	0.08	0.08
5539	59430	0.097	0.015	0.087	0.112
5539	59430	0.064	0.008	0.105	0.072
5539	59430	0.0	0.0	0.0	0.0
5539	59430	0.0	0.0	0.0	0.0
5539	59430	0.0	0.0	0.0	0.0
5539	59430	0.0	0.0	0.0	0.0
5539	59430	0.0	0.0	0.0	0.0
5539	59430	0.0	0.0	0.0	0.0
5539	59430	0.0	0.0	0.0	0.0
5539	59430	0.0	0.0	0.0	0.0
5539	59430	0.0	0.0	0.0	0.0
5539	59430	0.0	0.0	0.0	0.0
5539	59430	0.0	0.0	0.0	0.0
5539	59430	0.0	0.0	0.0	0.0
5539	59430	0.0	0.0	0.0	0.0
5539	59430	0.0	0.0	0.0	0.0
5539	59430	0.0	0.0	0.0	0.0
5539	59430	0.0	0.0	0.0	0.0
5539	59430	0.0	0.0	0.0	0.0
5539	59430	0.0	0.0	0.0	0.0
5539	59430	0.0	0.0	0.0	0.0
5539	59430	0.0	0.0	0.0	0.0
5539	59430	0.0	0.0	0.0	0.0
5539	59430	0.0	0.0	0.0	0.0
5539	59430	0.0	0.0	0.0	0.0
5539	59430	0.0	0.0	0.0	0.0
5539	59430	0.0	0.0	0.0	0.0
5539	59430	0.0	0.0	0.0	0.0
5539	59430	0.0	0.0	0.0	0.0
5539	59430	0.0	0.0	0.0	0.0
5539	59430	0.0	0.0	0.0	0.0
5539	59430	0.0	0.0	0.0	0.0
5539	59430	0.0	0.0	0.0	0.0
5539	59430	0.0	0.0	0.0	0.0
5539	59430	0.0	0.0	0.0	0.0
5539	59430	0.0	0.0	0.0	0.0
5539	59430	0.0	0.0	0.0	0.0
5539	59430	0.0	0.0	0.0	0.0
5539	59430	0.0	0.0	0.0	0.0
5539	59436	0.176	0.0	0.0	0.0
5539	59436	0.104	0.063	0.113	0.041
5539	59436	0.096	0.016	0.088	0.08
5539	59436	0.104	0.008	0.088	0.096
5539	59436	0.113	0.033	0.071	0.08
5539	59436	0.072	0.032	0.081	0.04
5539	59436	0.08	0.008	0.064	0.072
5539	59436	0.072	0.016	0.064	0.056
5539	59436	0.112	0.048	0.12	0.16
5539	59436	0.056	0.04	0.072	0.016
5539	59436	0.08	0.032	0.024	0.048
5539	59436	0.063	0.008	0.088	0.071
5539	59436	0.072	0.033	0.096	0.105
5539	59436	0.063	0.024	0.048	0.039
5539	59436	0.072	0.065	0.128	0.137
5539	59436	0.073	0.055	0.127	0.128
5539	59436	0.0	0.0	0.0	0.0
5539	59436	0.0	0.0	0.0	0.0
5539	59436	0.0	0.0	0.0	0.0
5539	59436	0.0	0.0	0.0	0.0
5539	59436	0.0	0.0	0.0	0.0
5539	59436	0.0	0.0	0.0	0.0
5539	59436	0.0	0.0	0.0	0.0
5539	59436	0.0	0.0	0.0	0.0
5539	59436	0.0	0.0	0.0	0.0
5539	59436	0.0	0.0	0.0	0.0
5539	59436	0.0	0.0	0.0	0.0
5539	59436	0.0	0.0	0.0	0.0
5539	59436	0.0	0.0	0.0	0.0
5539	59436	0.0	0.0	0.0	0.0
5539	59436	0.0	0.0	0.0	0.0
5539	59436	0.0	0.0	0.0	0.0
5539	59436	0.0	0.0	0.0	0.0
5539	59436	0.0	0.0	0.0	0.0
5539	59436	0.0	0.0	0.0	0.0
5539	59436	0.0	0.0	0.0	0.0
5539	59436	0.0	0.0	0.0	0.0
5539	59436	0.0	0.0	0.0	0.0
5539	59436	0.0	0.0	0.0	0.0
5539	59436	0.0	0.0	0.0	0.0
5539	59436	0.0	0.0	0.0	0.0
5539	59436	0.0	0.0	0.0	0.0
5539	59436	0.0	0.0	0.0	0.0
5539	59436	0.0	0.0	0.0	0.0
5539	59436	0.0	0.0	0.0	0.0
5539	59436	0.0	0.0	0.0	0.0
5539	59436	0.0	0.0	0.0	0.0
5539	59436	0.0	0.0	0.0	0.0
5539	59436	0.0	0.0	0.0	0.0
5539	59436	0.0	0.0	0.0	0.0
5539	59436	0.0	0.0	0.0	0.0
5539	59436	0.0	0.0	0.0	0.0
5539	59436	0.0	0.0	0.0	0.0
5539	59436	0.0	0.0	0.0	0.0
5539	59436	0.0	0.0	0.0	0.0
5539	59436	0.0	0.0	0.0	0.0
5539	59436	0.0	0.0	0.0	0.0
5539	59436	0.0	0.0	0.0	0.0
5539	59436	0.0	0.0	0.0	0.0
5539	59436	0.0	0.0	0.0	0.0
5539	59436	0.0	0.0	0.0	0.0
5539	59436	0.0	0.0	0.0	0.0
5539	59436	0.0	0.0	0.0	0.0
5539	59436	0.0	0.0	0.0	0.0
5539	59436	0.0	0.0	0.0	0.0
5539	59436	0.0	0.0	0.0	0.0
5539	59436	0.0	0.0	0.0	0.0
5539	59436	0.0	0.0	0.0	0.0
5539	59436	0.0	0.0	0.0	0.0
5539	59436	0.0	0.0	0.0	0.0
5539	59438	0.296	0.0	0.0	0.0
5539	59438	0.16	0.096	0.392	0.256
5539	59438	0.136	0.112	0.048	0.024
5539	59438	0.079	0.248	0.384	0.327
5539	59438	0.096	0.001	0.08	0.097
5539	59438	0.064	0.08	0.176	0.144
5539	59438	0.088	0.08	0.144	0.168
5539	59438	0.088	0.064	0.024	0.024
5539	59438	0.096	0.032	0.056	0.064
5539	59438	0.072	0.048	0.048	0.024
5539	59438	0.064	0.008	0.064	0.056
5539	59438	0.064	0.072	0.136	0.136
5539	59438	0.04	0.088	0.152	0.128
5539	59438	0.089	0.071	0.111	0.16
5539	59438	0.057	0.065	0.024	0.008
5539	59438	0.08	0.072	0.129	0.152
5539	59438	0.08	0.008	0.072	0.072
5539	59438	0.12	0.016	0.096	0.136
5539	59438	0.097	0.033	0.087	0.064
5539	59438	0.08	0.008	0.089	0.072
5539	59438	0.048	0.0	0.08	0.048
5539	59438	0.095	0.064	0.112	0.159
5539	59438	0.056	0.023	0.072	0.033
5539	59438	0.112	0.08	0.136	0.192
5539	59438	0.12	0.048	0.064	0.072
5539	59438	0.096	0.072	0.048	0.024
5539	59438	0.063	0.04	0.056	0.023
5539	59438	0.08	0.025	0.088	0.105
5539	59438	0.088	0.056	0.136	0.144
5539	59438	0.08	0.016	0.072	0.064
5539	59438	0.096	0.032	0.048	0.064
5539	59438	0.096	0.048	0.048	0.048
5539	59438	0.065	0.017	0.079	0.048
5539	59438	0.103	0.008	0.073	0.111
5539	59438	0.128	0.023	0.08	0.105
5539	59438	0.135	0.072	0.056	0.063
5539	59438	0.136	0.095	0.04	0.041
5539	59438	0.065	0.559	0.695	0.624
5539	59438	0.071	0.224	0.289	0.295
5539	59438	0.056	0.033	0.104	0.089
5539	59438	0.0	0.0	0.0	0.0
5539	59438	0.0	0.0	0.0	0.0
5539	59438	0.0	0.0	0.0	0.0
5539	59438	0.0	0.0	0.0	0.0
5539	59438	0.0	0.0	0.0	0.0
5539	59438	0.0	0.0	0.0	0.0
5539	59438	0.0	0.0	0.0	0.0
5539	59438	0.0	0.0	0.0	0.0
5539	59438	0.0	0.0	0.0	0.0
5539	59438	0.0	0.0	0.0	0.0
5539	59438	0.0	0.0	0.0	0.0
5539	59438	0.0	0.0	0.0	0.0
5539	59438	0.0	0.0	0.0	0.0
5539	59438	0.0	0.0	0.0	0.0
5539	59438	0.0	0.0	0.0	0.0
5539	59438	0.0	0.0	0.0	0.0
5539	59438	0.0	0.0	0.0	0.0
5539	59438	0.0	0.0	0.0	0.0
5539	59438	0.0	0.0	0.0	0.0
5539	59438	0.0	0.0	0.0	0.0
5539	59438	0.0	0.0	0.0	0.0
5539	59438	0.0	0.0	0.0	0.0
5539	59438	0.0	0.0	0.0	0.0
5539	59438	0.0	0.0	0.0	0.0
5539	59438	0.0	0.0	0.0	0.0
5539	59438	0.0	0.0	0.0	0.0
5539	59438	0.0	0.0	0.0	0.0
5539	59438	0.0	0.0	0.0	0.0
5539	59438	0.0	0.0	0.0	0.0
5539	59438	0.0	0.0	0.0	0.0
5539	59441	0.256	0.0	0.0	0.0
5539	59441	0.096	0.08	0.176	0.016
5539	59441	0.128	0.032	0.064	0.096
5539	59441	0.088	0.024	0.104	0.064
5539	59441	0.104	0.008	0.096	0.112
5539	59441	0.112	0.008	0.112	0.12
5539	59441	0.096	0.04	0.072	0.056
5539	59441	0.12	0.032	0.128	0.152
5539	59441	0.104	0.072	0.048	0.032
5539	59441	0.12	0.496	0.6	0.616
5539	59441	0.104	0.073	0.047	0.031
5539	59441	0.193	0.008	0.112	0.201
5539	59441	0.112	0.112	0.081	0.0
5539	59441	0.072	0.008	0.104	0.064
5539	59441	0.088	0.016	0.056	0.072
5539	59441	0.103	0.008	0.096	0.111
5539	59441	0.088	0.065	0.168	0.153
5539	59441	0.08	0.056	0.144	0.136
5539	59441	0.064	0.048	0.128	0.112
5539	59441	0.088	0.008	0.072	0.096
5539	59441	0.073	0.023	0.111	0.096
5539	59441	0.151	0.16	0.233	0.311
5539	59441	0.063	0.047	0.104	0.016
5539	59441	0.081	0.568	0.631	0.649
5539	59441	0.024	0.168	0.249	0.192
5539	59441	0.041	0.111	0.135	0.152
5539	59441	0.024	0.384	0.425	0.408
5539	59441	0.016	0.016	0.008	0.0
5539	59441	0.032	0.08	0.096	0.112
5539	59441	0.016	0.304	0.336	0.32
5539	59441	0.048	0.168	0.184	0.216
5539	59441	0.064	0.072	0.12	0.136
5539	59441	0.088	0.015	0.079	0.103
5539	59441	0.064	0.129	0.217	0.193
5539	59441	0.065	0.327	0.391	0.392
5539	59441	0.152	0.104	0.169	0.256
5539	59441	0.103	0.056	0.096	0.047
5539	59441	0.159	0.081	0.184	0.24
5539	59441	0.112	0.103	0.056	0.009
5539	59441	0.047	0.504	0.616	0.551
5539	59441	0.113	0.36	0.407	0.473
5539	59441	0.112	0.056	0.169	0.168
5539	59441	0.135	0.024	0.088	0.111
5539	59441	0.12	0.055	0.08	0.065
5539	59441	0.08	0.152	0.272	0.232
5539	59441	0.072	0.008	0.088	0.08
5539	59441	0.056	0.032	0.104	0.088
5539	59441	0.064	0.008	0.064	0.072
5539	59441	0.0	0.0	0.0	0.0
5539	59441	0.0	0.0	0.0	0.0
5539	59441	0.0	0.0	0.0	0.0
5539	59441	0.0	0.0	0.0	0.0
5539	59441	0.0	0.0	0.0	0.0
5539	59441	0.0	0.0	0.0	0.0
5539	59441	0.0	0.0	0.0	0.0
5539	59441	0.0	0.0	0.0	0.0
5539	59441	0.0	0.0	0.0	0.0
5539	59441	0.0	0.0	0.0	0.0
5539	59441	0.0	0.0	0.0	0.0
5539	59441	0.0	0.0	0.0	0.0
5539	59441	0.0	0.0	0.0	0.0
5539	59441	0.0	0.0	0.0	0.0
5539	59441	0.0	0.0	0.0	0.0
5539	59441	0.0	0.0	0.0	0.0
5539	59441	0.0	0.0	0.0	0.0
5539	59441	0.0	0.0	0.0	0.0
5539	59441	0.0	0.0	0.0	0.0
5539	59441	0.0	0.0	0.0	0.0
5539	59441	0.0	0.0	0.0	0.0
5539	59441	0.0	0.0	0.0	0.0
5539	59451	0.192	0.0	0.0	0.0
5539	59451	0.08	0.048	0.144	0.032
5539	59451	0.104	0.064	0.144	0.168
5539	59451	0.096	0.064	0.04	0.032
5539	59451	0.088	0.024	0.072	0.064
5539	59451	0.129	0.031	0.119	0.16
5539	59451	0.096	0.032	0.097	0.064
5539	59451	0.104	0.016	0.08	0.088
5539	59451	0.088	0.024	0.08	0.064
5539	59451	0.079	0.032	0.056	0.047
5539	59451	0.072	0.033	0.112	0.105
5539	59451	0.097	0.007	0.079	0.104
5539	59451	0.128	0.04	0.057	0.088
5539	59451	0.088	0.072	0.056	0.016
5539	59451	0.056	0.032	0.056	0.024
5539	59451	0.064	0.064	0.12	0.128
5539	59451	0.041	0.295	0.359	0.336
5539	59451	0.04	0.08	0.121	0.12
5539	59451	0.016	0.096	0.136	0.112
5539	59451	0.04	0.328	0.344	0.368
5539	59451	0.048	0.104	0.144	0.152
5539	59451	0.048	0.104	0.152	0.152
5539	59451	0.072	0.088	0.136	0.16
5539	59451	0.105	0.031	0.103	0.136
5539	59451	0.104	0.048	0.057	0.056
5539	59451	0.079	0.064	0.04	0.015
5539	59451	0.064	0.031	0.048	0.033
5539	59451	0.12	0.056	0.12	0.176
5539	59451	0.079	0.088	0.032	0.009
5539	59451	0.081	0.024	0.055	0.057
5539	59451	0.048	0.048	0.129	0.096
5539	59451	0.096	0.072	0.12	0.168
5539	59451	0.064	0.056	0.04	0.008
5539	59451	0.096	0.072	0.136	0.168
5539	59451	0.087	0.047	0.049	0.04
5539	59451	0.096	0.048	0.039	0.048
5539	59451	0.111	0.0	0.096	0.111
5539	59451	0.063	0.039	0.072	0.024
5539	59451	0.064	0.305	0.368	0.369
5539	59451	0.0	0.0	0.0	0.0
5539	59451	0.0	0.0	0.0	0.0
5539	59451	0.0	0.0	0.0	0.0
5539	59451	0.0	0.0	0.0	0.0
5539	59451	0.0	0.0	0.0	0.0
5539	59451	0.0	0.0	0.0	0.0
5539	59451	0.0	0.0	0.0	0.0
5539	59451	0.0	0.0	0.0	0.0
5539	59451	0.0	0.0	0.0	0.0
5539	59451	0.0	0.0	0.0	0.0
5539	59451	0.0	0.0	0.0	0.0
5539	59451	0.0	0.0	0.0	0.0
5539	59451	0.0	0.0	0.0	0.0
5539	59451	0.0	0.0	0.0	0.0
5539	59451	0.0	0.0	0.0	0.0
5539	59451	0.0	0.0	0.0	0.0
5539	59451	0.0	0.0	0.0	0.0
5539	59451	0.0	0.0	0.0	0.0
5539	59451	0.0	0.0	0.0	0.0
5539	59451	0.0	0.0	0.0	0.0
5539	59451	0.0	0.0	0.0	0.0
5539	59451	0.0	0.0	0.0	0.0
5539	59451	0.0	0.0	0.0	0.0
5539	59451	0.0	0.0	0.0	0.0
5539	59451	0.0	0.0	0.0	0.0
5539	59451	0.0	0.0	0.0	0.0
5539	59451	0.0	0.0	0.0	0.0
5539	59451	0.0	0.0	0.0	0.0
5539	59451	0.0	0.0	0.0	0.0
5539	59451	0.0	0.0	0.0	0.0
5539	59451	0.0	0.0	0.0	0.0
5539	59456	0.209	0.0	0.0	0.0
5539	59456	0.072	0.104	0.105	0.032
5539	59456	0.079	0.304	0.376	0.383
5539	59456	0.065	0.384	0.463	0.449
5539	59456	0.056	0.416	0.481	0.472
5539	59456	0.048	0.184	0.24	0.232
5539	59456	0.087	0.064	0.112	0.151
5539	59456	0.064	0.145	0.232	0.209
5539	59456	0.129	0.015	0.079	0.144
5539	59456	0.048	0.088	0.217	0.136
5539	59456	0.049	0.071	0.119	0.12
5539	59456	0.137	0.017	0.032	0.12
5539	59456	0.127	0.056	0.081	0.071
5539	59456	0.048	0.055	0.072	0.007
5539	59456	0.103	0.072	0.12	0.175
5539	59456	0.113	0.032	0.071	0.081
5539	59456	0.097	0.089	0.024	0.008
5539	59456	0.071	0.04	0.057	0.031
5539	59456	0.12	0.121	0.192	0.241
5539	59456	0.08	0.064	0.056	0.016
5539	59456	0.088	0.032	0.112	0.12
5539	59456	0.065	0.079	0.167	0.144
5539	59456	0.079	0.024	0.089	0.103
5539	59456	0.104	0.033	0.112	0.137
5539	59456	0.088	0.016	0.088	0.072
5539	59456	0.136	0.112	0.2	0.248
5539	59456	0.128	0.056	0.08	0.072
5539	59456	0.095	0.056	0.072	0.039
5539	59456	0.097	0.016	0.111	0.113
5539	59456	0.056	0.008	0.105	0.064
5539	59456	0.056	0.008	0.064	0.064
5539	59456	0.079	0.072	0.128	0.151
5539	59456	0.089	0.008	0.087	0.097
5539	59456	0.0	0.0	0.0	0.0
5539	59456	0.0	0.0	0.0	0.0
5539	59456	0.0	0.0	0.0	0.0
5539	59456	0.0	0.0	0.0	0.0
5539	59456	0.0	0.0	0.0	0.0
5539	59456	0.0	0.0	0.0	0.0
5539	59456	0.0	0.0	0.0	0.0
5539	59456	0.0	0.0	0.0	0.0
5539	59456	0.0	0.0	0.0	0.0
5539	59456	0.0	0.0	0.0	0.0
5539	59456	0.0	0.0	0.0	0.0
5539	59456	0.0	0.0	0.0	0.0
5539	59456	0.0	0.0	0.0	0.0
5539	59456	0.0	0.0	0.0	0.0
5539	59456	0.0	0.0	0.0	0.0
5539	59456	0.0	0.0	0.0	0.0
5539	59456	0.0	0.0	0.0	0.0
5539	59456	0.0	0.0	0.0	0.0
5539	59456	0.0	0.0	0.0	0.0
5539	59456	0.0	0.0	0.0	0.0
5539	59456	0.0	0.0	0.0	0.0
5539	59456	0.0	0.0	0.0	0.0
5539	59456	0.0	0.0	0.0	0.0
5539	59456	0.0	0.0	0.0	0.0
5539	59456	0.0	0.0	0.0	0.0
5539	59456	0.0	0.0	0.0	0.0
5539	59456	0.0	0.0	0.0	0.0
5539	59456	0.0	0.0	0.0	0.0
5539	59456	0.0	0.0	0.0	0.0
5539	59456	0.0	0.0	0.0	0.0
5539	59456	0.0	0.0	0.0	0.0
5539	59456	0.0	0.0	0.0	0.0
5539	59456	0.0	0.0	0.0	0.0
5539	59456	0.0	0.0	0.0	0.0
5539	59456	0.0	0.0	0.0	0.0
5539	59456	0.0	0.0	0.0	0.0
5539	59456	0.0	0.0	0.0	0.0
5539	59461	0.257	0.0	0.0	0.0
5539	59461	0.097	0.073	0.184	0.024
5539	59461	0.08	0.056	0.153	0.136
5539	59461	0.065	0.032	0.048	0.033
5539	59461	0.119	0.017	0.048	0.102
5539	59461	0.12	0.031	0.088	0.089
5539	59461	0.072	0.032	0.088	0.04
5539	59461	0.081	0.023	0.095	0.104
5539	59461	0.096	0.0	0.081	0.096
5539	59461	0.08	0.04	0.056	0.04
5539	59461	0.12	0.032	0.112	0.152
5539	59461	0.112	0.04	0.08	0.072
5539	59461	0.047	0.04	0.072	0.007
5539	59461	0.048	0.081	0.128	0.129
5539	59461	0.08	0.064	0.112	0.144
5539	59461	0.079	0.024	0.056	0.055
5539	59461	0.097	0.048	0.127	0.145
5539	59461	0.08	0.032	0.065	0.048
5539	59461	0.08	0.168	0.248	0.248
5539	59461	0.056	0.016	0.096	0.072
5539	59461	0.113	0.055	0.111	0.168
5539	59461	0.103	0.009	0.122	0.112
5539	59461	0.144	0.024	0.079	0.12
5539	59461	0.095	0.064	0.08	0.031
5539	59461	0.055	0.031	0.064	0.024
5539	59461	0.072	0.041	0.096	0.113
5539	59461	0.064	0.008	0.064	0.056
5539	59461	0.08	0.008	0.056	0.072
5539	59461	0.128	0.008	0.072	0.12
5539	59461	0.128	0.056	0.072	0.072
5539	59461	0.096	0.032	0.096	0.064
5539	59461	0.112	0.032	0.064	0.08
5539	59461	0.121	0.049	0.063	0.072
5539	59461	0.088	0.024	0.145	0.112
5539	59461	0.097	0.007	0.095	0.104
5539	59461	0.08	0.016	0.081	0.064
5539	59461	0.088	0.04	0.04	0.048
5539	59461	0.072	0.024	0.112	0.096
5539	59461	0.105	0.055	0.127	0.16
5539	59461	0.088	0.04	0.065	0.048
5539	59461	0.12	0.008	0.08	0.112
5539	59461	0.104	0.056	0.064	0.048
5539	59461	0.095	0.024	0.08	0.071
5539	59461	0.072	0.017	0.112	0.089
5539	59461	0.064	0.008	0.08	0.072
5539	59461	0.073	0.039	0.103	0.112
5539	59461	0.087	0.016	0.057	0.071
5539	59461	0.128	0.001	0.088	0.129
5539	59461	0.088	0.024	0.104	0.064
5539	59461	0.105	0.015	0.103	0.12
5539	59461	0.104	0.032	0.073	0.072
5539	59461	0.064	0.024	0.08	0.04
5539	59461	0.12	0.04	0.104	0.16
5539	59461	0.096	0.048	0.072	0.048
5539	59461	0.081	0.041	0.055	0.04
5539	59461	0.128	0.048	0.129	0.176
5539	59461	0.065	0.057	0.071	0.008
5539	59461	0.081	0.119	0.184	0.2
5539	59461	0.033	0.255	0.336	0.288
5539	59461	0.032	0.088	0.121	0.12
5539	59461	0.12	0.048	0.08	0.168
5539	59461	0.111	0.064	0.056	0.047
5539	59461	0.073	0.04	0.151	0.113
5539	59461	0.0	0.0	0.0	0.0
5539	59461	0.0	0.0	0.0	0.0
5539	59461	0.0	0.0	0.0	0.0
5539	59461	0.0	0.0	0.0	0.0
5539	59461	0.0	0.0	0.0	0.0
5539	59461	0.0	0.0	0.0	0.0
5539	59461	0.0	0.0	0.0	0.0
