PARTICIPANT_ID	TEST_SECTION_ID	HOLD_LATENCY	INTERKEY_LATENCY	PRESS_LATENCY	RELEASE_LATENCY
5569	59683	0.802	0.0	0.0	0.0
5569	59683	0.134	0.149	0.653	0.015
5569	59683	0.193	0.006	0.128	0.187
5569	59683	0.083	0.089	0.282	0.172
5569	59683	0.207	0.019	0.102	0.226
5569	59683	0.148	0.003	0.21	0.151
5569	59683	0.069	0.388	0.536	0.457
5569	59683	0.07	0.09	0.159	0.16
5569	59683	0.051	0.104	0.174	0.155
5569	59683	0.09	0.081	0.132	0.171
5569	59683	0.196	1.228	1.318	1.424
5569	59683	0.073	0.019	0.215	0.092
5569	59683	0.183	0.02	0.093	0.203
5569	59683	0.08	1.766	1.949	1.846
5569	59683	0.05	1.02	1.1	1.07
5569	59683	0.162	0.02	0.07	0.182
5569	59683	0.11	0.043	0.205	0.153
5569	59683	0.1	0.601	0.711	0.701
5569	59683	0.083	0.119	0.219	0.202
5569	59683	0.131	0.089	0.172	0.22
5569	59683	0.131	0.03	0.161	0.161
5569	59683	0.1	0.03	0.161	0.13
5569	59683	0.15	0.089	0.189	0.239
5569	59683	0.155	0.328	0.478	0.483
5569	59683	0.081	0.005	0.15	0.076
5569	59683	0.17	0.088	0.169	0.258
5569	59683	0.106	0.04	0.21	0.146
5569	59683	0.151	0.31	0.416	0.461
5569	59683	0.084	0.042	0.109	0.042
5569	59683	0.041	0.393	0.477	0.434
5569	59683	0.07	0.09	0.131	0.16
5569	59683	0.073	0.087	0.157	0.16
5569	59683	0.201	0.603	0.676	0.804
5569	59683	0.08	0.194	0.395	0.274
5569	59683	0.152	0.139	0.219	0.291
5569	59683	0.141	0.041	0.111	0.1
5569	59683	0.07	0.069	0.21	0.139
5569	59683	0.096	0.099	0.169	0.195
5569	59683	0.12	0.005	0.091	0.115
5569	59683	0.134	0.022	0.098	0.112
5569	59683	0.102	0.178	0.312	0.28
5569	59683	0.13	0.126	0.228	0.256
5569	59683	0.201	0.505	0.635	0.706
5569	59683	0.0	0.0	0.0	0.0
5569	59683	0.0	0.0	0.0	0.0
5569	59683	0.0	0.0	0.0	0.0
5569	59683	0.0	0.0	0.0	0.0
5569	59683	0.0	0.0	0.0	0.0
5569	59683	0.0	0.0	0.0	0.0
5569	59683	0.0	0.0	0.0	0.0
5569	59683	0.0	0.0	0.0	0.0
5569	59683	0.0	0.0	0.0	0.0
5569	59683	0.0	0.0	0.0	0.0
5569	59683	0.0	0.0	0.0	0.0
5569	59683	0.0	0.0	0.0	0.0
5569	59683	0.0	0.0	0.0	0.0
5569	59683	0.0	0.0	0.0	0.0
5569	59683	0.0	0.0	0.0	0.0
5569	59683	0.0	0.0	0.0	0.0
5569	59683	0.0	0.0	0.0	0.0
5569	59683	0.0	0.0	0.0	0.0
5569	59683	0.0	0.0	0.0	0.0
5569	59683	0.0	0.0	0.0	0.0
5569	59683	0.0	0.0	0.0	0.0
5569	59683	0.0	0.0	0.0	0.0
5569	59683	0.0	0.0	0.0	0.0
5569	59683	0.0	0.0	0.0	0.0
5569	59683	0.0	0.0	0.0	0.0
5569	59683	0.0	0.0	0.0	0.0
5569	59683	0.0	0.0	0.0	0.0
5569	59709	0.239	0.0	0.0	0.0
5569	59709	0.126	0.086	0.153	0.04
5569	59709	0.15	0.268	0.394	0.418
5569	59709	0.08	0.05	0.2	0.13
5569	59709	0.153	0.156	0.236	0.309
5569	59709	0.1	0.029	0.182	0.129
5569	59709	0.155	0.169	0.269	0.324
5569	59709	0.096	0.003	0.158	0.099
5569	59709	0.099	0.07	0.166	0.169
5569	59709	0.088	0.099	0.198	0.187
5569	59709	0.164	0.121	0.209	0.285
5569	59709	0.056	0.003	0.167	0.059
5569	59709	0.129	0.147	0.203	0.276
5569	59709	0.08	0.86	0.989	0.94
5569	59709	0.12	0.07	0.15	0.19
5569	59709	0.1	0.428	0.548	0.528
5569	59709	0.091	1.001	1.101	1.092
5569	59709	0.145	0.593	0.684	0.738
5569	59709	0.135	0.004	0.149	0.139
5569	59709	0.112	0.06	0.195	0.172
5569	59709	0.171	0.166	0.278	0.337
5569	59709	0.076	0.003	0.174	0.079
5569	59709	0.11	0.219	0.295	0.329
5569	59709	0.078	0.218	0.328	0.296
5569	59709	0.021	0.128	0.206	0.149
5569	59709	0.05	0.04	0.061	0.09
5569	59709	0.154	0.198	0.248	0.352
5569	59709	0.047	0.002	0.156	0.049
5569	59709	0.12	0.099	0.146	0.219
5569	59709	0.051	0.538	0.658	0.589
5569	59709	0.05	0.08	0.131	0.13
5569	59709	0.109	0.614	0.664	0.723
5569	59709	0.081	0.04	0.149	0.121
5569	59709	0.11	0.131	0.212	0.241
5569	59709	0.111	0.079	0.189	0.19
5569	59709	0.12	0.139	0.25	0.259
5569	59709	0.08	0.158	0.278	0.238
5569	59709	0.08	0.18	0.26	0.26
5569	59709	0.05	0.07	0.15	0.12
5569	59709	0.189	0.05	0.1	0.239
5569	59709	0.051	0.019	0.208	0.07
5569	59709	0.219	0.089	0.14	0.308
5569	59709	0.129	0.02	0.239	0.149
5569	59709	0.162	1.199	1.328	1.361
5569	59709	0.111	0.032	0.13	0.079
5569	59709	0.07	0.236	0.347	0.306
5569	59709	0.138	0.079	0.149	0.217
5569	59709	0.169	0.684	0.822	0.853
5569	59709	0.091	0.099	0.268	0.19
5569	59709	0.07	0.9	0.991	0.97
5569	59709	0.11	0.059	0.129	0.169
5569	59709	0.17	0.129	0.239	0.299
5569	59709	0.087	0.003	0.173	0.09
5569	59709	0.149	0.099	0.186	0.248
5569	59709	0.082	0.29	0.439	0.372
5569	59709	0.104	0.1	0.182	0.204
5569	59709	0.079	0.473	0.577	0.552
5569	59709	0.071	0.26	0.339	0.331
5569	59709	0.1	0.463	0.534	0.563
5569	59709	0.183	0.04	0.14	0.223
5569	59709	0.132	0.437	0.62	0.569
5569	59709	0.126	0.002	0.134	0.128
5569	59709	0.09	0.397	0.523	0.487
5569	59709	0.079	0.051	0.141	0.13
5569	59709	0.119	0.049	0.128	0.168
5569	59709	0.079	0.57	0.689	0.649
5569	59709	0.16	0.374	0.453	0.534
5569	59709	0.124	0.129	0.289	0.253
5569	59709	0.114	0.128	0.252	0.242
5569	59709	0.103	0.099	0.213	0.202
5569	59742	0.678	0.0	0.0	0.0
5569	59742	0.074	0.044	0.634	0.03
5569	59742	0.175	0.088	0.162	0.263
5569	59742	0.12	0.044	0.131	0.076
5569	59742	0.159	0.089	0.209	0.248
5569	59742	0.174	0.122	0.281	0.296
5569	59742	0.092	0.005	0.169	0.087
5569	59742	0.121	0.117	0.209	0.238
5569	59742	0.183	0.059	0.18	0.242
5569	59742	0.092	0.043	0.14	0.049
5569	59742	0.074	0.097	0.189	0.171
5569	59742	0.171	0.03	0.104	0.201
5569	59742	0.13	0.021	0.15	0.109
5569	59742	0.159	0.355	0.485	0.514
5569	59742	0.048	0.04	0.199	0.088
5569	59742	0.101	0.083	0.131	0.184
5569	59742	0.151	0.039	0.14	0.19
5569	59742	0.084	0.619	0.77	0.703
5569	59742	0.07	0.099	0.183	0.169
5569	59742	0.117	0.633	0.703	0.75
5569	59742	0.169	0.073	0.19	0.242
5569	59742	0.12	0.04	0.209	0.16
5569	59742	0.081	0.146	0.266	0.227
5569	59742	0.119	0.119	0.2	0.238
5569	59742	0.139	0.874	0.993	1.013
5569	59742	0.084	0.073	0.212	0.157
5569	59742	0.14	0.099	0.183	0.239
5569	59742	0.119	0.079	0.219	0.198
5569	59742	0.12	0.099	0.218	0.219
5569	59742	0.169	0.071	0.191	0.24
5569	59742	0.099	0.003	0.172	0.102
5569	59742	0.091	0.217	0.316	0.308
5569	59742	0.09	0.09	0.181	0.18
5569	59742	0.13	0.069	0.159	0.199
5569	59742	0.161	0.069	0.199	0.23
5569	59742	0.069	0.003	0.164	0.072
5569	59742	0.081	0.069	0.138	0.15
5569	59742	0.135	0.119	0.2	0.254
5569	59742	0.153	0.188	0.323	0.341
5569	59742	0.073	0.043	0.11	0.03
5569	59742	0.109	0.121	0.194	0.23
5569	59742	0.12	0.079	0.188	0.199
5569	59742	0.17	0.13	0.25	0.3
5569	59742	0.08	0.089	0.259	0.169
5569	59742	0.182	0.03	0.11	0.212
5569	59742	0.153	0.061	0.121	0.092
5569	59742	0.152	0.25	0.403	0.402
5569	59742	0.094	0.031	0.121	0.063
5569	59742	0.167	0.167	0.261	0.334
5569	59742	0.071	0.087	0.254	0.158
5569	59742	0.147	0.152	0.223	0.299
5569	59742	0.084	0.043	0.104	0.041
5569	59742	0.11	0.097	0.181	0.207
5569	59742	0.08	0.089	0.199	0.169
5569	59742	0.187	0.069	0.149	0.256
5569	59742	0.18	1.643	1.83	1.823
5569	59742	0.128	0.029	0.209	0.157
5569	59742	0.183	0.042	0.17	0.225
5569	59742	0.143	0.032	0.151	0.111
5569	59742	0.07	0.463	0.606	0.533
5569	59742	0.131	0.078	0.148	0.209
5569	59742	0.06	0.06	0.191	0.12
5569	59742	0.07	0.376	0.436	0.446
5569	59742	0.12	0.059	0.129	0.179
5569	59742	0.116	0.117	0.237	0.233
5569	59742	0.121	0.079	0.195	0.2
5569	59742	0.128	0.069	0.19	0.197
5569	59742	0.077	1.715	1.843	1.792
5569	59742	0.181	0.004	0.073	0.177
5569	59742	0.0	0.0	0.0	0.0
5569	59776	0.575	0.0	0.0	0.0
5569	59776	0.145	0.108	0.467	0.037
5569	59776	0.081	0.112	0.257	0.193
5569	59776	0.1	0.118	0.199	0.218
5569	59776	0.109	0.167	0.267	0.276
5569	59776	0.161	0.725	0.834	0.886
5569	59776	0.131	0.029	0.19	0.16
5569	59776	0.109	0.05	0.181	0.159
5569	59776	0.717	0.111	0.22	0.828
5569	59776	0.064	0.084	0.633	0.02
5569	59776	0.175	0.109	0.173	0.284
5569	59776	0.086	0.002	0.177	0.088
5569	59776	0.142	0.171	0.257	0.313
5569	59776	0.1	0.264	0.406	0.364
5569	59776	0.18	0.089	0.189	0.269
5569	59776	0.118	0.288	0.468	0.406
5569	59776	0.12	0.238	0.356	0.358
5569	59776	0.092	1.476	1.596	1.568
5569	59776	0.148	0.021	0.071	0.127
5569	59776	0.129	0.139	0.287	0.268
5569	59776	0.088	0.079	0.208	0.167
5569	59776	0.151	0.645	0.733	0.796
5569	59776	0.17	0.049	0.2	0.219
5569	59776	0.103	0.021	0.149	0.082
5569	59776	0.164	0.933	1.036	1.097
5569	59776	0.09	0.005	0.159	0.085
5569	59776	0.089	0.138	0.228	0.227
5569	59776	0.09	0.07	0.159	0.16
5569	59776	0.153	0.06	0.15	0.213
5569	59776	0.118	0.003	0.156	0.121
5569	59776	0.139	0.633	0.751	0.772
5569	59776	0.133	0.07	0.209	0.203
5569	59776	0.178	0.005	0.128	0.173
5569	59776	0.133	0.043	0.135	0.09
5569	59776	0.162	0.444	0.577	0.606
5569	59776	0.098	0.003	0.165	0.101
5569	59776	0.104	0.063	0.161	0.167
5569	59776	0.118	0.06	0.164	0.178
5569	59776	0.139	0.059	0.177	0.198
5569	59776	0.129	0.005	0.134	0.124
5569	59776	0.153	0.109	0.238	0.262
5569	59776	0.094	0.002	0.155	0.096
5569	59776	0.109	0.505	0.599	0.614
5569	59776	0.173	0.089	0.198	0.262
5569	59776	0.088	0.05	0.223	0.138
5569	59776	0.116	0.089	0.177	0.205
5569	59776	0.083	0.044	0.072	0.039
5569	59776	0.091	0.275	0.358	0.366
5569	59776	0.09	0.595	0.686	0.685
5569	59776	0.131	0.03	0.12	0.161
5569	59776	0.142	0.028	0.159	0.17
5569	59776	0.111	0.021	0.121	0.09
5569	59776	0.127	0.474	0.585	0.601
5569	59776	0.159	0.005	0.122	0.154
5569	59776	0.096	0.003	0.162	0.099
5569	59776	0.1	0.208	0.304	0.308
5569	59776	0.032	0.228	0.328	0.26
5569	59776	0.05	0.149	0.181	0.199
5569	59776	0.1	0.354	0.404	0.454
5569	59776	0.098	0.06	0.16	0.158
5569	59776	0.09	0.517	0.615	0.607
5569	59776	0.089	0.12	0.21	0.209
5569	59776	0.08	0.243	0.332	0.323
5569	59776	0.052	1.048	1.128	1.1
5569	59776	0.149	0.038	0.09	0.187
5569	59776	0.0	0.0	0.0	0.0
5569	59776	0.0	0.0	0.0	0.0
5569	59776	0.0	0.0	0.0	0.0
5569	59776	0.0	0.0	0.0	0.0
5569	59776	0.0	0.0	0.0	0.0
5569	59809	0.271	0.0	0.0	0.0
5569	59809	0.084	0.054	0.217	0.03
5569	59809	0.186	0.082	0.166	0.268
5569	59809	0.142	0.043	0.143	0.099
5569	59809	0.14	0.215	0.357	0.355
5569	59809	0.173	0.139	0.279	0.312
5569	59809	0.154	0.003	0.176	0.157
5569	59809	0.146	0.086	0.068	0.06
5569	59809	0.111	0.444	0.59	0.555
5569	59809	0.118	0.097	0.208	0.215
5569	59809	0.139	0.414	0.532	0.553
5569	59809	0.02	0.04	0.179	0.06
5569	59809	0.131	0.654	0.674	0.785
5569	59809	0.111	0.019	0.15	0.13
5569	59809	0.09	0.098	0.209	0.188
5569	59809	0.11	0.554	0.644	0.664
5569	59809	0.08	0.651	0.761	0.731
5569	59809	0.121	0.061	0.141	0.182
5569	59809	0.099	0.088	0.209	0.187
5569	59809	0.157	0.06	0.159	0.217
5569	59809	0.133	0.054	0.103	0.079
5569	59809	0.092	0.278	0.411	0.37
5569	59809	0.13	0.059	0.151	0.189
5569	59809	0.179	0.089	0.219	0.268
5569	59809	0.098	0.178	0.357	0.276
5569	59809	0.1	0.072	0.17	0.172
5569	59809	0.132	0.039	0.139	0.171
5569	59809	0.113	0.003	0.135	0.116
5569	59809	0.165	0.552	0.665	0.717
5569	59809	0.073	0.043	0.122	0.03
5569	59809	0.156	0.1	0.173	0.256
5569	59809	0.09	0.059	0.215	0.149
5569	59809	0.051	0.099	0.189	0.15
5569	59809	0.041	0.129	0.18	0.17
5569	59809	0.11	0.291	0.332	0.401
5569	59809	0.093	0.069	0.179	0.162
5569	59809	0.149	0.03	0.123	0.179
5569	59809	0.1	0.04	0.189	0.14
5569	59809	0.153	0.365	0.465	0.518
5569	59809	0.161	0.019	0.172	0.18
5569	59809	0.111	0.002	0.163	0.113
5569	59809	0.151	0.004	0.107	0.147
5569	59809	0.093	0.044	0.107	0.049
5569	59809	0.11	1.341	1.434	1.451
5569	59809	0.137	0.05	0.16	0.187
5569	59809	0.1	0.109	0.246	0.209
5569	59809	0.101	0.207	0.307	0.308
5569	59809	0.129	0.06	0.161	0.189
5569	59809	0.094	0.109	0.238	0.203
5569	59809	0.131	0.058	0.152	0.189
5569	59809	0.11	0.059	0.19	0.169
5569	59809	0.075	0.078	0.032	0.003
5569	59809	0.109	0.459	0.534	0.568
5569	59809	0.1	0.314	0.423	0.414
5569	59809	0.111	0.517	0.617	0.628
5569	59809	0.07	0.088	0.199	0.158
5569	59809	0.041	1.937	2.007	1.978
5569	59809	0.159	0.04	0.081	0.199
5569	59809	0.07	6.04	6.199	6.11
5569	59809	0.151	0.615	0.685	0.766
5569	59809	0.0	0.0	0.0	0.0
5569	59809	0.0	0.0	0.0	0.0
5569	59809	0.0	0.0	0.0	0.0
5569	59809	0.0	0.0	0.0	0.0
5569	59809	0.0	0.0	0.0	0.0
5569	59809	0.0	0.0	0.0	0.0
5569	59809	0.0	0.0	0.0	0.0
5569	59809	0.0	0.0	0.0	0.0
5569	59809	0.0	0.0	0.0	0.0
5569	59809	0.0	0.0	0.0	0.0
5569	59846	4.406	0.0	0.0	0.0
5569	59846	0.158	0.098	4.308	0.06
5569	59846	0.09	0.169	0.327	0.259
5569	59846	0.1	0.122	0.212	0.222
5569	59846	0.131	0.049	0.149	0.18
5569	59846	0.15	0.069	0.2	0.219
5569	59846	0.15	0.08	0.23	0.23
5569	59846	0.109	0.069	0.219	0.178
5569	59846	0.119	0.042	0.151	0.161
5569	59846	0.099	0.358	0.477	0.457
5569	59846	0.151	0.06	0.159	0.211
5569	59846	0.074	0.043	0.108	0.031
5569	59846	0.131	0.127	0.201	0.258
5569	59846	0.083	0.267	0.398	0.35
5569	59846	0.108	0.038	0.121	0.146
5569	59846	0.124	0.168	0.276	0.292
5569	59846	0.122	0.477	0.601	0.599
5569	59846	0.17	0.004	0.118	0.166
5569	59846	0.133	0.168	0.338	0.301
5569	59846	0.162	0.062	0.195	0.224
5569	59846	0.137	0.219	0.381	0.356
5569	59846	0.119	0.109	0.246	0.228
5569	59846	0.11	0.079	0.198	0.189
5569	59846	0.07	0.439	0.549	0.509
5569	59846	0.151	0.019	0.089	0.17
5569	59846	0.189	0.138	0.289	0.327
5569	59846	0.083	0.022	0.167	0.061
5569	59846	0.06	0.22	0.303	0.28
5569	59846	0.069	0.069	0.129	0.138
5569	59846	0.149	0.029	0.098	0.178
5569	59846	0.091	0.437	0.586	0.528
5569	59846	0.138	0.128	0.219	0.266
5569	59846	0.101	0.089	0.227	0.19
5569	59846	0.12	0.039	0.14	0.159
5569	59846	0.071	0.128	0.248	0.199
5569	59846	0.05	1.096	1.167	1.146
5569	59846	0.157	0.04	0.09	0.197
5569	59846	0.0	0.0	0.0	0.0
5569	59846	0.0	0.0	0.0	0.0
5569	59846	0.0	0.0	0.0	0.0
5569	59846	0.0	0.0	0.0	0.0
5569	59846	0.0	0.0	0.0	0.0
5569	59846	0.0	0.0	0.0	0.0
5569	59846	0.0	0.0	0.0	0.0
5569	59846	0.0	0.0	0.0	0.0
5569	59846	0.0	0.0	0.0	0.0
5569	59846	0.0	0.0	0.0	0.0
5569	59846	0.0	0.0	0.0	0.0
5569	59846	0.0	0.0	0.0	0.0
5569	59846	0.0	0.0	0.0	0.0
5569	59846	0.0	0.0	0.0	0.0
5569	59846	0.0	0.0	0.0	0.0
5569	59846	0.0	0.0	0.0	0.0
5569	59846	0.0	0.0	0.0	0.0
5569	59846	0.0	0.0	0.0	0.0
5569	59846	0.0	0.0	0.0	0.0
5569	59846	0.0	0.0	0.0	0.0
5569	59846	0.0	0.0	0.0	0.0
5569	59846	0.0	0.0	0.0	0.0
5569	59846	0.0	0.0	0.0	0.0
5569	59846	0.0	0.0	0.0	0.0
5569	59846	0.0	0.0	0.0	0.0
5569	59846	0.0	0.0	0.0	0.0
5569	59846	0.0	0.0	0.0	0.0
5569	59846	0.0	0.0	0.0	0.0
5569	59846	0.0	0.0	0.0	0.0
5569	59846	0.0	0.0	0.0	0.0
5569	59846	0.0	0.0	0.0	0.0
5569	59846	0.0	0.0	0.0	0.0
5569	59846	0.0	0.0	0.0	0.0
5569	59868	0.245	0.0	0.0	0.0
5569	59868	0.105	0.076	0.169	0.029
5569	59868	0.1	0.121	0.226	0.221
5569	59868	0.164	0.05	0.15	0.214
5569	59868	0.122	0.043	0.121	0.079
5569	59868	0.15	0.216	0.338	0.366
5569	59868	0.091	0.04	0.19	0.131
5569	59868	0.145	0.027	0.118	0.172
5569	59868	0.132	0.039	0.184	0.171
5569	59868	0.082	0.304	0.436	0.386
5569	59868	0.148	0.109	0.191	0.257
5569	59868	0.104	0.003	0.145	0.101
5569	59868	0.13	0.05	0.154	0.18
5569	59868	0.119	0.158	0.288	0.277
5569	59868	0.129	0.06	0.179	0.189
5569	59868	0.082	0.032	0.097	0.05
5569	59868	0.139	0.088	0.17	0.227
5569	59868	0.099	0.003	0.142	0.102
5569	59868	0.148	0.358	0.457	0.506
5569	59868	0.093	0.109	0.257	0.202
5569	59868	0.126	0.069	0.162	0.195
5569	59868	0.151	0.083	0.209	0.234
5569	59868	0.157	0.003	0.154	0.16
5569	59868	0.099	0.031	0.188	0.13
5569	59868	0.072	0.119	0.218	0.191
5569	59868	0.118	0.109	0.181	0.227
5569	59868	0.135	0.111	0.229	0.246
5569	59868	0.159	0.251	0.386	0.41
5569	59868	0.09	0.584	0.743	0.674
5569	59868	0.184	0.67	0.76	0.854
5569	59868	0.18	0.022	0.162	0.158
5569	59868	0.109	0.042	0.222	0.151
5569	59868	0.08	0.426	0.535	0.506
5569	59868	0.127	0.071	0.151	0.198
5569	59868	0.14	0.004	0.123	0.136
5569	59868	0.094	0.043	0.097	0.051
5569	59868	0.156	1.036	1.13	1.192
5569	59868	0.13	0.099	0.255	0.229
5569	59868	0.103	0.148	0.278	0.251
5569	59868	0.11	0.039	0.142	0.149
5569	59868	0.079	0.069	0.179	0.148
5569	59868	0.129	0.06	0.139	0.189
5569	59868	0.081	0.15	0.279	0.231
5569	59868	0.101	0.436	0.517	0.537
5569	59868	0.135	0.03	0.131	0.165
5569	59868	0.119	0.088	0.223	0.207
5569	59868	0.099	0.169	0.288	0.268
5569	59868	0.88	0.496	0.595	1.376
5569	59868	0.065	0.085	0.795	0.02
5569	59868	0.0	0.0	0.0	0.0
5569	59868	0.0	0.0	0.0	0.0
5569	59868	0.0	0.0	0.0	0.0
5569	59868	0.0	0.0	0.0	0.0
5569	59868	0.0	0.0	0.0	0.0
5569	59868	0.0	0.0	0.0	0.0
5569	59868	0.0	0.0	0.0	0.0
5569	59868	0.0	0.0	0.0	0.0
5569	59868	0.0	0.0	0.0	0.0
5569	59868	0.0	0.0	0.0	0.0
5569	59868	0.0	0.0	0.0	0.0
5569	59868	0.0	0.0	0.0	0.0
5569	59868	0.0	0.0	0.0	0.0
5569	59868	0.0	0.0	0.0	0.0
5569	59868	0.0	0.0	0.0	0.0
5569	59868	0.0	0.0	0.0	0.0
5569	59868	0.0	0.0	0.0	0.0
5569	59868	0.0	0.0	0.0	0.0
5569	59868	0.0	0.0	0.0	0.0
5569	59868	0.0	0.0	0.0	0.0
5569	59868	0.0	0.0	0.0	0.0
5569	59885	0.257	0.0	0.0	0.0
5569	59885	0.112	0.115	0.142	0.003
5569	59885	0.197	0.098	0.21	0.295
5569	59885	0.1	0.059	0.256	0.159
5569	59885	0.149	0.05	0.15	0.199
5569	59885	0.12	0.169	0.318	0.289
5569	59885	0.172	0.108	0.228	0.28
5569	59885	0.142	0.043	0.129	0.099
5569	59885	0.16	0.53	0.672	0.69
5569	59885	0.147	0.029	0.189	0.176
5569	59885	0.111	0.029	0.176	0.14
5569	59885	0.141	0.059	0.17	0.2
5569	59885	0.138	0.003	0.144	0.141
5569	59885	0.175	0.734	0.872	0.909
5569	59885	0.093	0.054	0.121	0.039
5569	59885	0.074	0.161	0.254	0.235
5569	59885	0.142	0.034	0.04	0.108
5569	59885	0.099	0.109	0.251	0.208
5569	59885	0.083	0.574	0.673	0.657
5569	59885	0.11	0.068	0.151	0.178
5569	59885	0.059	0.11	0.22	0.169
5569	59885	0.171	0.247	0.306	0.418
5569	59885	0.147	0.003	0.174	0.15
5569	59885	0.129	0.079	0.226	0.208
5569	59885	0.102	0.899	1.028	1.001
5569	59885	0.13	0.098	0.2	0.228
5569	59885	0.112	0.012	0.142	0.124
5569	59885	0.15	0.049	0.161	0.199
5569	59885	0.094	0.417	0.567	0.511
5569	59885	0.171	0.029	0.123	0.2
5569	59885	0.081	0.032	0.139	0.049
5569	59885	0.178	0.07	0.151	0.248
5569	59885	0.086	0.158	0.336	0.244
5569	59885	0.163	0.119	0.205	0.282
5569	59885	0.154	0.077	0.24	0.231
5569	59885	0.149	0.228	0.382	0.377
5569	59885	0.051	0.656	0.805	0.707
5569	59885	0.152	0.049	0.1	0.201
5569	59885	0.0	0.0	0.0	0.0
5569	59885	0.0	0.0	0.0	0.0
5569	59885	0.0	0.0	0.0	0.0
5569	59885	0.0	0.0	0.0	0.0
5569	59885	0.0	0.0	0.0	0.0
5569	59885	0.0	0.0	0.0	0.0
5569	59885	0.0	0.0	0.0	0.0
5569	59885	0.0	0.0	0.0	0.0
5569	59885	0.0	0.0	0.0	0.0
5569	59885	0.0	0.0	0.0	0.0
5569	59885	0.0	0.0	0.0	0.0
5569	59885	0.0	0.0	0.0	0.0
5569	59885	0.0	0.0	0.0	0.0
5569	59885	0.0	0.0	0.0	0.0
5569	59885	0.0	0.0	0.0	0.0
5569	59885	0.0	0.0	0.0	0.0
5569	59885	0.0	0.0	0.0	0.0
5569	59885	0.0	0.0	0.0	0.0
5569	59885	0.0	0.0	0.0	0.0
5569	59885	0.0	0.0	0.0	0.0
5569	59885	0.0	0.0	0.0	0.0
5569	59885	0.0	0.0	0.0	0.0
5569	59885	0.0	0.0	0.0	0.0
5569	59885	0.0	0.0	0.0	0.0
5569	59885	0.0	0.0	0.0	0.0
5569	59885	0.0	0.0	0.0	0.0
5569	59885	0.0	0.0	0.0	0.0
5569	59885	0.0	0.0	0.0	0.0
5569	59885	0.0	0.0	0.0	0.0
5569	59885	0.0	0.0	0.0	0.0
5569	59885	0.0	0.0	0.0	0.0
5569	59885	0.0	0.0	0.0	0.0
5569	59896	0.258	0.0	0.0	0.0
5569	59896	0.081	0.022	0.236	0.059
5569	59896	0.202	0.119	0.2	0.321
5569	59896	0.13	0.043	0.159	0.087
5569	59896	0.134	0.059	0.189	0.193
5569	59896	0.08	0.099	0.233	0.179
5569	59896	0.127	0.069	0.149	0.196
5569	59896	0.37	0.07	0.197	0.44
5569	59896	0.217	0.073	0.297	0.144
5569	59896	0.056	0.003	0.22	0.059
5569	59896	0.099	0.305	0.361	0.404
5569	59896	0.137	0.142	0.241	0.279
5569	59896	0.12	0.855	0.992	0.975
5569	59896	0.134	0.089	0.209	0.223
5569	59896	0.16	0.111	0.245	0.271
5569	59896	0.14	0.197	0.357	0.337
5569	59896	0.089	0.337	0.477	0.426
5569	59896	0.119	0.07	0.159	0.189
5569	59896	0.137	0.06	0.179	0.197
5569	59896	0.11	0.049	0.186	0.159
5569	59896	0.149	0.09	0.2	0.239
5569	59896	0.068	0.047	0.196	0.115
5569	59896	0.044	0.047	0.021	0.003
5569	59896	0.081	0.501	0.545	0.582
5569	59896	0.1	0.276	0.357	0.376
5569	59896	0.091	0.061	0.161	0.152
5569	59896	0.168	0.129	0.22	0.297
5569	59896	0.139	0.039	0.207	0.178
5569	59896	0.153	0.546	0.685	0.699
5569	59896	0.093	0.043	0.11	0.05
5569	59896	0.14	0.047	0.14	0.187
5569	59896	0.184	0.383	0.523	0.567
5569	59896	0.088	0.74	0.924	0.828
5569	59896	0.13	0.22	0.308	0.35
5569	59896	0.12	0.096	0.226	0.216
5569	59896	0.1	0.079	0.199	0.179
5569	59896	0.137	0.059	0.159	0.196
5569	59896	0.061	0.35	0.487	0.411
5569	59896	0.091	0.107	0.168	0.198
5569	59896	0.09	0.059	0.15	0.149
5569	59896	0.187	0.039	0.129	0.226
5569	59896	0.041	0.201	0.388	0.242
5569	59896	0.078	0.188	0.229	0.266
5569	59896	0.103	0.541	0.619	0.644
5569	59896	0.08	0.07	0.173	0.15
5569	59896	0.074	0.756	0.836	0.83
5569	59896	0.12	0.433	0.507	0.553
5569	59896	0.155	0.586	0.706	0.741
5569	59896	0.092	0.021	0.134	0.071
5569	59896	0.128	0.091	0.183	0.219
5569	59896	0.158	0.267	0.395	0.425
5569	59896	0.041	0.021	0.137	0.02
5569	59896	0.14	0.198	0.239	0.338
5569	59896	0.129	0.119	0.259	0.248
5569	59896	0.12	0.406	0.535	0.526
5569	59896	0.12	0.383	0.503	0.503
5569	59896	0.183	0.244	0.364	0.427
5569	59896	0.098	0.661	0.844	0.759
5569	59896	0.107	0.05	0.148	0.157
5569	59896	0.115	0.003	0.11	0.118
5569	59896	0.17	0.04	0.155	0.21
5569	59896	0.102	0.073	0.097	0.029
5569	59896	0.134	0.473	0.575	0.607
5569	59896	0.111	0.022	0.112	0.089
5569	59896	0.148	0.413	0.524	0.561
5569	59896	0.096	0.076	0.072	0.02
5569	59896	0.1	0.166	0.262	0.266
5569	59896	0.139	0.053	0.153	0.192
5569	59896	0.169	0.344	0.483	0.513
5569	59896	0.157	0.05	0.219	0.207
5569	59919	0.992	0.0	0.0	0.0
5569	59919	0.091	0.044	0.948	0.047
5569	59919	0.11	0.05	0.141	0.16
5569	59919	0.2	0.188	0.298	0.388
5569	59919	0.082	0.042	0.158	0.04
5569	59919	0.122	0.042	0.124	0.164
5569	59919	0.174	0.384	0.506	0.558
5569	59919	0.083	0.054	0.12	0.029
5569	59919	0.137	0.06	0.143	0.197
5569	59919	0.09	0.112	0.249	0.202
5569	59919	0.11	0.079	0.169	0.189
5569	59919	0.11	0.16	0.27	0.27
5569	59919	0.139	0.069	0.179	0.208
5569	59919	0.139	0.02	0.159	0.159
5569	59919	0.139	0.062	0.201	0.201
5569	59919	0.228	0.059	0.198	0.287
5569	59919	0.188	0.09	0.318	0.278
5569	59919	0.08	0.497	0.685	0.577
5569	59919	0.181	0.039	0.119	0.22
5569	59919	0.129	0.089	0.27	0.218
5569	59919	0.142	0.03	0.159	0.172
5569	59919	0.179	0.033	0.109	0.146
5569	59919	0.08	0.099	0.278	0.179
5569	59919	0.119	0.049	0.129	0.168
5569	59919	0.08	0.049	0.168	0.129
5569	59919	0.119	0.448	0.528	0.567
5569	59919	0.071	0.069	0.188	0.14
5569	59919	0.16	0.077	0.148	0.237
5569	59919	0.08	0.514	0.674	0.594
5569	59919	0.139	0.581	0.661	0.72
5569	59919	0.163	0.089	0.228	0.252
5569	59919	0.218	0.089	0.252	0.307
5569	59919	0.111	0.938	1.156	1.049
5569	59919	0.099	0.109	0.22	0.208
5569	59919	0.178	0.089	0.188	0.267
5569	59919	0.129	0.003	0.181	0.132
5569	59919	0.504	0.385	0.514	0.889
5569	59919	0.086	0.109	0.395	0.023
5569	59919	0.108	0.292	0.378	0.4
5569	59919	0.169	0.029	0.137	0.198
5569	59919	0.171	0.335	0.504	0.506
5569	59919	0.088	0.66	0.831	0.748
5569	59919	0.485	1.11	1.198	1.595
5569	59919	0.168	0.087	0.398	0.081
5569	59919	0.124	0.148	0.316	0.272
5569	59919	0.149	0.004	0.12	0.145
5569	59919	0.071	0.595	0.744	0.666
5569	59919	0.11	0.746	0.817	0.856
5569	59919	0.15	0.118	0.228	0.268
5569	59919	0.094	0.097	0.247	0.191
5569	59919	0.134	0.072	0.166	0.206
5569	59919	0.16	0.09	0.224	0.25
5569	59919	0.148	0.423	0.583	0.571
5569	59919	0.127	0.237	0.385	0.364
5569	59919	0.168	0.297	0.424	0.465
5569	59919	0.086	0.003	0.171	0.089
5569	59919	0.111	0.664	0.75	0.775
5569	59919	0.18	0.079	0.19	0.259
5569	59919	0.17	0.199	0.379	0.369
5569	59919	0.06	0.696	0.866	0.756
5569	59919	0.167	0.059	0.119	0.226
5569	59919	0.0	0.0	0.0	0.0
5569	59919	0.0	0.0	0.0	0.0
5569	59919	0.0	0.0	0.0	0.0
5569	59919	0.0	0.0	0.0	0.0
5569	59919	0.0	0.0	0.0	0.0
5569	59919	0.0	0.0	0.0	0.0
5569	59919	0.0	0.0	0.0	0.0
5569	59919	0.0	0.0	0.0	0.0
5569	59919	0.0	0.0	0.0	0.0
5569	59941	0.377	0.0	0.0	0.0
5569	59941	0.086	0.09	0.287	0.004
5569	59941	0.115	0.069	0.155	0.184
5569	59941	0.127	0.005	0.11	0.122
5569	59941	0.133	0.059	0.186	0.192
5569	59941	0.163	0.247	0.38	0.41
5569	59941	0.173	0.005	0.158	0.168
5569	59941	0.135	0.029	0.202	0.164
5569	59941	0.169	0.005	0.13	0.164
5569	59941	0.151	0.002	0.171	0.153
5569	59941	0.128	0.621	0.772	0.749
5569	59941	0.172	0.029	0.157	0.201
5569	59941	0.09	0.158	0.33	0.248
5569	59941	0.031	0.267	0.357	0.298
5569	59941	0.109	0.516	0.547	0.625
5569	59941	0.159	0.03	0.139	0.189
5569	59941	0.179	0.099	0.258	0.278
5569	59941	0.19	0.26	0.439	0.45
5569	59941	0.13	0.138	0.328	0.268
5569	59941	0.161	0.089	0.219	0.25
5569	59941	0.148	0.003	0.164	0.151
5569	59941	0.182	0.04	0.108	0.142
5569	59941	0.078	0.758	0.94	0.836
5569	59941	0.109	0.201	0.279	0.31
5569	59941	0.153	0.069	0.178	0.222
5569	59941	0.168	0.005	0.148	0.163
5569	59941	0.09	0.119	0.287	0.209
5569	59941	0.12	0.107	0.197	0.227
5569	59941	0.168	0.021	0.141	0.189
5569	59941	0.156	0.109	0.277	0.265
5569	59941	0.187	1.369	1.525	1.556
5569	59941	0.113	0.058	0.129	0.055
5569	59941	0.165	0.005	0.108	0.16
5569	59941	0.128	0.005	0.16	0.123
5569	59941	0.1	0.049	0.177	0.149
5569	59941	0.132	0.079	0.179	0.211
5569	59941	0.154	0.032	0.1	0.122
5569	59941	0.11	0.031	0.123	0.079
5569	59941	0.14	0.586	0.696	0.726
5569	59941	0.103	0.176	0.316	0.279
5569	59941	0.103	0.104	0.207	0.207
5569	59941	0.147	0.069	0.172	0.216
5569	59941	0.173	0.089	0.236	0.262
5569	59941	0.124	0.032	0.141	0.092
5569	59941	0.155	0.049	0.173	0.204
5569	59941	0.1	0.545	0.7	0.645
5569	59941	0.162	0.06	0.16	0.222
5569	59941	0.17	0.043	0.119	0.127
5569	59941	0.829	0.131	0.301	0.96
5569	59941	0.148	0.197	0.632	0.049
5569	59941	0.101	1.198	1.346	1.299
5569	59941	0.181	0.334	0.435	0.515
5569	59941	0.153	0.003	0.184	0.156
5569	59941	0.101	0.387	0.54	0.488
5569	59941	0.139	0.099	0.2	0.238
5569	59941	1.048	0.119	0.258	1.167
5569	59941	0.118	0.268	0.78	0.15
5569	59941	0.179	0.129	0.247	0.308
5569	59941	0.162	0.428	0.607	0.59
5569	59941	0.227	0.02	0.182	0.247
5569	59941	0.091	0.073	0.3	0.164
5569	59941	0.159	0.132	0.223	0.291
5569	59941	0.391	0.107	0.266	0.498
5569	59941	0.083	0.043	0.348	0.04
5569	59941	0.174	0.08	0.163	0.254
5569	59941	0.111	0.003	0.177	0.114
5569	59941	0.186	0.188	0.299	0.374
5569	59941	0.104	0.1	0.286	0.204
5569	59941	0.07	1.673	1.777	1.743
5569	59941	0.071	2.036	2.106	2.107
5569	59967	0.384	0.0	0.0	0.0
5569	59967	0.127	0.098	0.286	0.029
5569	59967	0.111	0.089	0.216	0.2
5569	59967	0.186	0.047	0.158	0.233
5569	59967	0.08	0.003	0.189	0.083
5569	59967	0.117	0.05	0.13	0.167
5569	59967	0.162	0.255	0.372	0.417
5569	59967	0.169	0.07	0.232	0.239
5569	59967	0.119	0.075	0.094	0.044
5569	59967	0.07	0.081	0.2	0.151
5569	59967	0.123	0.039	0.109	0.162
5569	59967	0.164	0.077	0.2	0.241
5569	59967	0.142	0.043	0.121	0.099
5569	59967	0.082	0.098	0.24	0.18
5569	59967	0.145	0.162	0.244	0.307
5569	59967	0.139	0.049	0.194	0.188
5569	59967	0.095	0.227	0.366	0.322
5569	59967	0.123	0.379	0.474	0.502
5569	59967	0.073	0.05	0.173	0.123
5569	59967	0.204	0.561	0.634	0.765
5569	59967	0.097	0.053	0.151	0.044
5569	59967	0.126	0.049	0.146	0.175
5569	59967	0.079	0.235	0.361	0.314
5569	59967	0.152	0.04	0.119	0.192
5569	59967	0.15	0.04	0.192	0.19
5569	59967	0.15	0.07	0.22	0.22
5569	59967	0.051	0.801	0.951	0.852
5569	59967	0.179	0.02	0.071	0.199
5569	59967	0.0	0.0	0.0	0.0
5569	59967	0.0	0.0	0.0	0.0
5569	59967	0.0	0.0	0.0	0.0
5569	59967	0.0	0.0	0.0	0.0
5569	59967	0.0	0.0	0.0	0.0
5569	59967	0.0	0.0	0.0	0.0
5569	59967	0.0	0.0	0.0	0.0
5569	59967	0.0	0.0	0.0	0.0
5569	59967	0.0	0.0	0.0	0.0
5569	59967	0.0	0.0	0.0	0.0
5569	59967	0.0	0.0	0.0	0.0
5569	59967	0.0	0.0	0.0	0.0
5569	59967	0.0	0.0	0.0	0.0
5569	59967	0.0	0.0	0.0	0.0
5569	59967	0.0	0.0	0.0	0.0
5569	59967	0.0	0.0	0.0	0.0
5569	59967	0.0	0.0	0.0	0.0
5569	59967	0.0	0.0	0.0	0.0
5569	59967	0.0	0.0	0.0	0.0
5569	59967	0.0	0.0	0.0	0.0
5569	59967	0.0	0.0	0.0	0.0
5569	59967	0.0	0.0	0.0	0.0
5569	59967	0.0	0.0	0.0	0.0
5569	59967	0.0	0.0	0.0	0.0
5569	59967	0.0	0.0	0.0	0.0
5569	59967	0.0	0.0	0.0	0.0
5569	59967	0.0	0.0	0.0	0.0
5569	59967	0.0	0.0	0.0	0.0
5569	59967	0.0	0.0	0.0	0.0
5569	59967	0.0	0.0	0.0	0.0
5569	59967	0.0	0.0	0.0	0.0
5569	59967	0.0	0.0	0.0	0.0
5569	59967	0.0	0.0	0.0	0.0
5569	59967	0.0	0.0	0.0	0.0
5569	59967	0.0	0.0	0.0	0.0
5569	59967	0.0	0.0	0.0	0.0
5569	59967	0.0	0.0	0.0	0.0
5569	59967	0.0	0.0	0.0	0.0
5569	59967	0.0	0.0	0.0	0.0
5569	59967	0.0	0.0	0.0	0.0
5569	59967	0.0	0.0	0.0	0.0
5569	59967	0.0	0.0	0.0	0.0
5569	59982	0.331	0.0	0.0	0.0
5569	59982	0.09	0.139	0.192	0.049
5569	59982	0.139	0.565	0.655	0.704
5569	59982	0.149	0.03	0.169	0.179
5569	59982	0.11	0.306	0.455	0.416
5569	59982	0.09	0.05	0.16	0.14
5569	59982	0.163	0.029	0.119	0.192
5569	59982	0.133	0.021	0.142	0.112
5569	59982	0.129	0.099	0.232	0.228
5569	59982	0.161	0.02	0.149	0.181
5569	59982	0.066	0.003	0.164	0.069
5569	59982	0.08	0.079	0.145	0.159
5569	59982	0.119	0.089	0.169	0.208
5569	59982	0.094	0.003	0.122	0.097
5569	59982	0.107	0.464	0.558	0.571
5569	59982	0.171	0.003	0.104	0.168
5569	59982	0.156	0.003	0.174	0.159
5569	59982	0.084	0.069	0.225	0.153
5569	59982	0.14	0.03	0.114	0.17
5569	59982	0.08	0.02	0.16	0.1
5569	59982	0.139	0.077	0.157	0.216
5569	59982	0.833	1.274	1.413	2.107
5569	59982	0.084	0.845	1.678	0.929
5569	59982	0.058	0.234	0.318	0.292
5569	59982	0.069	0.654	0.712	0.723
5569	59982	0.071	1.488	1.557	1.559
5569	59982	0.069	0.861	0.932	0.93
5569	59982	0.034	0.822	0.891	0.856
5569	59982	0.064	0.105	0.139	0.169
5569	59982	0.044	0.095	0.159	0.139
5569	59982	0.044	0.096	0.14	0.14
5569	59982	0.064	0.095	0.139	0.159
5569	59982	0.054	0.095	0.159	0.149
5569	59982	0.034	0.105	0.159	0.139
5569	59982	0.016	0.117	0.151	0.133
5569	59982	0.047	0.025	0.041	0.072
5569	59982	0.034	0.213	0.26	0.247
5569	59982	0.12	1.152	1.186	1.272
5569	59982	0.116	0.003	0.123	0.119
5569	59982	0.13	0.516	0.632	0.646
5569	59982	0.169	0.021	0.109	0.148
5569	59982	0.086	0.117	0.052	0.031
5569	59982	0.149	0.11	0.196	0.259
5569	59982	0.119	0.327	0.476	0.446
5569	59982	0.051	0.7	0.819	0.751
5569	59982	0.169	0.069	0.12	0.238
5569	59982	0.318	0.116	0.285	0.434
5569	59982	0.06	0.099	0.219	0.039
5569	59982	0.11	0.759	0.819	0.869
5569	59982	0.06	0.324	0.434	0.384
5569	59982	0.08	0.063	0.123	0.143
5569	59982	0.227	0.049	0.129	0.276
5569	59982	0.09	0.873	1.1	0.963
5569	59982	0.19	0.098	0.188	0.288
5569	59982	0.091	0.752	0.942	0.843
5569	59982	0.07	0.543	0.634	0.613
5569	59982	0.13	0.059	0.129	0.189
5569	59982	0.08	0.069	0.199	0.149
5569	59982	0.115	0.188	0.268	0.303
5569	59982	0.128	0.005	0.11	0.123
5569	59982	0.134	0.03	0.158	0.164
5569	59982	0.069	0.277	0.411	0.346
5569	59982	0.089	0.04	0.109	0.129
5569	59982	0.119	0.03	0.119	0.149
5569	59982	0.115	0.07	0.189	0.185
5569	59982	0.09	0.526	0.641	0.616
5569	59982	0.081	0.217	0.307	0.298
5569	59982	0.157	0.39	0.471	0.547
5569	59982	0.06	0.404	0.561	0.464
5569	59982	0.2	0.019	0.079	0.219
5569	60011	0.316	0.0	0.0	0.0
5569	60011	0.083	0.087	0.229	0.004
5569	60011	0.07	0.122	0.205	0.192
5569	60011	0.15	0.03	0.1	0.18
5569	60011	0.136	0.003	0.153	0.139
5569	60011	0.071	0.196	0.332	0.267
5569	60011	0.119	0.03	0.101	0.149
5569	60011	0.187	0.145	0.264	0.332
5569	60011	0.104	0.021	0.166	0.083
5569	60011	0.108	0.049	0.153	0.157
5569	60011	0.148	0.415	0.523	0.563
5569	60011	0.106	0.042	0.19	0.148
5569	60011	0.101	0.089	0.195	0.19
5569	60011	0.108	0.06	0.161	0.168
5569	60011	0.15	0.03	0.138	0.18
5569	60011	0.11	0.04	0.19	0.15
5569	60011	0.172	0.378	0.488	0.55
5569	60011	0.104	0.003	0.175	0.107
5569	60011	0.119	0.208	0.312	0.327
5569	60011	0.164	0.156	0.275	0.32
5569	60011	0.1	0.049	0.213	0.149
5569	60011	0.141	0.383	0.483	0.524
5569	60011	0.157	0.039	0.18	0.196
5569	60011	0.082	0.032	0.125	0.05
5569	60011	0.08	0.118	0.2	0.198
5569	60011	0.137	0.06	0.14	0.197
5569	60011	0.082	0.296	0.433	0.378
5569	60011	0.134	0.097	0.179	0.231
5569	60011	0.139	0.005	0.129	0.134
5569	60011	0.093	0.032	0.107	0.061
5569	60011	0.149	0.05	0.143	0.199
5569	60011	0.224	0.326	0.475	0.55
5569	60011	0.074	0.054	0.17	0.02
5569	60011	0.14	0.069	0.143	0.209
5569	60011	0.088	0.139	0.279	0.227
5569	60011	0.054	0.167	0.255	0.221
5569	60011	0.1	0.506	0.56	0.606
5569	60011	0.145	0.079	0.179	0.224
5569	60011	0.09	0.003	0.148	0.093
5569	60011	0.1	0.128	0.218	0.228
5569	60011	0.115	0.067	0.167	0.182
5569	60011	0.141	0.158	0.273	0.299
5569	60011	0.07	0.077	0.218	0.147
5569	60011	0.071	0.206	0.276	0.277
5569	60011	0.021	0.079	0.15	0.1
5569	60011	0.202	0.057	0.078	0.259
5569	60011	0.11	0.551	0.753	0.661
5569	60011	0.133	0.05	0.16	0.183
5569	60011	0.089	0.003	0.136	0.092
5569	60011	0.146	0.266	0.355	0.412
5569	60011	0.08	0.099	0.245	0.179
5569	60011	0.14	0.06	0.14	0.2
5569	60011	0.081	0.121	0.261	0.202
5569	60011	0.13	0.108	0.189	0.238
5569	60011	0.173	0.207	0.337	0.38
5569	60011	0.067	0.003	0.176	0.07
5569	60011	0.06	0.329	0.396	0.389
5569	60011	0.194	0.06	0.12	0.254
5569	60011	0.084	0.894	1.088	0.978
5569	60011	0.159	0.006	0.078	0.153
5569	60011	0.0	0.0	0.0	0.0
5569	60011	0.0	0.0	0.0	0.0
5569	60011	0.0	0.0	0.0	0.0
5569	60011	0.0	0.0	0.0	0.0
5569	60011	0.0	0.0	0.0	0.0
5569	60011	0.0	0.0	0.0	0.0
5569	60011	0.0	0.0	0.0	0.0
5569	60011	0.0	0.0	0.0	0.0
5569	60011	0.0	0.0	0.0	0.0
5569	60011	0.0	0.0	0.0	0.0
5569	60027	0.382	0.0	0.0	0.0
5569	60027	0.206	0.086	0.296	0.12
5569	60027	0.164	0.177	0.383	0.341
5569	60027	0.092	0.033	0.131	0.059
5569	60027	0.1	0.079	0.171	0.179
5569	60027	0.108	0.108	0.208	0.216
5569	60027	0.109	1.022	1.13	1.131
5569	60027	0.119	0.06	0.169	0.179
5569	60027	0.163	0.238	0.357	0.401
5569	60027	0.13	0.059	0.222	0.189
5569	60027	0.083	0.655	0.785	0.738
5569	60027	0.125	0.051	0.134	0.176
5569	60027	0.103	0.187	0.312	0.29
5569	60027	0.107	0.089	0.192	0.196
5569	60027	0.096	0.117	0.224	0.213
5569	60027	0.081	0.109	0.205	0.19
5569	60027	0.096	0.019	0.1	0.115
5569	60027	0.1	0.642	0.738	0.742
5569	60027	0.091	0.158	0.258	0.249
5569	60027	0.099	0.038	0.129	0.137
5569	60027	0.13	0.049	0.148	0.179
5569	60027	0.071	0.721	0.851	0.792
5569	60027	0.091	0.197	0.268	0.288
5569	60027	0.151	0.089	0.18	0.24
5569	60027	0.078	0.808	0.959	0.886
5569	60027	0.121	0.06	0.138	0.181
5569	60027	0.062	0.651	0.772	0.713
5569	60027	0.123	0.06	0.122	0.183
5569	60027	0.119	0.05	0.173	0.169
5569	60027	0.14	0.03	0.149	0.17
5569	60027	0.13	0.043	0.097	0.087
5569	60027	0.071	0.698	0.828	0.769
5569	60027	0.118	0.109	0.18	0.227
5569	60027	0.061	0.119	0.237	0.18
5569	60027	0.067	0.041	0.102	0.108
5569	60027	0.171	0.13	0.197	0.301
5569	60027	0.15	0.088	0.259	0.238
5569	60027	0.118	0.099	0.249	0.217
5569	60027	0.072	0.457	0.575	0.529
5569	60027	0.101	0.109	0.181	0.21
5569	60027	0.14	0.442	0.543	0.582
5569	60027	0.063	0.129	0.269	0.192
5569	60027	0.15	0.04	0.103	0.19
5569	60027	0.06	3.209	3.359	3.269
5569	60027	0.075	0.413	0.473	0.488
5569	60027	0.152	0.15	0.225	0.302
5569	60027	0.051	0.383	0.535	0.434
5569	60027	0.146	0.04	0.091	0.186
5569	60027	0.0	0.0	0.0	0.0
5569	60027	0.0	0.0	0.0	0.0
5569	60027	0.0	0.0	0.0	0.0
5569	60027	0.0	0.0	0.0	0.0
5569	60027	0.0	0.0	0.0	0.0
5569	60027	0.0	0.0	0.0	0.0
5569	60027	0.0	0.0	0.0	0.0
5569	60027	0.0	0.0	0.0	0.0
5569	60027	0.0	0.0	0.0	0.0
5569	60027	0.0	0.0	0.0	0.0
5569	60027	0.0	0.0	0.0	0.0
5569	60027	0.0	0.0	0.0	0.0
5569	60027	0.0	0.0	0.0	0.0
5569	60027	0.0	0.0	0.0	0.0
5569	60027	0.0	0.0	0.0	0.0
5569	60027	0.0	0.0	0.0	0.0
5569	60027	0.0	0.0	0.0	0.0
5569	60027	0.0	0.0	0.0	0.0
5569	60027	0.0	0.0	0.0	0.0
5569	60027	0.0	0.0	0.0	0.0
5569	60027	0.0	0.0	0.0	0.0
5569	60027	0.0	0.0	0.0	0.0
