PARTICIPANT_ID	TEST_SECTION_ID	HOLD_LATENCY	INTERKEY_LATENCY	PRESS_LATENCY	RELEASE_LATENCY
5929	63889	0.248	0.0	0.0	0.0
5929	63889	0.081	0.081	0.167	0.0
5929	63889	0.112	0.128	0.209	0.24
5929	63889	0.072	0.992	1.104	1.064
5929	63889	0.072	0.087	0.159	0.159
5929	63889	0.08	0.144	0.216	0.224
5929	63889	0.088	0.096	0.176	0.184
5929	63889	0.096	0.096	0.184	0.192
5929	63889	0.12	0.08	0.176	0.2
5929	63889	0.119	0.001	0.121	0.12
5929	63889	0.096	0.04	0.159	0.136
5929	63889	0.102	0.002	0.098	0.104
5929	63889	0.112	0.072	0.174	0.184
5929	63889	0.08	0.024	0.088	0.056
5929	63889	0.08	0.072	0.152	0.152
5929	63889	0.12	0.048	0.128	0.168
5929	63889	0.056	0.064	0.184	0.12
5929	63889	0.143	0.097	0.153	0.24
5929	63889	0.072	0.664	0.807	0.736
5929	63889	0.132	0.097	0.169	0.229
5929	63889	0.104	0.019	0.151	0.123
5929	63889	0.088	0.208	0.312	0.296
5929	63889	0.151	0.097	0.185	0.248
5929	63889	0.063	0.057	0.208	0.12
5929	63889	0.08	0.072	0.135	0.152
5929	63889	0.08	0.096	0.176	0.176
5929	63889	0.096	1.048	1.128	1.144
5929	63889	0.0	0.0	0.0	0.0
5929	63889	0.0	0.0	0.0	0.0
5929	63889	0.0	0.0	0.0	0.0
5929	63889	0.0	0.0	0.0	0.0
5929	63889	0.0	0.0	0.0	0.0
5929	63889	0.0	0.0	0.0	0.0
5929	63889	0.0	0.0	0.0	0.0
5929	63889	0.0	0.0	0.0	0.0
5929	63889	0.0	0.0	0.0	0.0
5929	63889	0.0	0.0	0.0	0.0
5929	63889	0.0	0.0	0.0	0.0
5929	63889	0.0	0.0	0.0	0.0
5929	63889	0.0	0.0	0.0	0.0
5929	63889	0.0	0.0	0.0	0.0
5929	63889	0.0	0.0	0.0	0.0
5929	63889	0.0	0.0	0.0	0.0
5929	63889	0.0	0.0	0.0	0.0
5929	63889	0.0	0.0	0.0	0.0
5929	63889	0.0	0.0	0.0	0.0
5929	63889	0.0	0.0	0.0	0.0
5929	63889	0.0	0.0	0.0	0.0
5929	63889	0.0	0.0	0.0	0.0
5929	63889	0.0	0.0	0.0	0.0
5929	63889	0.0	0.0	0.0	0.0
5929	63889	0.0	0.0	0.0	0.0
5929	63889	0.0	0.0	0.0	0.0
5929	63889	0.0	0.0	0.0	0.0
5929	63889	0.0	0.0	0.0	0.0
5929	63889	0.0	0.0	0.0	0.0
5929	63889	0.0	0.0	0.0	0.0
5929	63889	0.0	0.0	0.0	0.0
5929	63889	0.0	0.0	0.0	0.0
5929	63889	0.0	0.0	0.0	0.0
5929	63889	0.0	0.0	0.0	0.0
5929	63889	0.0	0.0	0.0	0.0
5929	63889	0.0	0.0	0.0	0.0
5929	63889	0.0	0.0	0.0	0.0
5929	63889	0.0	0.0	0.0	0.0
5929	63889	0.0	0.0	0.0	0.0
5929	63889	0.0	0.0	0.0	0.0
5929	63889	0.0	0.0	0.0	0.0
5929	63889	0.0	0.0	0.0	0.0
5929	63889	0.0	0.0	0.0	0.0
5929	63899	0.16	0.0	0.0	0.0
5929	63899	0.08	0.048	0.112	0.032
5929	63899	0.104	0.128	0.208	0.232
5929	63899	0.096	0.104	0.208	0.2
5929	63899	0.095	0.081	0.177	0.176
5929	63899	0.256	0.84	0.935	1.096
5929	63899	0.08	0.112	0.144	0.032
5929	63899	0.104	0.176	0.256	0.28
5929	63899	0.079	0.321	0.425	0.4
5929	63899	0.064	0.112	0.191	0.176
5929	63899	0.08	0.424	0.488	0.504
5929	63899	0.088	0.088	0.168	0.176
5929	63899	0.088	0.112	0.2	0.2
5929	63899	0.088	0.144	0.232	0.232
5929	63899	0.12	0.064	0.152	0.184
5929	63899	0.104	0.104	0.224	0.208
5929	63899	0.08	0.272	0.376	0.352
5929	63899	0.096	0.152	0.232	0.248
5929	63899	0.096	0.272	0.368	0.368
5929	63899	0.104	0.048	0.144	0.152
5929	63899	0.103	0.353	0.457	0.456
5929	63899	0.096	0.096	0.199	0.192
5929	63899	0.072	0.08	0.176	0.152
5929	63899	0.088	0.192	0.264	0.28
5929	63899	0.096	0.064	0.152	0.16
5929	63899	0.056	0.328	0.424	0.384
5929	63899	0.088	0.04	0.096	0.128
5929	63899	0.064	0.44	0.528	0.504
5929	63899	0.104	0.128	0.192	0.232
5929	63899	0.08	0.328	0.432	0.408
5929	63899	0.088	0.08	0.16	0.168
5929	63899	0.096	0.432	0.52	0.528
5929	63899	0.08	0.088	0.184	0.168
5929	63899	0.096	0.136	0.216	0.232
5929	63899	0.12	0.168	0.264	0.288
5929	63899	0.072	0.12	0.24	0.192
5929	63899	0.216	0.672	0.744	0.888
5929	63899	0.08	0.104	0.112	0.024
5929	63899	0.0	0.0	0.0	0.0
5929	63899	0.0	0.0	0.0	0.0
5929	63899	0.0	0.0	0.0	0.0
5929	63899	0.0	0.0	0.0	0.0
5929	63899	0.0	0.0	0.0	0.0
5929	63899	0.0	0.0	0.0	0.0
5929	63899	0.0	0.0	0.0	0.0
5929	63899	0.0	0.0	0.0	0.0
5929	63899	0.0	0.0	0.0	0.0
5929	63899	0.0	0.0	0.0	0.0
5929	63899	0.0	0.0	0.0	0.0
5929	63899	0.0	0.0	0.0	0.0
5929	63899	0.0	0.0	0.0	0.0
5929	63899	0.0	0.0	0.0	0.0
5929	63899	0.0	0.0	0.0	0.0
5929	63899	0.0	0.0	0.0	0.0
5929	63899	0.0	0.0	0.0	0.0
5929	63899	0.0	0.0	0.0	0.0
5929	63899	0.0	0.0	0.0	0.0
5929	63899	0.0	0.0	0.0	0.0
5929	63899	0.0	0.0	0.0	0.0
5929	63899	0.0	0.0	0.0	0.0
5929	63899	0.0	0.0	0.0	0.0
5929	63899	0.0	0.0	0.0	0.0
5929	63899	0.0	0.0	0.0	0.0
5929	63899	0.0	0.0	0.0	0.0
5929	63899	0.0	0.0	0.0	0.0
5929	63899	0.0	0.0	0.0	0.0
5929	63899	0.0	0.0	0.0	0.0
5929	63899	0.0	0.0	0.0	0.0
5929	63899	0.0	0.0	0.0	0.0
5929	63899	0.0	0.0	0.0	0.0
5929	63913	0.256	0.0	0.0	0.0
5929	63913	0.088	0.064	0.192	0.024
5929	63913	0.096	0.088	0.176	0.184
5929	63913	0.072	0.032	0.128	0.104
5929	63913	0.088	0.024	0.096	0.112
5929	63913	0.088	0.096	0.184	0.184
5929	63913	0.112	0.016	0.072	0.096
5929	63913	0.096	0.056	0.168	0.152
5929	63913	0.096	0.024	0.12	0.12
5929	63913	0.112	0.048	0.144	0.16
5929	63913	0.096	0.232	0.344	0.328
5929	63913	0.112	0.072	0.168	0.184
5929	63913	0.096	0.08	0.192	0.176
5929	63913	0.096	0.048	0.144	0.144
5929	63913	0.096	0.048	0.144	0.144
5929	63913	0.072	0.184	0.28	0.256
5929	63913	0.063	0.201	0.273	0.264
5929	63913	0.056	0.112	0.175	0.168
5929	63913	0.088	0.088	0.144	0.176
5929	63913	0.072	0.056	0.144	0.128
5929	63913	0.081	0.056	0.128	0.137
5929	63913	0.081	0.423	0.504	0.504
5929	63913	0.088	0.103	0.184	0.191
5929	63913	0.08	0.056	0.144	0.136
5929	63913	0.12	0.104	0.184	0.224
5929	63913	0.08	0.12	0.24	0.2
5929	63913	0.088	0.12	0.2	0.208
5929	63913	0.103	0.625	0.713	0.728
5929	63913	0.064	0.352	0.455	0.416
5929	63913	0.058	0.088	0.152	0.146
5929	63913	0.096	0.126	0.184	0.222
5929	63913	0.08	0.136	0.232	0.216
5929	63913	0.088	0.136	0.216	0.224
5929	63913	0.072	0.248	0.336	0.32
5929	63913	0.0	0.0	0.0	0.0
5929	63913	0.0	0.0	0.0	0.0
5929	63913	0.0	0.0	0.0	0.0
5929	63913	0.0	0.0	0.0	0.0
5929	63913	0.0	0.0	0.0	0.0
5929	63913	0.0	0.0	0.0	0.0
5929	63913	0.0	0.0	0.0	0.0
5929	63913	0.0	0.0	0.0	0.0
5929	63913	0.0	0.0	0.0	0.0
5929	63913	0.0	0.0	0.0	0.0
5929	63913	0.0	0.0	0.0	0.0
5929	63913	0.0	0.0	0.0	0.0
5929	63913	0.0	0.0	0.0	0.0
5929	63913	0.0	0.0	0.0	0.0
5929	63913	0.0	0.0	0.0	0.0
5929	63913	0.0	0.0	0.0	0.0
5929	63913	0.0	0.0	0.0	0.0
5929	63913	0.0	0.0	0.0	0.0
5929	63913	0.0	0.0	0.0	0.0
5929	63913	0.0	0.0	0.0	0.0
5929	63913	0.0	0.0	0.0	0.0
5929	63913	0.0	0.0	0.0	0.0
5929	63913	0.0	0.0	0.0	0.0
5929	63913	0.0	0.0	0.0	0.0
5929	63913	0.0	0.0	0.0	0.0
5929	63913	0.0	0.0	0.0	0.0
5929	63913	0.0	0.0	0.0	0.0
5929	63913	0.0	0.0	0.0	0.0
5929	63913	0.0	0.0	0.0	0.0
5929	63913	0.0	0.0	0.0	0.0
5929	63913	0.0	0.0	0.0	0.0
5929	63913	0.0	0.0	0.0	0.0
5929	63913	0.0	0.0	0.0	0.0
5929	63913	0.0	0.0	0.0	0.0
5929	63913	0.0	0.0	0.0	0.0
5929	63913	0.0	0.0	0.0	0.0
5929	63924	0.519	0.0	0.0	0.0
5929	63924	0.081	0.08	0.439	0.001
5929	63924	0.088	0.231	0.312	0.319
5929	63924	0.08	0.24	0.328	0.32
5929	63924	0.128	0.12	0.2	0.248
5929	63924	0.072	0.12	0.248	0.192
5929	63924	0.088	0.352	0.424	0.44
5929	63924	0.096	0.112	0.2	0.208
5929	63924	0.088	0.072	0.168	0.16
5929	63924	0.112	0.064	0.152	0.176
5929	63924	0.104	0.112	0.224	0.216
5929	63924	0.088	0.032	0.136	0.12
5929	63924	0.096	0.056	0.144	0.152
5929	63924	0.088	0.056	0.152	0.144
5929	63924	0.224	0.392	0.48	0.616
5929	63924	0.088	0.087	0.137	0.001
5929	63924	0.08	0.087	0.175	0.167
5929	63924	0.072	0.152	0.232	0.224
5929	63924	0.088	0.112	0.184	0.2
5929	63924	0.064	0.712	0.8	0.776
5929	63924	0.096	0.16	0.224	0.256
5929	63924	0.072	0.104	0.2	0.176
5929	63924	0.096	0.112	0.184	0.208
5929	63924	0.072	0.104	0.2	0.176
5929	63924	0.096	0.072	0.144	0.168
5929	63924	0.08	0.112	0.208	0.192
5929	63924	0.088	0.104	0.184	0.192
5929	63924	0.072	0.096	0.184	0.168
5929	63924	0.096	0.12	0.192	0.216
5929	63924	0.104	0.032	0.128	0.136
5929	63924	0.08	0.024	0.128	0.104
5929	63924	0.087	0.025	0.105	0.112
5929	63924	0.079	0.001	0.088	0.08
5929	63924	0.096	0.016	0.095	0.112
5929	63924	0.103	0.401	0.497	0.504
5929	63924	0.135	0.081	0.184	0.216
5929	63924	0.08	0.152	0.287	0.232
5929	63924	0.088	0.144	0.224	0.232
5929	63924	0.087	0.185	0.273	0.272
5929	63924	0.088	0.256	0.343	0.344
5929	63924	0.088	0.064	0.152	0.152
5929	63924	0.096	0.08	0.168	0.176
5929	63924	0.088	0.176	0.272	0.264
5929	63924	0.096	0.136	0.224	0.232
5929	63924	0.112	0.152	0.248	0.264
5929	63924	0.08	0.128	0.24	0.208
5929	63924	0.104	0.168	0.248	0.272
5929	63924	0.112	0.056	0.16	0.168
5929	63924	0.12	0.08	0.192	0.2
5929	63924	0.072	0.0	0.12	0.072
5929	63924	0.072	0.064	0.136	0.136
5929	63924	0.104	0.0	0.072	0.104
5929	63924	0.08	0.544	0.648	0.624
5929	63924	0.096	0.288	0.368	0.384
5929	63924	0.12	0.104	0.2	0.224
5929	63924	0.079	0.041	0.161	0.12
5929	63924	0.103	0.105	0.184	0.208
5929	63924	0.096	0.064	0.167	0.16
5929	63924	0.072	0.096	0.192	0.168
5929	63924	0.096	0.104	0.176	0.2
5929	63924	0.096	0.208	0.304	0.304
5929	63924	0.112	0.064	0.16	0.176
5929	63924	0.096	0.232	0.344	0.328
5929	63924	0.072	0.096	0.192	0.168
5929	63924	0.112	0.064	0.136	0.176
5929	63924	0.056	0.192	0.304	0.248
5929	63924	0.032	0.152	0.208	0.184
5929	63924	0.073	0.728	0.76	0.801
5929	63924	0.096	0.159	0.232	0.255
5929	63924	0.048	0.152	0.248	0.2
5929	63944	0.272	0.0	0.0	0.0
5929	63944	0.096	0.056	0.216	0.04
5929	63944	0.056	0.328	0.424	0.384
5929	63944	0.072	0.248	0.304	0.32
5929	63944	0.056	0.104	0.176	0.16
5929	63944	0.08	0.088	0.144	0.168
5929	63944	0.088	0.096	0.176	0.184
5929	63944	0.128	0.048	0.136	0.176
5929	63944	0.064	0.0	0.128	0.064
5929	63944	0.095	0.033	0.097	0.128
5929	63944	0.072	0.032	0.127	0.104
5929	63944	0.096	0.056	0.128	0.152
5929	63944	0.064	0.096	0.192	0.16
5929	63944	0.12	0.272	0.336	0.392
5929	63944	0.104	0.136	0.256	0.24
5929	63944	0.08	0.016	0.12	0.096
5929	63944	0.096	0.064	0.144	0.16
5929	63944	0.072	0.08	0.176	0.152
5929	63944	0.08	0.104	0.176	0.184
5929	63944	0.104	0.088	0.168	0.192
5929	63944	0.08	0.024	0.128	0.104
5929	63944	0.103	0.409	0.489	0.512
5929	63944	0.0	0.0	0.0	0.0
5929	63944	0.0	0.0	0.0	0.0
5929	63944	0.0	0.0	0.0	0.0
5929	63944	0.0	0.0	0.0	0.0
5929	63944	0.0	0.0	0.0	0.0
5929	63944	0.0	0.0	0.0	0.0
5929	63944	0.0	0.0	0.0	0.0
5929	63944	0.0	0.0	0.0	0.0
5929	63944	0.0	0.0	0.0	0.0
5929	63944	0.0	0.0	0.0	0.0
5929	63944	0.0	0.0	0.0	0.0
5929	63944	0.0	0.0	0.0	0.0
5929	63944	0.0	0.0	0.0	0.0
5929	63944	0.0	0.0	0.0	0.0
5929	63944	0.0	0.0	0.0	0.0
5929	63944	0.0	0.0	0.0	0.0
5929	63944	0.0	0.0	0.0	0.0
5929	63944	0.0	0.0	0.0	0.0
5929	63944	0.0	0.0	0.0	0.0
5929	63944	0.0	0.0	0.0	0.0
5929	63944	0.0	0.0	0.0	0.0
5929	63944	0.0	0.0	0.0	0.0
5929	63944	0.0	0.0	0.0	0.0
5929	63944	0.0	0.0	0.0	0.0
5929	63944	0.0	0.0	0.0	0.0
5929	63944	0.0	0.0	0.0	0.0
5929	63944	0.0	0.0	0.0	0.0
5929	63944	0.0	0.0	0.0	0.0
5929	63944	0.0	0.0	0.0	0.0
5929	63944	0.0	0.0	0.0	0.0
5929	63944	0.0	0.0	0.0	0.0
5929	63944	0.0	0.0	0.0	0.0
5929	63944	0.0	0.0	0.0	0.0
5929	63944	0.0	0.0	0.0	0.0
5929	63944	0.0	0.0	0.0	0.0
5929	63944	0.0	0.0	0.0	0.0
5929	63944	0.0	0.0	0.0	0.0
5929	63944	0.0	0.0	0.0	0.0
5929	63944	0.0	0.0	0.0	0.0
5929	63944	0.0	0.0	0.0	0.0
5929	63944	0.0	0.0	0.0	0.0
5929	63944	0.0	0.0	0.0	0.0
5929	63944	0.0	0.0	0.0	0.0
5929	63944	0.0	0.0	0.0	0.0
5929	63944	0.0	0.0	0.0	0.0
5929	63944	0.0	0.0	0.0	0.0
5929	63944	0.0	0.0	0.0	0.0
5929	63944	0.0	0.0	0.0	0.0
5929	63949	0.168	0.0	0.0	0.0
5929	63949	0.072	0.056	0.112	0.016
5929	63949	0.088	0.088	0.16	0.176
5929	63949	0.08	0.32	0.408	0.4
5929	63949	0.104	0.352	0.432	0.456
5929	63949	0.095	0.169	0.273	0.264
5929	63949	0.095	0.113	0.208	0.208
5929	63949	0.104	0.024	0.119	0.128
5929	63949	0.104	0.264	0.368	0.368
5929	63949	0.072	0.112	0.216	0.184
5929	63949	0.088	0.104	0.176	0.192
5929	63949	0.072	0.352	0.44	0.424
5929	63949	0.08	0.128	0.2	0.208
5929	63949	0.071	0.073	0.153	0.144
5929	63949	0.08	0.12	0.191	0.2
5929	63949	0.072	0.128	0.208	0.2
5929	63949	0.096	0.104	0.176	0.2
5929	63949	0.136	0.168	0.264	0.304
5929	63949	0.08	0.04	0.096	0.04
5929	63949	0.096	0.112	0.192	0.208
5929	63949	0.072	0.056	0.152	0.128
5929	63949	0.064	0.28	0.352	0.344
5929	63949	0.064	0.08	0.144	0.144
5929	63949	0.08	0.176	0.24	0.256
5929	63949	0.104	0.392	0.472	0.496
5929	63949	0.096	0.08	0.184	0.176
5929	63949	0.08	0.168	0.264	0.248
5929	63949	0.088	0.072	0.152	0.16
5929	63949	0.096	0.096	0.184	0.192
5929	63949	0.08	0.12	0.216	0.2
5929	63949	0.104	0.048	0.128	0.152
5929	63949	0.064	0.088	0.192	0.152
5929	63949	0.064	0.112	0.176	0.176
5929	63949	0.128	0.112	0.176	0.24
5929	63949	0.08	0.024	0.152	0.104
5929	63949	0.088	0.048	0.128	0.136
5929	63949	0.088	0.08	0.168	0.168
5929	63949	0.088	0.096	0.184	0.184
5929	63949	0.088	0.056	0.144	0.144
5929	63949	0.112	0.032	0.12	0.144
5929	63949	0.072	0.184	0.296	0.256
5929	63949	0.097	0.112	0.184	0.209
5929	63949	0.08	0.375	0.472	0.455
5929	63949	0.104	0.128	0.208	0.232
5929	63949	0.088	0.056	0.16	0.144
5929	63949	0.08	0.032	0.12	0.112
5929	63949	0.088	0.016	0.096	0.104
5929	63949	0.104	0.016	0.104	0.12
5929	63949	0.08	0.736	0.84	0.816
5929	63949	0.112	0.048	0.128	0.16
5929	63949	0.064	0.16	0.272	0.224
5929	63949	0.08	0.312	0.376	0.392
5929	63949	0.08	0.08	0.16	0.16
5929	63949	0.112	0.256	0.336	0.368
5929	63949	0.096	0.184	0.296	0.28
5929	63949	0.112	0.088	0.184	0.2
5929	63949	0.072	0.464	0.576	0.536
5929	63949	0.096	0.048	0.12	0.144
5929	63949	0.08	0.048	0.144	0.128
5929	63949	0.088	0.12	0.2	0.208
5929	63949	0.072	0.16	0.248	0.232
5929	63949	0.072	0.144	0.216	0.216
5929	63949	0.056	0.664	0.736	0.72
5929	63949	0.0	0.0	0.0	0.0
5929	63949	0.0	0.0	0.0	0.0
5929	63949	0.0	0.0	0.0	0.0
5929	63949	0.0	0.0	0.0	0.0
5929	63949	0.0	0.0	0.0	0.0
5929	63949	0.0	0.0	0.0	0.0
5929	63949	0.0	0.0	0.0	0.0
5929	63962	0.168	0.0	0.0	0.0
5929	63962	0.064	0.024	0.144	0.04
5929	63962	0.088	0.312	0.376	0.4
5929	63962	0.088	0.136	0.224	0.224
5929	63962	0.072	0.088	0.176	0.16
5929	63962	0.08	0.392	0.464	0.472
5929	63962	0.08	0.064	0.144	0.144
5929	63962	0.072	0.072	0.152	0.144
5929	63962	0.08	0.128	0.2	0.208
5929	63962	0.12	0.168	0.248	0.288
5929	63962	0.08	0.08	0.2	0.16
5929	63962	0.072	0.12	0.2	0.192
5929	63962	0.104	0.032	0.104	0.136
5929	63962	0.08	0.072	0.176	0.152
5929	63962	0.088	0.2	0.28	0.288
5929	63962	0.096	0.216	0.304	0.312
5929	63962	0.08	0.104	0.2	0.184
5929	63962	0.088	0.096	0.176	0.184
5929	63962	0.096	0.064	0.152	0.16
5929	63962	0.057	0.024	0.12	0.081
5929	63962	0.095	0.0	0.057	0.095
5929	63962	0.096	0.152	0.247	0.248
5929	63962	0.096	0.088	0.184	0.184
5929	63962	0.112	0.04	0.136	0.152
5929	63962	0.12	0.04	0.152	0.16
5929	63962	0.072	0.0	0.12	0.072
5929	63962	0.095	0.017	0.089	0.112
5929	63962	0.112	0.048	0.143	0.16
5929	63962	0.112	0.064	0.176	0.176
5929	63962	0.048	0.12	0.232	0.168
5929	63962	0.056	0.112	0.16	0.168
5929	63962	0.088	0.112	0.168	0.2
5929	63962	0.088	0.08	0.168	0.168
5929	63962	0.112	0.264	0.352	0.376
5929	63962	0.08	0.096	0.208	0.176
5929	63962	0.072	0.112	0.192	0.184
5929	63962	0.096	1.0	1.072	1.096
5929	63962	0.088	0.096	0.192	0.184
5929	63962	0.088	0.088	0.176	0.176
5929	63962	0.064	0.344	0.432	0.408
5929	63962	0.096	0.28	0.344	0.376
5929	63962	0.072	0.352	0.448	0.424
5929	63962	0.064	0.032	0.104	0.096
5929	63962	0.08	0.048	0.112	0.128
5929	63962	0.064	0.08	0.16	0.144
5929	63962	0.08	0.096	0.16	0.176
5929	63962	0.096	0.232	0.312	0.328
5929	63962	0.064	0.096	0.192	0.16
5929	63962	0.08	0.04	0.104	0.12
5929	63962	0.096	0.064	0.144	0.16
5929	63962	0.096	0.072	0.168	0.168
5929	63962	0.104	0.064	0.16	0.168
5929	63962	0.072	0.048	0.152	0.12
5929	63962	0.08	0.048	0.12	0.128
5929	63962	0.063	0.129	0.209	0.192
5929	63962	0.064	0.2	0.263	0.264
5929	63962	0.064	0.16	0.224	0.224
5929	63962	0.063	0.089	0.153	0.152
5929	63962	0.096	0.24	0.303	0.336
5929	63962	0.096	0.088	0.184	0.184
5929	63962	0.08	0.4	0.496	0.48
5929	63962	0.0	0.0	0.0	0.0
5929	63962	0.0	0.0	0.0	0.0
5929	63962	0.0	0.0	0.0	0.0
5929	63962	0.0	0.0	0.0	0.0
5929	63962	0.0	0.0	0.0	0.0
5929	63962	0.0	0.0	0.0	0.0
5929	63962	0.0	0.0	0.0	0.0
5929	63962	0.0	0.0	0.0	0.0
5929	63962	0.0	0.0	0.0	0.0
5929	63974	0.28	0.0	0.0	0.0
5929	63974	0.08	0.064	0.216	0.016
5929	63974	0.04	0.128	0.208	0.168
5929	63974	0.136	0.56	0.6	0.696
5929	63974	0.112	0.128	0.264	0.24
5929	63974	0.088	0.0	0.112	0.088
5929	63974	0.096	0.088	0.176	0.184
5929	63974	0.088	0.096	0.192	0.184
5929	63974	0.088	0.096	0.184	0.184
5929	63974	0.112	0.032	0.12	0.144
5929	63974	0.104	0.04	0.152	0.144
5929	63974	0.112	0.048	0.152	0.16
5929	63974	0.08	0.136	0.248	0.216
5929	63974	0.096	0.064	0.144	0.16
5929	63974	0.08	0.136	0.232	0.216
5929	63974	0.096	0.112	0.192	0.208
5929	63974	0.063	0.281	0.377	0.344
5929	63974	0.096	0.144	0.207	0.24
5929	63974	0.08	0.08	0.176	0.16
5929	63974	0.096	0.024	0.104	0.12
5929	63974	0.08	0.024	0.12	0.104
5929	63974	0.087	0.001	0.081	0.088
5929	63974	0.088	0.08	0.167	0.168
5929	63974	0.096	0.024	0.112	0.12
5929	63974	0.08	0.056	0.152	0.136
5929	63974	0.08	0.256	0.336	0.336
5929	63974	0.112	0.08	0.16	0.192
5929	63974	0.08	0.032	0.144	0.112
5929	63974	0.121	0.121	0.201	0.242
5929	63974	0.08	0.078	0.199	0.158
5929	63974	0.064	0.256	0.336	0.32
5929	63974	0.072	0.152	0.216	0.224
5929	63974	0.08	0.08	0.152	0.16
5929	63974	0.096	0.096	0.176	0.192
5929	63974	0.104	0.104	0.2	0.208
5929	63974	0.224	0.16	0.264	0.384
5929	63974	0.122	0.119	0.105	0.003
5929	63974	0.0	0.0	0.0	0.0
5929	63974	0.0	0.0	0.0	0.0
5929	63974	0.0	0.0	0.0	0.0
5929	63974	0.0	0.0	0.0	0.0
5929	63974	0.0	0.0	0.0	0.0
5929	63974	0.0	0.0	0.0	0.0
5929	63974	0.0	0.0	0.0	0.0
5929	63974	0.0	0.0	0.0	0.0
5929	63974	0.0	0.0	0.0	0.0
5929	63974	0.0	0.0	0.0	0.0
5929	63974	0.0	0.0	0.0	0.0
5929	63974	0.0	0.0	0.0	0.0
5929	63974	0.0	0.0	0.0	0.0
5929	63974	0.0	0.0	0.0	0.0
5929	63974	0.0	0.0	0.0	0.0
5929	63974	0.0	0.0	0.0	0.0
5929	63974	0.0	0.0	0.0	0.0
5929	63974	0.0	0.0	0.0	0.0
5929	63974	0.0	0.0	0.0	0.0
5929	63974	0.0	0.0	0.0	0.0
5929	63974	0.0	0.0	0.0	0.0
5929	63974	0.0	0.0	0.0	0.0
5929	63974	0.0	0.0	0.0	0.0
5929	63974	0.0	0.0	0.0	0.0
5929	63974	0.0	0.0	0.0	0.0
5929	63974	0.0	0.0	0.0	0.0
5929	63974	0.0	0.0	0.0	0.0
5929	63974	0.0	0.0	0.0	0.0
5929	63974	0.0	0.0	0.0	0.0
5929	63974	0.0	0.0	0.0	0.0
5929	63974	0.0	0.0	0.0	0.0
5929	63974	0.0	0.0	0.0	0.0
5929	63974	0.0	0.0	0.0	0.0
5929	63984	0.151	0.0	0.0	0.0
5929	63984	0.064	0.032	0.119	0.032
5929	63984	0.056	0.12	0.184	0.176
5929	63984	0.096	0.072	0.128	0.168
5929	63984	0.08	0.072	0.168	0.152
5929	63984	0.104	0.024	0.104	0.128
5929	63984	0.088	0.016	0.12	0.104
5929	63984	0.096	0.072	0.16	0.168
5929	63984	0.111	0.049	0.145	0.16
5929	63984	0.072	0.04	0.151	0.112
5929	63984	0.088	0.072	0.144	0.16
5929	63984	0.096	0.048	0.136	0.144
5929	63984	0.096	0.024	0.12	0.12
5929	63984	0.088	0.216	0.312	0.304
5929	63984	0.12	0.16	0.248	0.28
5929	63984	0.064	0.152	0.272	0.216
5929	63984	0.072	0.08	0.144	0.152
5929	63984	0.112	0.136	0.208	0.248
5929	63984	0.088	0.04	0.152	0.128
5929	63984	0.104	0.064	0.152	0.168
5929	63984	0.104	0.056	0.16	0.16
5929	63984	0.064	0.024	0.128	0.088
5929	63984	0.096	0.04	0.104	0.136
5929	63984	0.088	0.488	0.584	0.576
5929	63984	0.104	0.096	0.184	0.2
5929	63984	0.104	0.152	0.256	0.256
5929	63984	0.08	0.128	0.232	0.208
5929	63984	0.104	0.104	0.184	0.208
5929	63984	0.072	0.128	0.232	0.2
5929	63984	0.08	0.096	0.168	0.176
5929	63984	0.072	0.024	0.104	0.096
5929	63984	0.08	0.04	0.112	0.12
5929	63984	0.096	0.12	0.2	0.216
5929	63984	0.096	0.0	0.096	0.096
5929	63984	0.096	0.112	0.208	0.208
5929	63984	0.096	0.072	0.168	0.168
5929	63984	0.096	0.184	0.28	0.28
5929	63984	0.08	0.352	0.448	0.432
5929	63984	0.072	0.152	0.232	0.224
5929	63984	0.096	0.08	0.152	0.176
5929	63984	0.12	0.368	0.464	0.488
5929	63984	0.088	0.184	0.304	0.272
5929	63984	0.096	0.096	0.184	0.192
5929	63984	0.08	0.064	0.16	0.144
5929	63984	0.08	0.136	0.216	0.216
5929	63984	0.096	0.064	0.144	0.16
5929	63984	0.088	0.088	0.184	0.176
5929	63984	0.088	0.056	0.144	0.144
5929	63984	0.072	0.04	0.128	0.112
5929	63984	0.072	0.0	0.072	0.072
5929	63984	0.072	0.064	0.136	0.136
5929	63984	0.104	0.024	0.048	0.08
5929	63984	0.096	0.096	0.2	0.192
5929	63984	0.112	0.032	0.128	0.144
5929	63984	0.072	0.08	0.192	0.152
5929	63984	0.064	0.416	0.488	0.48
5929	63984	0.08	0.088	0.152	0.168
5929	63984	0.088	0.072	0.152	0.16
5929	63984	0.112	0.152	0.24	0.264
5929	63984	0.065	0.344	0.456	0.409
5929	63984	0.104	0.583	0.648	0.687
5929	63984	0.0	0.0	0.0	0.0
5929	63984	0.0	0.0	0.0	0.0
5929	63984	0.0	0.0	0.0	0.0
5929	63984	0.0	0.0	0.0	0.0
5929	63984	0.0	0.0	0.0	0.0
5929	63984	0.0	0.0	0.0	0.0
5929	63984	0.0	0.0	0.0	0.0
5929	63984	0.0	0.0	0.0	0.0
5929	63984	0.0	0.0	0.0	0.0
5929	63997	0.48	0.0	0.0	0.0
5929	63997	0.105	0.104	0.376	0.001
5929	63997	0.096	0.143	0.248	0.239
5929	63997	0.072	0.072	0.168	0.144
5929	63997	0.104	0.08	0.152	0.184
5929	63997	1.472	0.176	0.28	1.648
5929	63997	0.088	1.272	0.2	1.184
5929	63997	0.104	0.144	0.232	0.248
5929	63997	0.056	0.832	0.936	0.888
5929	63997	0.08	0.24	0.296	0.32
5929	63997	0.152	0.712	0.792	0.864
5929	63997	0.065	0.04	0.112	0.025
5929	63997	0.12	0.119	0.184	0.239
5929	63997	0.088	0.048	0.168	0.136
5929	63997	0.088	0.288	0.376	0.376
5929	63997	0.064	0.12	0.208	0.184
5929	63997	0.096	0.192	0.256	0.288
5929	63997	0.088	0.072	0.168	0.16
5929	63997	0.12	0.144	0.232	0.264
5929	63997	0.112	0.08	0.2	0.192
5929	63997	0.088	0.152	0.264	0.24
5929	63997	0.104	0.184	0.272	0.288
5929	63997	0.112	0.144	0.248	0.256
5929	63997	0.072	0.384	0.496	0.456
5929	63997	0.096	0.056	0.128	0.152
5929	63997	0.104	0.344	0.44	0.448
5929	63997	0.072	0.104	0.208	0.176
5929	63997	0.088	0.04	0.112	0.128
5929	63997	0.064	0.12	0.208	0.184
5929	63997	0.12	0.04	0.104	0.16
5929	63997	0.096	0.104	0.224	0.2
5929	63997	0.104	0.24	0.336	0.344
5929	63997	0.104	0.096	0.2	0.2
5929	63997	0.072	0.072	0.176	0.144
5929	63997	0.08	0.248	0.32	0.328
5929	63997	0.112	0.136	0.216	0.248
5929	63997	0.104	0.024	0.136	0.128
5929	63997	0.128	0.048	0.152	0.176
5929	63997	0.079	0.001	0.129	0.08
5929	63997	0.072	0.088	0.167	0.16
5929	63997	0.088	0.104	0.176	0.192
5929	63997	0.065	0.104	0.192	0.169
5929	63997	0.047	0.168	0.233	0.215
5929	63997	0.104	0.528	0.575	0.632
5929	63997	0.088	0.32	0.424	0.408
5929	63997	0.071	0.145	0.233	0.216
5929	63997	0.096	0.128	0.199	0.224
5929	63997	0.104	0.072	0.168	0.176
5929	63997	0.072	0.224	0.328	0.296
5929	63997	0.112	0.064	0.136	0.176
5929	63997	0.081	0.08	0.192	0.161
5929	63997	0.071	0.296	0.377	0.367
5929	63997	0.103	0.049	0.12	0.152
5929	63997	0.088	0.192	0.295	0.28
5929	63997	0.079	0.121	0.209	0.2
5929	63997	0.096	0.216	0.295	0.312
5929	63997	0.081	0.208	0.304	0.289
5929	63997	0.088	0.191	0.272	0.279
5929	63997	0.105	0.136	0.224	0.241
5929	63997	0.08	0.159	0.264	0.239
5929	63997	0.08	0.136	0.216	0.216
5929	63997	0.07	0.458	0.538	0.528
5929	63997	0.072	0.096	0.166	0.168
5929	63997	0.088	0.112	0.184	0.2
5929	63997	0.072	0.752	0.84	0.824
5929	63997	0.0	0.0	0.0	0.0
5929	63997	0.0	0.0	0.0	0.0
5929	63997	0.0	0.0	0.0	0.0
5929	63997	0.0	0.0	0.0	0.0
5929	63997	0.0	0.0	0.0	0.0
5929	64015	0.304	0.0	0.0	0.0
5929	64015	0.12	0.16	0.144	0.04
5929	64015	0.072	0.152	0.272	0.224
5929	64015	0.064	0.456	0.528	0.52
5929	64015	0.136	0.096	0.16	0.232
5929	64015	0.072	0.024	0.112	0.048
5929	64015	0.088	0.048	0.12	0.136
5929	64015	0.088	0.04	0.128	0.128
5929	64015	0.104	0.0	0.088	0.104
5929	64015	0.103	0.057	0.161	0.16
5929	64015	0.072	0.072	0.175	0.144
5929	64015	0.112	0.024	0.096	0.136
5929	64015	0.072	0.088	0.2	0.16
5929	64015	0.112	0.048	0.12	0.16
5929	64015	0.072	0.2	0.312	0.272
5929	64015	0.08	0.144	0.216	0.224
5929	64015	0.088	0.088	0.168	0.176
5929	64015	0.073	0.104	0.192	0.177
5929	64015	0.112	0.135	0.208	0.247
5929	64015	0.08	0.944	1.056	1.024
5929	64015	0.0	0.0	0.0	0.0
5929	64015	0.0	0.0	0.0	0.0
5929	64015	0.0	0.0	0.0	0.0
5929	64015	0.0	0.0	0.0	0.0
5929	64015	0.0	0.0	0.0	0.0
5929	64015	0.0	0.0	0.0	0.0
5929	64015	0.0	0.0	0.0	0.0
5929	64015	0.0	0.0	0.0	0.0
5929	64015	0.0	0.0	0.0	0.0
5929	64015	0.0	0.0	0.0	0.0
5929	64015	0.0	0.0	0.0	0.0
5929	64015	0.0	0.0	0.0	0.0
5929	64015	0.0	0.0	0.0	0.0
5929	64015	0.0	0.0	0.0	0.0
5929	64015	0.0	0.0	0.0	0.0
5929	64015	0.0	0.0	0.0	0.0
5929	64015	0.0	0.0	0.0	0.0
5929	64015	0.0	0.0	0.0	0.0
5929	64015	0.0	0.0	0.0	0.0
5929	64015	0.0	0.0	0.0	0.0
5929	64015	0.0	0.0	0.0	0.0
5929	64015	0.0	0.0	0.0	0.0
5929	64015	0.0	0.0	0.0	0.0
5929	64015	0.0	0.0	0.0	0.0
5929	64015	0.0	0.0	0.0	0.0
5929	64015	0.0	0.0	0.0	0.0
5929	64015	0.0	0.0	0.0	0.0
5929	64015	0.0	0.0	0.0	0.0
5929	64015	0.0	0.0	0.0	0.0
5929	64015	0.0	0.0	0.0	0.0
5929	64015	0.0	0.0	0.0	0.0
5929	64015	0.0	0.0	0.0	0.0
5929	64015	0.0	0.0	0.0	0.0
5929	64015	0.0	0.0	0.0	0.0
5929	64015	0.0	0.0	0.0	0.0
5929	64015	0.0	0.0	0.0	0.0
5929	64015	0.0	0.0	0.0	0.0
5929	64015	0.0	0.0	0.0	0.0
5929	64015	0.0	0.0	0.0	0.0
5929	64015	0.0	0.0	0.0	0.0
5929	64015	0.0	0.0	0.0	0.0
5929	64015	0.0	0.0	0.0	0.0
5929	64015	0.0	0.0	0.0	0.0
5929	64015	0.0	0.0	0.0	0.0
5929	64015	0.0	0.0	0.0	0.0
5929	64015	0.0	0.0	0.0	0.0
5929	64015	0.0	0.0	0.0	0.0
5929	64015	0.0	0.0	0.0	0.0
5929	64015	0.0	0.0	0.0	0.0
5929	64015	0.0	0.0	0.0	0.0
5929	64019	0.32	0.0	0.0	0.0
5929	64019	0.104	0.088	0.232	0.016
5929	64019	0.072	0.088	0.192	0.16
5929	64019	0.128	0.032	0.104	0.16
5929	64019	0.072	0.16	0.288	0.232
5929	64019	0.072	0.136	0.208	0.208
5929	64019	0.096	0.384	0.456	0.48
5929	64019	0.088	0.56	0.656	0.648
5929	64019	0.112	0.04	0.128	0.152
5929	64019	0.096	0.088	0.2	0.184
5929	64019	0.08	0.152	0.248	0.232
5929	64019	0.111	0.001	0.081	0.112
5929	64019	0.072	0.04	0.151	0.112
5929	64019	0.104	0.032	0.104	0.136
5929	64019	0.112	0.112	0.216	0.224
5929	64019	0.072	0.176	0.288	0.248
5929	64019	0.08	0.12	0.192	0.2
5929	64019	0.088	0.128	0.208	0.216
5929	64019	0.096	0.032	0.12	0.128
5929	64019	0.096	0.08	0.176	0.176
5929	64019	0.072	0.024	0.12	0.096
5929	64019	0.096	0.032	0.104	0.128
5929	64019	0.072	0.056	0.152	0.128
5929	64019	0.088	0.016	0.056	0.072
5929	64019	0.096	0.072	0.16	0.168
5929	64019	0.112	0.04	0.136	0.152
5929	64019	0.072	1.16	1.272	1.232
5929	64019	0.0	0.0	0.0	0.0
5929	64019	0.0	0.0	0.0	0.0
5929	64019	0.0	0.0	0.0	0.0
5929	64019	0.0	0.0	0.0	0.0
5929	64019	0.0	0.0	0.0	0.0
5929	64019	0.0	0.0	0.0	0.0
5929	64019	0.0	0.0	0.0	0.0
5929	64019	0.0	0.0	0.0	0.0
5929	64019	0.0	0.0	0.0	0.0
5929	64019	0.0	0.0	0.0	0.0
5929	64019	0.0	0.0	0.0	0.0
5929	64019	0.0	0.0	0.0	0.0
5929	64019	0.0	0.0	0.0	0.0
5929	64019	0.0	0.0	0.0	0.0
5929	64019	0.0	0.0	0.0	0.0
5929	64019	0.0	0.0	0.0	0.0
5929	64019	0.0	0.0	0.0	0.0
5929	64019	0.0	0.0	0.0	0.0
5929	64019	0.0	0.0	0.0	0.0
5929	64019	0.0	0.0	0.0	0.0
5929	64019	0.0	0.0	0.0	0.0
5929	64019	0.0	0.0	0.0	0.0
5929	64019	0.0	0.0	0.0	0.0
5929	64019	0.0	0.0	0.0	0.0
5929	64019	0.0	0.0	0.0	0.0
5929	64019	0.0	0.0	0.0	0.0
5929	64019	0.0	0.0	0.0	0.0
5929	64019	0.0	0.0	0.0	0.0
5929	64019	0.0	0.0	0.0	0.0
5929	64019	0.0	0.0	0.0	0.0
5929	64019	0.0	0.0	0.0	0.0
5929	64019	0.0	0.0	0.0	0.0
5929	64019	0.0	0.0	0.0	0.0
5929	64019	0.0	0.0	0.0	0.0
5929	64019	0.0	0.0	0.0	0.0
5929	64019	0.0	0.0	0.0	0.0
5929	64019	0.0	0.0	0.0	0.0
5929	64019	0.0	0.0	0.0	0.0
5929	64019	0.0	0.0	0.0	0.0
5929	64019	0.0	0.0	0.0	0.0
5929	64019	0.0	0.0	0.0	0.0
5929	64019	0.0	0.0	0.0	0.0
5929	64019	0.0	0.0	0.0	0.0
5929	64027	0.208	0.0	0.0	0.0
5929	64027	0.064	0.024	0.184	0.04
5929	64027	0.088	0.072	0.136	0.16
5929	64027	0.096	0.048	0.136	0.144
5929	64027	0.12	0.12	0.216	0.24
5929	64027	0.088	0.048	0.168	0.136
5929	64027	0.08	0.264	0.352	0.344
5929	64027	0.104	0.096	0.176	0.2
5929	64027	0.088	0.544	0.648	0.632
5929	64027	0.08	0.096	0.184	0.176
5929	64027	0.096	0.088	0.168	0.184
5929	64027	0.112	0.544	0.64	0.656
5929	64027	0.08	0.024	0.136	0.104
5929	64027	0.08	0.224	0.304	0.304
5929	64027	0.113	0.096	0.176	0.209
5929	64027	0.072	0.055	0.168	0.127
5929	64027	0.104	0.504	0.576	0.608
5929	64027	0.096	0.136	0.24	0.232
5929	64027	0.072	0.064	0.16	0.136
5929	64027	0.096	0.056	0.128	0.152
5929	64027	0.096	0.144	0.24	0.24
5929	64027	0.096	0.016	0.112	0.112
5929	64027	0.08	0.072	0.168	0.152
5929	64027	0.105	0.136	0.216	0.241
5929	64027	0.08	0.031	0.136	0.111
5929	64027	0.088	0.032	0.112	0.12
5929	64027	0.096	0.168	0.256	0.264
5929	64027	0.08	0.136	0.232	0.216
5929	64027	0.095	0.194	0.274	0.289
5929	64027	0.096	0.007	0.102	0.103
5929	64027	0.096	0.056	0.152	0.152
5929	64027	0.08	0.16	0.256	0.24
5929	64027	0.112	0.136	0.216	0.248
5929	64027	0.112	0.056	0.168	0.168
5929	64027	0.072	0.0	0.112	0.072
5929	64027	0.08	0.096	0.168	0.176
5929	64027	0.112	0.072	0.152	0.184
5929	64027	0.089	0.024	0.136	0.113
5929	64027	0.081	0.0	0.089	0.081
5929	64027	0.08	0.038	0.119	0.118
5929	64027	0.095	0.001	0.081	0.096
5929	64027	0.112	0.432	0.527	0.544
5929	64027	0.096	0.088	0.2	0.184
5929	64027	0.088	0.08	0.176	0.168
5929	64027	0.072	0.208	0.296	0.28
5929	64027	0.096	0.104	0.176	0.2
5929	64027	0.079	0.033	0.129	0.112
5929	64027	0.096	0.056	0.135	0.152
5929	64027	0.088	0.072	0.168	0.16
5929	64027	0.096	0.04	0.128	0.136
5929	64027	0.104	0.056	0.152	0.16
5929	64027	0.087	0.001	0.105	0.088
5929	64027	0.096	0.032	0.119	0.128
5929	64027	0.072	0.064	0.16	0.136
5929	64027	0.072	0.024	0.096	0.096
5929	64027	0.096	0.12	0.192	0.216
5929	64027	0.088	0.04	0.136	0.128
5929	64027	0.075	0.07	0.158	0.145
5929	64027	0.106	0.103	0.178	0.209
5929	64027	0.063	0.175	0.281	0.238
5929	64027	0.062	0.057	0.006	0.005
5929	64027	0.087	0.148	0.21	0.235
5929	64027	0.088	0.336	0.423	0.424
5929	64027	0.087	0.105	0.193	0.192
5929	64027	0.08	0.08	0.167	0.16
5929	64027	0.096	0.088	0.168	0.184
5929	64027	0.087	0.353	0.449	0.44
5929	64027	0.104	0.192	0.279	0.296
5929	64027	0.071	0.625	0.729	0.696
5929	64027	0.064	0.248	0.319	0.312
5929	64042	0.256	0.0	0.0	0.0
5929	64042	0.098	0.097	0.159	0.001
5929	64042	0.08	0.19	0.288	0.27
5929	64042	0.08	0.44	0.52	0.52
5929	64042	0.096	0.096	0.176	0.192
5929	64042	0.104	0.096	0.192	0.2
5929	64042	0.08	0.072	0.176	0.152
5929	64042	0.096	0.088	0.168	0.184
5929	64042	0.08	0.264	0.36	0.344
5929	64042	0.096	0.08	0.16	0.176
5929	64042	0.08	0.136	0.232	0.216
5929	64042	0.088	0.136	0.216	0.224
5929	64042	0.096	0.112	0.2	0.208
5929	64042	0.088	0.104	0.2	0.192
5929	64042	0.088	0.152	0.24	0.24
5929	64042	0.08	0.12	0.208	0.2
5929	64042	0.096	0.048	0.128	0.144
5929	64042	0.072	0.088	0.184	0.16
5929	64042	0.096	0.104	0.176	0.2
5929	64042	0.088	0.04	0.136	0.128
5929	64042	0.112	0.064	0.152	0.176
5929	64042	0.08	0.376	0.488	0.456
5929	64042	0.096	0.136	0.216	0.232
5929	64042	0.104	0.088	0.184	0.192
5929	64042	0.104	0.168	0.272	0.272
5929	64042	0.096	0.096	0.2	0.192
5929	64042	0.096	0.056	0.152	0.152
5929	64042	0.088	0.08	0.176	0.168
5929	64042	0.096	0.064	0.152	0.16
5929	64042	0.112	0.056	0.152	0.168
5929	64042	0.095	0.001	0.113	0.096
5929	64042	0.096	0.248	0.343	0.344
5929	64042	0.072	0.112	0.208	0.184
5929	64042	0.072	0.096	0.168	0.168
5929	64042	0.104	0.096	0.168	0.2
5929	64042	0.112	0.056	0.16	0.168
5929	64042	0.08	0.088	0.2	0.168
5929	64042	0.112	0.04	0.12	0.152
5929	64042	0.088	0.144	0.256	0.232
5929	64042	0.088	0.04	0.128	0.128
5929	64042	0.12	0.12	0.208	0.24
5929	64042	0.064	0.84	0.96	0.904
5929	64042	0.064	0.096	0.16	0.16
5929	64042	0.072	0.08	0.144	0.152
5929	64042	0.064	0.368	0.44	0.432
5929	64042	0.0	0.0	0.0	0.0
5929	64042	0.0	0.0	0.0	0.0
5929	64042	0.0	0.0	0.0	0.0
5929	64042	0.0	0.0	0.0	0.0
5929	64042	0.0	0.0	0.0	0.0
5929	64042	0.0	0.0	0.0	0.0
5929	64042	0.0	0.0	0.0	0.0
5929	64042	0.0	0.0	0.0	0.0
5929	64042	0.0	0.0	0.0	0.0
5929	64042	0.0	0.0	0.0	0.0
5929	64042	0.0	0.0	0.0	0.0
5929	64042	0.0	0.0	0.0	0.0
5929	64042	0.0	0.0	0.0	0.0
5929	64042	0.0	0.0	0.0	0.0
5929	64042	0.0	0.0	0.0	0.0
5929	64042	0.0	0.0	0.0	0.0
5929	64042	0.0	0.0	0.0	0.0
5929	64042	0.0	0.0	0.0	0.0
5929	64042	0.0	0.0	0.0	0.0
5929	64042	0.0	0.0	0.0	0.0
5929	64042	0.0	0.0	0.0	0.0
5929	64042	0.0	0.0	0.0	0.0
5929	64042	0.0	0.0	0.0	0.0
5929	64042	0.0	0.0	0.0	0.0
5929	64042	0.0	0.0	0.0	0.0
5929	64050	0.224	0.0	0.0	0.0
5929	64050	0.096	0.112	0.112	0.016
5929	64050	0.096	0.144	0.24	0.24
5929	64050	0.088	0.04	0.136	0.128
5929	64050	0.096	0.168	0.256	0.264
5929	64050	0.12	0.52	0.616	0.64
5929	64050	0.104	0.104	0.224	0.208
5929	64050	0.088	0.096	0.2	0.184
5929	64050	0.096	0.12	0.208	0.216
5929	64050	0.072	0.08	0.176	0.152
5929	64050	0.112	0.104	0.176	0.216
5929	64050	0.096	0.288	0.4	0.384
5929	64050	0.08	0.08	0.176	0.16
5929	64050	0.096	0.072	0.152	0.168
5929	64050	0.088	0.12	0.216	0.208
5929	64050	0.096	0.088	0.176	0.184
5929	64050	0.088	0.112	0.208	0.2
5929	64050	0.072	0.024	0.112	0.096
5929	64050	0.096	0.064	0.136	0.16
5929	64050	0.08	0.12	0.216	0.2
5929	64050	0.104	0.112	0.192	0.216
5929	64050	0.088	0.056	0.16	0.144
5929	64050	0.096	0.072	0.16	0.168
5929	64050	0.264	0.264	0.36	0.528
5929	64050	0.104	0.104	0.16	0.0
5929	64050	0.0	0.0	0.0	0.0
5929	64050	0.0	0.0	0.0	0.0
5929	64050	0.0	0.0	0.0	0.0
5929	64050	0.0	0.0	0.0	0.0
5929	64050	0.0	0.0	0.0	0.0
5929	64050	0.0	0.0	0.0	0.0
5929	64050	0.0	0.0	0.0	0.0
5929	64050	0.0	0.0	0.0	0.0
5929	64050	0.0	0.0	0.0	0.0
5929	64050	0.0	0.0	0.0	0.0
5929	64050	0.0	0.0	0.0	0.0
5929	64050	0.0	0.0	0.0	0.0
5929	64050	0.0	0.0	0.0	0.0
5929	64050	0.0	0.0	0.0	0.0
5929	64050	0.0	0.0	0.0	0.0
5929	64050	0.0	0.0	0.0	0.0
5929	64050	0.0	0.0	0.0	0.0
5929	64050	0.0	0.0	0.0	0.0
5929	64050	0.0	0.0	0.0	0.0
5929	64050	0.0	0.0	0.0	0.0
5929	64050	0.0	0.0	0.0	0.0
5929	64050	0.0	0.0	0.0	0.0
5929	64050	0.0	0.0	0.0	0.0
5929	64050	0.0	0.0	0.0	0.0
5929	64050	0.0	0.0	0.0	0.0
5929	64050	0.0	0.0	0.0	0.0
5929	64050	0.0	0.0	0.0	0.0
5929	64050	0.0	0.0	0.0	0.0
5929	64050	0.0	0.0	0.0	0.0
5929	64050	0.0	0.0	0.0	0.0
5929	64050	0.0	0.0	0.0	0.0
5929	64050	0.0	0.0	0.0	0.0
5929	64050	0.0	0.0	0.0	0.0
5929	64050	0.0	0.0	0.0	0.0
5929	64050	0.0	0.0	0.0	0.0
5929	64050	0.0	0.0	0.0	0.0
5929	64050	0.0	0.0	0.0	0.0
5929	64050	0.0	0.0	0.0	0.0
5929	64050	0.0	0.0	0.0	0.0
5929	64050	0.0	0.0	0.0	0.0
5929	64050	0.0	0.0	0.0	0.0
5929	64050	0.0	0.0	0.0	0.0
5929	64050	0.0	0.0	0.0	0.0
5929	64050	0.0	0.0	0.0	0.0
5929	64050	0.0	0.0	0.0	0.0
