PARTICIPANT_ID	TEST_SECTION_ID	HOLD_LATENCY	INTERKEY_LATENCY	PRESS_LATENCY	RELEASE_LATENCY
6769	72859	0.5	0.0	0.0	0.0
6769	72859	0.129	0.209	0.291	0.08
6769	72859	0.135	0.092	0.221	0.227
6769	72859	0.119	0.005	0.13	0.114
6769	72859	0.107	0.006	0.125	0.113
6769	72859	0.115	0.088	0.195	0.203
6769	72859	0.098	0.008	0.107	0.09
6769	72859	0.113	0.126	0.224	0.239
6769	72859	0.12	0.038	0.151	0.158
6769	72859	0.098	0.035	0.155	0.133
6769	72859	0.125	0.088	0.186	0.213
6769	72859	0.1	0.021	0.146	0.121
6769	72859	0.126	0.094	0.194	0.22
6769	72859	0.159	0.041	0.085	0.118
6769	72859	0.101	0.019	0.14	0.082
6769	72859	0.135	0.053	0.048	0.082
6769	72859	0.12	0.068	0.203	0.188
6769	72859	0.14	0.038	0.158	0.178
6769	72859	0.12	0.072	0.068	0.048
6769	72859	0.101	0.081	0.039	0.02
6769	72859	0.107	0.123	0.224	0.23
6769	72859	0.094	0.057	0.164	0.151
6769	72859	0.1	0.05	0.144	0.15
6769	72859	0.106	0.101	0.201	0.207
6769	72859	0.108	0.116	0.222	0.224
6769	72859	0.127	0.016	0.124	0.143
6769	72859	0.114	0.017	0.144	0.131
6769	72859	0.122	0.148	0.262	0.27
6769	72859	0.0	0.0	0.0	0.0
6769	72859	0.0	0.0	0.0	0.0
6769	72859	0.0	0.0	0.0	0.0
6769	72859	0.0	0.0	0.0	0.0
6769	72859	0.0	0.0	0.0	0.0
6769	72859	0.0	0.0	0.0	0.0
6769	72859	0.0	0.0	0.0	0.0
6769	72859	0.0	0.0	0.0	0.0
6769	72859	0.0	0.0	0.0	0.0
6769	72859	0.0	0.0	0.0	0.0
6769	72859	0.0	0.0	0.0	0.0
6769	72859	0.0	0.0	0.0	0.0
6769	72859	0.0	0.0	0.0	0.0
6769	72859	0.0	0.0	0.0	0.0
6769	72859	0.0	0.0	0.0	0.0
6769	72859	0.0	0.0	0.0	0.0
6769	72859	0.0	0.0	0.0	0.0
6769	72859	0.0	0.0	0.0	0.0
6769	72859	0.0	0.0	0.0	0.0
6769	72859	0.0	0.0	0.0	0.0
6769	72859	0.0	0.0	0.0	0.0
6769	72859	0.0	0.0	0.0	0.0
6769	72859	0.0	0.0	0.0	0.0
6769	72859	0.0	0.0	0.0	0.0
6769	72859	0.0	0.0	0.0	0.0
6769	72859	0.0	0.0	0.0	0.0
6769	72859	0.0	0.0	0.0	0.0
6769	72859	0.0	0.0	0.0	0.0
6769	72859	0.0	0.0	0.0	0.0
6769	72859	0.0	0.0	0.0	0.0
6769	72859	0.0	0.0	0.0	0.0
6769	72859	0.0	0.0	0.0	0.0
6769	72859	0.0	0.0	0.0	0.0
6769	72859	0.0	0.0	0.0	0.0
6769	72859	0.0	0.0	0.0	0.0
6769	72859	0.0	0.0	0.0	0.0
6769	72859	0.0	0.0	0.0	0.0
6769	72859	0.0	0.0	0.0	0.0
6769	72859	0.0	0.0	0.0	0.0
6769	72859	0.0	0.0	0.0	0.0
6769	72859	0.0	0.0	0.0	0.0
6769	72859	0.0	0.0	0.0	0.0
6769	72867	0.224	0.0	0.0	0.0
6769	72867	0.08	0.074	0.15	0.006
6769	72867	0.105	0.101	0.181	0.206
6769	72867	0.106	0.064	0.169	0.17
6769	72867	0.142	0.006	0.1	0.136
6769	72867	0.106	0.259	0.401	0.365
6769	72867	0.104	0.062	0.168	0.166
6769	72867	0.108	0.076	0.18	0.184
6769	72867	0.116	0.006	0.102	0.11
6769	72867	0.116	0.039	0.155	0.155
6769	72867	0.148	0.174	0.29	0.322
6769	72867	0.104	0.071	0.219	0.175
6769	72867	0.093	0.058	0.162	0.151
6769	72867	0.098	0.088	0.181	0.186
6769	72867	0.113	0.039	0.059	0.074
6769	72867	0.122	0.007	0.106	0.115
6769	72867	0.093	0.008	0.114	0.085
6769	72867	0.26	0.112	0.205	0.372
6769	72867	0.133	0.204	0.056	0.071
6769	72867	0.103	0.078	0.211	0.181
6769	72867	0.127	0.052	0.155	0.179
6769	72867	0.1	0.08	0.207	0.18
6769	72867	0.117	0.038	0.138	0.155
6769	72867	0.092	0.018	0.135	0.11
6769	72867	0.098	0.172	0.264	0.27
6769	72867	0.111	0.041	0.139	0.152
6769	72867	0.113	0.006	0.105	0.107
6769	72867	0.128	0.013	0.1	0.115
6769	72867	0.126	0.07	0.198	0.196
6769	72867	0.101	0.086	0.212	0.187
6769	72867	0.085	0.083	0.184	0.168
6769	72867	0.099	0.462	0.547	0.561
6769	72867	0.133	0.179	0.278	0.312
6769	72867	0.093	0.338	0.471	0.431
6769	72867	0.089	0.08	0.173	0.169
6769	72867	0.165	0.087	0.176	0.252
6769	72867	0.128	0.077	0.242	0.205
6769	72867	0.093	0.045	0.173	0.138
6769	72867	0.127	0.02	0.113	0.147
6769	72867	0.087	0.048	0.079	0.039
6769	72867	0.087	0.013	0.1	0.1
6769	72867	0.0	0.0	0.0	0.0
6769	72867	0.0	0.0	0.0	0.0
6769	72867	0.0	0.0	0.0	0.0
6769	72867	0.0	0.0	0.0	0.0
6769	72867	0.0	0.0	0.0	0.0
6769	72867	0.0	0.0	0.0	0.0
6769	72867	0.0	0.0	0.0	0.0
6769	72867	0.0	0.0	0.0	0.0
6769	72867	0.0	0.0	0.0	0.0
6769	72867	0.0	0.0	0.0	0.0
6769	72867	0.0	0.0	0.0	0.0
6769	72867	0.0	0.0	0.0	0.0
6769	72867	0.0	0.0	0.0	0.0
6769	72867	0.0	0.0	0.0	0.0
6769	72867	0.0	0.0	0.0	0.0
6769	72867	0.0	0.0	0.0	0.0
6769	72867	0.0	0.0	0.0	0.0
6769	72867	0.0	0.0	0.0	0.0
6769	72867	0.0	0.0	0.0	0.0
6769	72867	0.0	0.0	0.0	0.0
6769	72867	0.0	0.0	0.0	0.0
6769	72867	0.0	0.0	0.0	0.0
6769	72867	0.0	0.0	0.0	0.0
6769	72867	0.0	0.0	0.0	0.0
6769	72867	0.0	0.0	0.0	0.0
6769	72867	0.0	0.0	0.0	0.0
6769	72867	0.0	0.0	0.0	0.0
6769	72867	0.0	0.0	0.0	0.0
6769	72867	0.0	0.0	0.0	0.0
6769	72870	0.2	0.0	0.0	0.0
6769	72870	0.089	0.125	0.075	0.036
6769	72870	0.087	0.635	0.724	0.722
6769	72870	0.088	0.353	0.44	0.441
6769	72870	0.117	0.071	0.159	0.188
6769	72870	0.123	0.006	0.123	0.129
6769	72870	0.183	0.332	0.455	0.515
6769	72870	0.129	0.141	0.042	0.012
6769	72870	0.084	0.184	0.313	0.268
6769	72870	0.105	0.105	0.189	0.21
6769	72870	0.159	0.012	0.117	0.171
6769	72870	0.078	0.034	0.193	0.112
6769	72870	0.1	0.342	0.42	0.442
6769	72870	0.1	0.068	0.168	0.168
6769	72870	0.098	0.077	0.177	0.175
6769	72870	0.12	0.067	0.165	0.187
6769	72870	0.094	0.05	0.17	0.144
6769	72870	0.107	0.129	0.223	0.236
6769	72870	0.1	0.044	0.151	0.144
6769	72870	0.114	0.089	0.189	0.203
6769	72870	0.155	0.054	0.168	0.209
6769	72870	0.093	0.013	0.142	0.08
6769	72870	0.106	0.098	0.191	0.204
6769	72870	0.126	0.071	0.177	0.197
6769	72870	0.114	0.068	0.058	0.046
6769	72870	0.072	0.053	0.061	0.019
6769	72870	0.126	0.113	0.185	0.239
6769	72870	0.107	0.13	0.256	0.237
6769	72870	0.106	0.038	0.145	0.144
6769	72870	0.097	0.072	0.178	0.169
6769	72870	0.122	0.053	0.15	0.175
6769	72870	0.105	0.088	0.21	0.193
6769	72870	0.092	0.421	0.526	0.513
6769	72870	0.0	0.0	0.0	0.0
6769	72870	0.0	0.0	0.0	0.0
6769	72870	0.0	0.0	0.0	0.0
6769	72870	0.0	0.0	0.0	0.0
6769	72870	0.0	0.0	0.0	0.0
6769	72870	0.0	0.0	0.0	0.0
6769	72870	0.0	0.0	0.0	0.0
6769	72870	0.0	0.0	0.0	0.0
6769	72870	0.0	0.0	0.0	0.0
6769	72870	0.0	0.0	0.0	0.0
6769	72870	0.0	0.0	0.0	0.0
6769	72870	0.0	0.0	0.0	0.0
6769	72870	0.0	0.0	0.0	0.0
6769	72870	0.0	0.0	0.0	0.0
6769	72870	0.0	0.0	0.0	0.0
6769	72870	0.0	0.0	0.0	0.0
6769	72870	0.0	0.0	0.0	0.0
6769	72870	0.0	0.0	0.0	0.0
6769	72870	0.0	0.0	0.0	0.0
6769	72870	0.0	0.0	0.0	0.0
6769	72870	0.0	0.0	0.0	0.0
6769	72870	0.0	0.0	0.0	0.0
6769	72870	0.0	0.0	0.0	0.0
6769	72870	0.0	0.0	0.0	0.0
6769	72870	0.0	0.0	0.0	0.0
6769	72870	0.0	0.0	0.0	0.0
6769	72870	0.0	0.0	0.0	0.0
6769	72870	0.0	0.0	0.0	0.0
6769	72870	0.0	0.0	0.0	0.0
6769	72870	0.0	0.0	0.0	0.0
6769	72870	0.0	0.0	0.0	0.0
6769	72870	0.0	0.0	0.0	0.0
6769	72870	0.0	0.0	0.0	0.0
6769	72870	0.0	0.0	0.0	0.0
6769	72870	0.0	0.0	0.0	0.0
6769	72870	0.0	0.0	0.0	0.0
6769	72870	0.0	0.0	0.0	0.0
6769	72880	0.195	0.0	0.0	0.0
6769	72880	0.127	0.1	0.095	0.027
6769	72880	0.114	0.038	0.165	0.152
6769	72880	0.101	0.055	0.169	0.156
6769	72880	0.094	0.026	0.127	0.12
6769	72880	0.084	0.084	0.178	0.168
6769	72880	0.121	0.077	0.161	0.198
6769	72880	0.114	0.007	0.114	0.107
6769	72880	0.085	0.013	0.127	0.098
6769	72880	0.106	0.007	0.092	0.113
6769	72880	0.107	0.007	0.099	0.1
6769	72880	0.107	0.166	0.273	0.273
6769	72880	0.133	0.02	0.127	0.153
6769	72880	0.102	1.319	1.452	1.421
6769	72880	0.13	0.081	0.183	0.211
6769	72880	0.123	0.47	0.6	0.593
6769	72880	0.697	0.006	0.117	0.691
6769	72880	0.001	0.001	0.698	0.002
6769	72880	0.001	0.0	0.001	0.001
6769	72880	0.1	0.746	0.747	0.846
6769	72880	0.085	0.101	0.201	0.186
6769	72880	0.234	0.09	0.175	0.324
6769	72880	0.098	0.159	0.075	0.061
6769	72880	0.108	0.087	0.185	0.195
6769	72880	0.146	0.038	0.146	0.184
6769	72880	0.119	0.027	0.173	0.146
6769	72880	0.113	0.217	0.336	0.33
6769	72880	0.109	0.137	0.25	0.246
6769	72880	0.113	0.056	0.165	0.169
6769	72880	0.113	0.276	0.389	0.389
6769	72880	0.094	0.034	0.147	0.128
6769	72880	0.126	0.076	0.17	0.202
6769	72880	0.108	0.062	0.188	0.17
6769	72880	0.133	0.02	0.088	0.113
6769	72880	0.084	0.127	0.26	0.211
6769	72880	0.091	0.041	0.125	0.132
6769	72880	0.065	0.151	0.242	0.216
6769	72880	0.0	0.0	0.0	0.0
6769	72880	0.0	0.0	0.0	0.0
6769	72880	0.0	0.0	0.0	0.0
6769	72880	0.0	0.0	0.0	0.0
6769	72880	0.0	0.0	0.0	0.0
6769	72880	0.0	0.0	0.0	0.0
6769	72880	0.0	0.0	0.0	0.0
6769	72880	0.0	0.0	0.0	0.0
6769	72880	0.0	0.0	0.0	0.0
6769	72880	0.0	0.0	0.0	0.0
6769	72880	0.0	0.0	0.0	0.0
6769	72880	0.0	0.0	0.0	0.0
6769	72880	0.0	0.0	0.0	0.0
6769	72880	0.0	0.0	0.0	0.0
6769	72880	0.0	0.0	0.0	0.0
6769	72880	0.0	0.0	0.0	0.0
6769	72880	0.0	0.0	0.0	0.0
6769	72880	0.0	0.0	0.0	0.0
6769	72880	0.0	0.0	0.0	0.0
6769	72880	0.0	0.0	0.0	0.0
6769	72880	0.0	0.0	0.0	0.0
6769	72880	0.0	0.0	0.0	0.0
6769	72880	0.0	0.0	0.0	0.0
6769	72880	0.0	0.0	0.0	0.0
6769	72880	0.0	0.0	0.0	0.0
6769	72880	0.0	0.0	0.0	0.0
6769	72880	0.0	0.0	0.0	0.0
6769	72880	0.0	0.0	0.0	0.0
6769	72880	0.0	0.0	0.0	0.0
6769	72880	0.0	0.0	0.0	0.0
6769	72880	0.0	0.0	0.0	0.0
6769	72880	0.0	0.0	0.0	0.0
6769	72880	0.0	0.0	0.0	0.0
6769	72889	0.268	0.0	0.0	0.0
6769	72889	0.121	0.012	0.28	0.133
6769	72889	0.113	0.39	0.511	0.503
6769	72889	0.225	0.13	0.243	0.355
6769	72889	0.114	0.147	0.078	0.033
6769	72889	0.098	0.07	0.184	0.168
6769	72889	0.12	0.013	0.111	0.133
6769	72889	0.099	0.149	0.269	0.248
6769	72889	0.113	0.026	0.073	0.087
6769	72889	0.094	0.142	0.255	0.236
6769	72889	0.113	0.063	0.157	0.176
6769	72889	0.107	0.013	0.1	0.094
6769	72889	0.14	0.23	0.337	0.37
6769	72889	0.113	0.044	0.184	0.157
6769	72889	0.119	0.02	0.133	0.139
6769	72889	0.1	0.234	0.353	0.334
6769	72889	0.088	0.079	0.179	0.167
6769	72889	0.099	0.94	1.028	1.039
6769	72889	0.106	0.109	0.208	0.215
6769	72889	0.114	0.04	0.146	0.154
6769	72889	0.109	0.056	0.17	0.165
6769	72889	0.087	0.007	0.116	0.094
6769	72889	0.139	0.02	0.107	0.159
6769	72889	0.088	0.05	0.189	0.138
6769	72889	0.133	0.032	0.12	0.165
6769	72889	0.126	0.032	0.101	0.094
6769	72889	0.113	0.075	0.201	0.188
6769	72889	0.107	0.078	0.191	0.185
6769	72889	0.095	0.062	0.045	0.033
6769	72889	0.111	0.046	0.049	0.065
6769	72889	0.135	0.112	0.223	0.247
6769	72889	0.093	0.107	0.242	0.2
6769	72889	0.113	0.013	0.106	0.126
6769	72889	0.085	0.106	0.219	0.191
6769	72889	0.088	0.019	0.104	0.107
6769	72889	0.113	0.089	0.177	0.202
6769	72889	0.107	0.091	0.204	0.198
6769	72889	0.099	0.02	0.127	0.119
6769	72889	0.104	0.302	0.401	0.406
6769	72889	0.125	0.088	0.192	0.213
6769	72889	0.114	0.019	0.144	0.133
6769	72889	0.094	0.05	0.164	0.144
6769	72889	0.113	0.076	0.17	0.189
6769	72889	0.111	0.013	0.126	0.124
6769	72889	0.116	0.071	0.182	0.187
6769	72889	0.134	0.158	0.274	0.292
6769	72889	0.14	0.006	0.14	0.146
6769	72889	0.139	0.058	0.198	0.197
6769	72889	0.133	0.086	0.225	0.219
6769	72889	0.113	0.162	0.295	0.275
6769	72889	0.113	0.138	0.251	0.251
6769	72889	0.0	0.0	0.0	0.0
6769	72889	0.0	0.0	0.0	0.0
6769	72889	0.0	0.0	0.0	0.0
6769	72889	0.0	0.0	0.0	0.0
6769	72889	0.0	0.0	0.0	0.0
6769	72889	0.0	0.0	0.0	0.0
6769	72889	0.0	0.0	0.0	0.0
6769	72889	0.0	0.0	0.0	0.0
6769	72889	0.0	0.0	0.0	0.0
6769	72889	0.0	0.0	0.0	0.0
6769	72889	0.0	0.0	0.0	0.0
6769	72889	0.0	0.0	0.0	0.0
6769	72889	0.0	0.0	0.0	0.0
6769	72889	0.0	0.0	0.0	0.0
6769	72889	0.0	0.0	0.0	0.0
6769	72889	0.0	0.0	0.0	0.0
6769	72889	0.0	0.0	0.0	0.0
6769	72889	0.0	0.0	0.0	0.0
6769	72889	0.0	0.0	0.0	0.0
6769	72898	0.216	0.0	0.0	0.0
6769	72898	0.115	0.109	0.107	0.006
6769	72898	0.108	0.086	0.201	0.194
6769	72898	0.107	0.02	0.088	0.087
6769	72898	0.094	0.045	0.152	0.139
6769	72898	0.11	0.007	0.101	0.117
6769	72898	0.064	0.009	0.101	0.055
6769	72898	0.113	0.046	0.11	0.159
6769	72898	0.074	0.095	0.208	0.169
6769	72898	0.085	0.007	0.081	0.092
6769	72898	0.113	0.088	0.173	0.201
6769	72898	0.102	0.056	0.169	0.158
6769	72898	0.104	0.09	0.192	0.194
6769	72898	0.094	0.037	0.141	0.131
6769	72898	0.085	0.02	0.114	0.105
6769	72898	0.1	0.089	0.174	0.189
6769	72898	0.134	0.019	0.119	0.153
6769	72898	0.12	0.056	0.19	0.176
6769	72898	0.097	0.029	0.149	0.126
6769	72898	0.093	0.248	0.345	0.341
6769	72898	0.094	0.172	0.265	0.266
6769	72898	0.111	0.071	0.165	0.182
6769	72898	0.091	0.047	0.158	0.138
6769	72898	0.078	0.149	0.24	0.227
6769	72898	0.085	0.041	0.119	0.126
6769	72898	0.085	0.046	0.131	0.131
6769	72898	0.098	0.048	0.133	0.146
6769	72898	0.133	0.007	0.105	0.14
6769	72898	0.12	0.039	0.094	0.081
6769	72898	0.094	0.007	0.113	0.087
6769	72898	0.12	0.038	0.132	0.158
6769	72898	0.113	0.027	0.147	0.14
6769	72898	0.1	0.658	0.771	0.758
6769	72898	0.113	0.056	0.156	0.169
6769	72898	0.094	0.006	0.107	0.088
6769	72898	0.107	0.135	0.229	0.242
6769	72898	0.078	0.1	0.207	0.178
6769	72898	0.08	0.094	0.172	0.174
6769	72898	0.113	0.02	0.1	0.133
6769	72898	0.054	0.368	0.481	0.422
6769	72898	0.104	0.142	0.196	0.246
6769	72898	0.11	0.104	0.208	0.214
6769	72898	0.094	0.27	0.38	0.364
6769	72898	0.109	0.074	0.168	0.183
6769	72898	0.098	1.554	1.663	1.652
6769	72898	0.093	0.38	0.478	0.473
6769	72898	0.095	0.063	0.156	0.158
6769	72898	0.0	0.0	0.0	0.0
6769	72898	0.0	0.0	0.0	0.0
6769	72898	0.0	0.0	0.0	0.0
6769	72898	0.0	0.0	0.0	0.0
6769	72898	0.0	0.0	0.0	0.0
6769	72898	0.0	0.0	0.0	0.0
6769	72898	0.0	0.0	0.0	0.0
6769	72898	0.0	0.0	0.0	0.0
6769	72898	0.0	0.0	0.0	0.0
6769	72898	0.0	0.0	0.0	0.0
6769	72898	0.0	0.0	0.0	0.0
6769	72898	0.0	0.0	0.0	0.0
6769	72898	0.0	0.0	0.0	0.0
6769	72898	0.0	0.0	0.0	0.0
6769	72898	0.0	0.0	0.0	0.0
6769	72898	0.0	0.0	0.0	0.0
6769	72898	0.0	0.0	0.0	0.0
6769	72898	0.0	0.0	0.0	0.0
6769	72898	0.0	0.0	0.0	0.0
6769	72898	0.0	0.0	0.0	0.0
6769	72898	0.0	0.0	0.0	0.0
6769	72898	0.0	0.0	0.0	0.0
6769	72898	0.0	0.0	0.0	0.0
6769	72906	0.191	0.0	0.0	0.0
6769	72906	0.094	0.12	0.071	0.026
6769	72906	0.102	0.14	0.234	0.242
6769	72906	0.107	0.086	0.188	0.193
6769	72906	0.118	0.035	0.142	0.153
6769	72906	0.1	0.047	0.165	0.147
6769	72906	0.1	0.115	0.215	0.215
6769	72906	0.091	0.042	0.142	0.133
6769	72906	0.091	0.041	0.132	0.132
6769	72906	0.12	0.141	0.232	0.261
6769	72906	0.114	0.138	0.258	0.252
6769	72906	0.108	0.401	0.515	0.509
6769	72906	0.137	0.221	0.329	0.358
6769	72906	0.116	0.058	0.195	0.174
6769	72906	0.107	0.112	0.228	0.219
6769	72906	0.113	0.081	0.188	0.194
6769	72906	0.126	0.038	0.151	0.164
6769	72906	0.093	0.137	0.263	0.23
6769	72906	0.333	0.667	0.76	1.0
6769	72906	0.072	0.059	0.274	0.013
6769	72906	0.067	0.373	0.445	0.44
6769	72906	0.078	1.029	1.096	1.107
6769	72906	0.0	0.0	0.0	0.0
6769	72906	0.0	0.0	0.0	0.0
6769	72906	0.0	0.0	0.0	0.0
6769	72906	0.0	0.0	0.0	0.0
6769	72906	0.0	0.0	0.0	0.0
6769	72906	0.0	0.0	0.0	0.0
6769	72906	0.0	0.0	0.0	0.0
6769	72906	0.0	0.0	0.0	0.0
6769	72906	0.0	0.0	0.0	0.0
6769	72906	0.0	0.0	0.0	0.0
6769	72906	0.0	0.0	0.0	0.0
6769	72906	0.0	0.0	0.0	0.0
6769	72906	0.0	0.0	0.0	0.0
6769	72906	0.0	0.0	0.0	0.0
6769	72906	0.0	0.0	0.0	0.0
6769	72906	0.0	0.0	0.0	0.0
6769	72906	0.0	0.0	0.0	0.0
6769	72906	0.0	0.0	0.0	0.0
6769	72906	0.0	0.0	0.0	0.0
6769	72906	0.0	0.0	0.0	0.0
6769	72906	0.0	0.0	0.0	0.0
6769	72906	0.0	0.0	0.0	0.0
6769	72906	0.0	0.0	0.0	0.0
6769	72906	0.0	0.0	0.0	0.0
6769	72906	0.0	0.0	0.0	0.0
6769	72906	0.0	0.0	0.0	0.0
6769	72906	0.0	0.0	0.0	0.0
6769	72906	0.0	0.0	0.0	0.0
6769	72906	0.0	0.0	0.0	0.0
6769	72906	0.0	0.0	0.0	0.0
6769	72906	0.0	0.0	0.0	0.0
6769	72906	0.0	0.0	0.0	0.0
6769	72906	0.0	0.0	0.0	0.0
6769	72906	0.0	0.0	0.0	0.0
6769	72906	0.0	0.0	0.0	0.0
6769	72906	0.0	0.0	0.0	0.0
6769	72906	0.0	0.0	0.0	0.0
6769	72906	0.0	0.0	0.0	0.0
6769	72906	0.0	0.0	0.0	0.0
6769	72906	0.0	0.0	0.0	0.0
6769	72906	0.0	0.0	0.0	0.0
6769	72906	0.0	0.0	0.0	0.0
6769	72906	0.0	0.0	0.0	0.0
6769	72906	0.0	0.0	0.0	0.0
6769	72906	0.0	0.0	0.0	0.0
6769	72906	0.0	0.0	0.0	0.0
6769	72906	0.0	0.0	0.0	0.0
6769	72906	0.0	0.0	0.0	0.0
6769	72908	0.266	0.0	0.0	0.0
6769	72908	0.123	0.143	0.123	0.02
6769	72908	0.093	0.089	0.212	0.182
6769	72908	0.116	0.068	0.161	0.184
6769	72908	0.126	0.016	0.1	0.11
6769	72908	0.105	0.061	0.187	0.166
6769	72908	0.126	0.072	0.177	0.198
6769	72908	0.088	0.366	0.492	0.454
6769	72908	0.1	0.068	0.156	0.168
6769	72908	0.244	0.114	0.214	0.358
6769	72908	0.116	0.047	0.197	0.069
6769	72908	0.106	0.02	0.136	0.126
6769	72908	0.1	0.083	0.189	0.183
6769	72908	0.106	0.069	0.169	0.175
6769	72908	0.126	0.007	0.113	0.133
6769	72908	0.058	0.221	0.347	0.279
6769	72908	0.1	0.125	0.183	0.225
6769	72908	0.091	0.079	0.179	0.17
6769	72908	0.094	0.076	0.167	0.17
6769	72908	0.093	0.074	0.168	0.167
6769	72908	0.137	0.061	0.154	0.198
6769	72908	0.084	0.126	0.263	0.21
6769	72908	0.052	0.064	0.02	0.012
6769	72908	0.119	0.084	0.136	0.203
6769	72908	0.171	0.027	0.146	0.198
6769	72908	0.078	0.195	0.366	0.273
6769	72908	0.106	0.076	0.154	0.182
6769	72908	0.116	0.067	0.173	0.183
6769	72908	0.129	0.006	0.122	0.135
6769	72908	0.105	0.012	0.141	0.117
6769	72908	0.133	0.012	0.117	0.145
6769	72908	0.104	0.016	0.149	0.12
6769	72908	0.085	0.048	0.152	0.133
6769	72908	0.098	0.054	0.139	0.152
6769	72908	0.098	0.009	0.107	0.107
6769	72908	0.1	0.106	0.204	0.206
6769	72908	0.113	0.056	0.156	0.169
6769	72908	0.094	0.083	0.196	0.177
6769	72908	0.095	0.472	0.566	0.567
6769	72908	0.112	0.1	0.195	0.212
6769	72908	0.078	0.832	0.944	0.91
6769	72908	0.078	0.248	0.326	0.326
6769	72908	0.387	0.641	0.719	1.028
6769	72908	0.075	0.048	0.339	0.027
6769	72908	0.0	0.0	0.0	0.0
6769	72908	0.0	0.0	0.0	0.0
6769	72908	0.0	0.0	0.0	0.0
6769	72908	0.0	0.0	0.0	0.0
6769	72908	0.0	0.0	0.0	0.0
6769	72908	0.0	0.0	0.0	0.0
6769	72908	0.0	0.0	0.0	0.0
6769	72908	0.0	0.0	0.0	0.0
6769	72908	0.0	0.0	0.0	0.0
6769	72908	0.0	0.0	0.0	0.0
6769	72908	0.0	0.0	0.0	0.0
6769	72908	0.0	0.0	0.0	0.0
6769	72908	0.0	0.0	0.0	0.0
6769	72908	0.0	0.0	0.0	0.0
6769	72908	0.0	0.0	0.0	0.0
6769	72908	0.0	0.0	0.0	0.0
6769	72908	0.0	0.0	0.0	0.0
6769	72908	0.0	0.0	0.0	0.0
6769	72908	0.0	0.0	0.0	0.0
6769	72908	0.0	0.0	0.0	0.0
6769	72908	0.0	0.0	0.0	0.0
6769	72908	0.0	0.0	0.0	0.0
6769	72908	0.0	0.0	0.0	0.0
6769	72908	0.0	0.0	0.0	0.0
6769	72908	0.0	0.0	0.0	0.0
6769	72908	0.0	0.0	0.0	0.0
6769	72917	0.236	0.0	0.0	0.0
6769	72917	0.109	0.143	0.093	0.034
6769	72917	0.066	0.154	0.263	0.22
6769	72917	0.096	0.043	0.109	0.139
6769	72917	0.084	0.036	0.132	0.12
6769	72917	0.113	0.066	0.15	0.179
6769	72917	0.132	0.041	0.072	0.091
6769	72917	0.106	0.006	0.126	0.1
6769	72917	0.107	0.089	0.195	0.196
6769	72917	0.126	0.074	0.181	0.2
6769	72917	0.126	0.013	0.113	0.113
6769	72917	0.12	0.017	0.109	0.103
6769	72917	0.107	0.316	0.436	0.423
6769	72917	0.088	0.112	0.219	0.2
6769	72917	0.101	0.085	0.173	0.186
6769	72917	0.106	0.02	0.121	0.126
6769	72917	0.076	0.096	0.202	0.172
6769	72917	0.096	0.671	0.747	0.767
6769	72917	0.105	0.161	0.257	0.266
6769	72917	0.072	0.127	0.232	0.199
6769	72917	0.104	0.066	0.138	0.17
6769	72917	0.11	0.109	0.213	0.219
6769	72917	0.087	0.084	0.194	0.171
6769	72917	0.106	0.037	0.124	0.143
6769	72917	0.119	0.274	0.38	0.393
6769	72917	0.106	0.073	0.192	0.179
6769	72917	0.11	0.549	0.655	0.659
6769	72917	0.092	0.398	0.508	0.49
6769	72917	0.12	0.136	0.228	0.256
6769	72917	0.098	0.064	0.184	0.162
6769	72917	0.107	0.082	0.18	0.189
6769	72917	0.094	0.032	0.139	0.126
6769	72917	0.087	0.032	0.126	0.119
6769	72917	0.08	0.058	0.145	0.138
6769	72917	0.178	0.272	0.352	0.45
6769	72917	0.12	0.137	0.315	0.257
6769	72917	0.159	0.082	0.202	0.241
6769	72917	0.124	0.442	0.601	0.566
6769	72917	0.098	0.085	0.209	0.183
6769	72917	0.146	0.075	0.173	0.221
6769	72917	0.12	0.013	0.133	0.107
6769	72917	0.087	0.044	0.164	0.131
6769	72917	0.104	0.058	0.145	0.162
6769	72917	0.12	0.111	0.215	0.231
6769	72917	0.159	0.006	0.114	0.153
6769	72917	0.096	0.013	0.146	0.083
6769	72917	0.107	0.165	0.261	0.272
6769	72917	0.0	0.0	0.0	0.0
6769	72917	0.0	0.0	0.0	0.0
6769	72917	0.0	0.0	0.0	0.0
6769	72917	0.0	0.0	0.0	0.0
6769	72917	0.0	0.0	0.0	0.0
6769	72917	0.0	0.0	0.0	0.0
6769	72917	0.0	0.0	0.0	0.0
6769	72917	0.0	0.0	0.0	0.0
6769	72917	0.0	0.0	0.0	0.0
6769	72917	0.0	0.0	0.0	0.0
6769	72917	0.0	0.0	0.0	0.0
6769	72917	0.0	0.0	0.0	0.0
6769	72917	0.0	0.0	0.0	0.0
6769	72917	0.0	0.0	0.0	0.0
6769	72917	0.0	0.0	0.0	0.0
6769	72917	0.0	0.0	0.0	0.0
6769	72917	0.0	0.0	0.0	0.0
6769	72917	0.0	0.0	0.0	0.0
6769	72917	0.0	0.0	0.0	0.0
6769	72917	0.0	0.0	0.0	0.0
6769	72917	0.0	0.0	0.0	0.0
6769	72917	0.0	0.0	0.0	0.0
6769	72917	0.0	0.0	0.0	0.0
6769	72925	0.26	0.0	0.0	0.0
6769	72925	0.102	0.155	0.105	0.053
6769	72925	0.088	0.115	0.217	0.203
6769	72925	0.098	0.012	0.1	0.11
6769	72925	0.122	0.065	0.163	0.187
6769	72925	0.05	0.096	0.218	0.146
6769	72925	0.11	0.738	0.788	0.848
6769	72925	0.113	0.068	0.178	0.181
6769	72925	0.12	0.113	0.226	0.233
6769	72925	0.101	0.056	0.176	0.157
6769	72925	0.126	0.032	0.133	0.158
6769	72925	0.092	0.201	0.327	0.293
6769	72925	0.098	0.577	0.669	0.675
6769	72925	0.153	0.171	0.269	0.324
6769	72925	0.098	0.404	0.557	0.502
6769	72925	0.114	0.149	0.247	0.263
6769	72925	0.098	0.124	0.238	0.222
6769	72925	0.072	0.071	0.169	0.143
6769	72925	0.094	0.007	0.065	0.087
6769	72925	0.115	0.013	0.107	0.128
6769	72925	0.079	0.006	0.109	0.073
6769	72925	0.1	0.076	0.155	0.176
6769	72925	0.113	0.026	0.126	0.139
6769	72925	0.097	0.101	0.214	0.198
6769	72925	0.146	0.053	0.15	0.199
6769	72925	0.092	0.192	0.338	0.284
6769	72925	0.113	0.425	0.517	0.538
6769	72925	0.094	0.086	0.199	0.18
6769	72925	0.098	0.094	0.188	0.192
6769	72925	0.101	0.052	0.15	0.153
6769	72925	0.107	0.197	0.298	0.304
6769	72925	0.104	0.09	0.197	0.194
6769	72925	0.107	0.013	0.091	0.094
6769	72925	0.132	0.073	0.18	0.205
6769	72925	0.12	0.038	0.17	0.158
6769	72925	0.126	0.019	0.101	0.107
6769	72925	0.107	0.035	0.091	0.072
6769	72925	0.126	0.117	0.224	0.243
6769	72925	0.099	0.095	0.221	0.194
6769	72925	0.096	0.08	0.179	0.176
6769	72925	0.117	0.076	0.172	0.193
6769	72925	0.104	0.016	0.133	0.12
6769	72925	0.12	0.101	0.205	0.221
6769	72925	0.134	0.129	0.249	0.263
6769	72925	0.093	0.013	0.121	0.08
6769	72925	0.133	0.038	0.131	0.171
6769	72925	0.122	0.13	0.263	0.252
6769	72925	0.106	0.013	0.135	0.119
6769	72925	0.107	0.02	0.126	0.127
6769	72925	0.093	0.051	0.158	0.144
6769	72925	0.098	0.089	0.182	0.187
6769	72925	0.104	0.028	0.126	0.132
6769	72925	0.107	0.124	0.228	0.231
6769	72925	0.1	0.1	0.207	0.2
6769	72925	0.099	0.033	0.067	0.066
6769	72925	0.115	0.02	0.079	0.095
6769	72925	0.113	0.179	0.294	0.292
6769	72925	0.107	0.058	0.171	0.165
6769	72925	0.12	0.11	0.217	0.23
6769	72925	0.101	0.013	0.133	0.114
6769	72925	0.111	0.046	0.147	0.157
6769	72925	0.107	0.088	0.199	0.195
6769	72925	0.093	0.132	0.239	0.225
6769	72925	0.086	0.259	0.352	0.345
6769	72925	0.083	0.557	0.643	0.64
6769	72925	0.099	0.116	0.199	0.215
6769	72925	0.11	0.193	0.292	0.303
6769	72925	0.0	0.0	0.0	0.0
6769	72925	0.0	0.0	0.0	0.0
6769	72925	0.0	0.0	0.0	0.0
6769	72937	0.206	0.0	0.0	0.0
6769	72937	0.111	0.099	0.107	0.012
6769	72937	0.114	0.095	0.206	0.209
6769	72937	0.13	0.032	0.146	0.162
6769	72937	0.105	0.01	0.12	0.095
6769	72937	0.097	0.022	0.127	0.119
6769	72937	0.093	0.066	0.163	0.159
6769	72937	0.113	0.097	0.19	0.21
6769	72937	0.107	0.045	0.068	0.062
6769	72937	0.117	0.013	0.094	0.104
6769	72937	0.127	0.072	0.189	0.199
6769	72937	0.092	0.04	0.087	0.052
6769	72937	0.081	0.088	0.18	0.169
6769	72937	0.107	0.195	0.276	0.302
6769	72937	0.107	0.124	0.231	0.231
6769	72937	0.1	0.045	0.152	0.145
6769	72937	0.1	0.02	0.12	0.12
6769	72937	0.079	0.056	0.156	0.135
6769	72937	0.099	0.093	0.172	0.192
6769	72937	0.12	0.013	0.112	0.133
6769	72937	0.087	0.082	0.202	0.169
6769	72937	0.146	0.007	0.094	0.153
6769	72937	0.113	0.026	0.172	0.139
6769	72937	0.126	0.006	0.107	0.12
6769	72937	0.106	0.014	0.14	0.12
6769	72937	0.092	0.051	0.157	0.143
6769	72937	0.128	0.007	0.099	0.135
6769	72937	0.097	0.026	0.102	0.071
6769	72937	0.126	0.026	0.071	0.1
6769	72937	0.186	0.2	0.326	0.386
6769	72937	0.127	0.095	0.091	0.032
6769	72937	0.106	0.059	0.186	0.165
6769	72937	0.113	0.027	0.133	0.14
6769	72937	0.094	0.136	0.249	0.23
6769	72937	0.128	0.099	0.193	0.227
6769	72937	0.113	0.053	0.181	0.166
6769	72937	0.1	0.22	0.333	0.32
6769	72937	0.093	0.118	0.218	0.211
6769	72937	0.093	0.149	0.242	0.242
6769	72937	0.102	0.142	0.235	0.244
6769	72937	0.087	0.05	0.152	0.137
6769	72937	0.08	0.231	0.318	0.311
6769	72937	0.0	0.0	0.0	0.0
6769	72937	0.0	0.0	0.0	0.0
6769	72937	0.0	0.0	0.0	0.0
6769	72937	0.0	0.0	0.0	0.0
6769	72937	0.0	0.0	0.0	0.0
6769	72937	0.0	0.0	0.0	0.0
6769	72937	0.0	0.0	0.0	0.0
6769	72937	0.0	0.0	0.0	0.0
6769	72937	0.0	0.0	0.0	0.0
6769	72937	0.0	0.0	0.0	0.0
6769	72937	0.0	0.0	0.0	0.0
6769	72937	0.0	0.0	0.0	0.0
6769	72937	0.0	0.0	0.0	0.0
6769	72937	0.0	0.0	0.0	0.0
6769	72937	0.0	0.0	0.0	0.0
6769	72937	0.0	0.0	0.0	0.0
6769	72937	0.0	0.0	0.0	0.0
6769	72937	0.0	0.0	0.0	0.0
6769	72937	0.0	0.0	0.0	0.0
6769	72937	0.0	0.0	0.0	0.0
6769	72937	0.0	0.0	0.0	0.0
6769	72937	0.0	0.0	0.0	0.0
6769	72937	0.0	0.0	0.0	0.0
6769	72937	0.0	0.0	0.0	0.0
6769	72937	0.0	0.0	0.0	0.0
6769	72937	0.0	0.0	0.0	0.0
6769	72937	0.0	0.0	0.0	0.0
6769	72937	0.0	0.0	0.0	0.0
6769	72943	0.215	0.0	0.0	0.0
6769	72943	0.134	0.092	0.123	0.042
6769	72943	0.114	0.037	0.171	0.151
6769	72943	0.113	0.101	0.215	0.214
6769	72943	0.084	0.019	0.094	0.065
6769	72943	0.094	0.107	0.191	0.201
6769	72943	0.146	0.08	0.174	0.226
6769	72943	0.113	0.073	0.219	0.186
6769	72943	0.107	0.02	0.133	0.127
6769	72943	0.119	0.014	0.121	0.133
6769	72943	0.127	0.074	0.193	0.201
6769	72943	0.12	0.072	0.055	0.048
6769	72943	0.111	0.026	0.094	0.085
6769	72943	0.106	0.013	0.098	0.093
6769	72943	0.192	0.222	0.328	0.414
6769	72943	0.107	0.387	0.579	0.494
6769	72943	0.134	0.664	0.771	0.798
6769	72943	0.104	0.262	0.396	0.366
6769	72943	0.098	0.11	0.214	0.208
6769	72943	0.11	0.142	0.24	0.252
6769	72943	0.098	0.079	0.189	0.177
6769	72943	0.101	0.109	0.207	0.21
6769	72943	0.119	0.043	0.144	0.162
6769	72943	0.1	0.095	0.214	0.195
6769	72943	0.12	0.007	0.093	0.113
6769	72943	0.126	0.16	0.28	0.286
6769	72943	0.133	0.094	0.22	0.227
6769	72943	0.094	0.044	0.177	0.138
6769	72943	0.128	0.033	0.127	0.161
6769	72943	0.12	0.05	0.178	0.17
6769	72943	0.091	0.671	0.791	0.762
6769	72943	0.152	0.054	0.145	0.206
6769	72943	0.11	0.39	0.542	0.5
6769	72943	0.185	0.007	0.117	0.192
6769	72943	0.146	0.091	0.094	0.055
6769	72943	0.098	0.118	0.264	0.216
6769	72943	0.105	0.04	0.138	0.145
6769	72943	0.091	0.022	0.127	0.113
6769	72943	0.109	0.101	0.192	0.21
6769	72943	0.1	0.014	0.095	0.086
6769	72943	0.139	0.046	0.146	0.185
6769	72943	0.1	0.006	0.133	0.094
6769	72943	0.094	0.427	0.527	0.521
6769	72943	0.06	0.575	0.669	0.635
6769	72943	0.056	0.22	0.28	0.276
6769	72943	0.087	0.408	0.464	0.495
6769	72943	0.09	0.189	0.276	0.279
6769	72943	0.0	0.0	0.0	0.0
6769	72943	0.0	0.0	0.0	0.0
6769	72943	0.0	0.0	0.0	0.0
6769	72943	0.0	0.0	0.0	0.0
6769	72943	0.0	0.0	0.0	0.0
6769	72943	0.0	0.0	0.0	0.0
6769	72943	0.0	0.0	0.0	0.0
6769	72943	0.0	0.0	0.0	0.0
6769	72943	0.0	0.0	0.0	0.0
6769	72943	0.0	0.0	0.0	0.0
6769	72943	0.0	0.0	0.0	0.0
6769	72943	0.0	0.0	0.0	0.0
6769	72943	0.0	0.0	0.0	0.0
6769	72943	0.0	0.0	0.0	0.0
6769	72943	0.0	0.0	0.0	0.0
6769	72943	0.0	0.0	0.0	0.0
6769	72943	0.0	0.0	0.0	0.0
6769	72943	0.0	0.0	0.0	0.0
6769	72943	0.0	0.0	0.0	0.0
6769	72943	0.0	0.0	0.0	0.0
6769	72943	0.0	0.0	0.0	0.0
6769	72943	0.0	0.0	0.0	0.0
6769	72943	0.0	0.0	0.0	0.0
6769	72955	0.228	0.0	0.0	0.0
6769	72955	0.103	0.085	0.143	0.018
6769	72955	0.121	0.075	0.178	0.196
6769	72955	0.118	0.008	0.113	0.11
6769	72955	0.078	0.009	0.127	0.087
6769	72955	0.12	0.136	0.214	0.256
6769	72955	0.114	0.1	0.22	0.214
6769	72955	0.106	0.136	0.25	0.242
6769	72955	0.106	0.23	0.336	0.336
6769	72955	0.106	0.088	0.194	0.194
6769	72955	0.1	0.119	0.225	0.219
6769	72955	0.113	0.085	0.185	0.198
6769	72955	0.1	0.101	0.214	0.201
6769	72955	0.1	0.063	0.163	0.163
6769	72955	0.105	0.088	0.188	0.193
6769	72955	0.116	0.027	0.078	0.089
6769	72955	0.091	0.077	0.193	0.168
6769	72955	0.139	0.041	0.132	0.18
6769	72955	0.125	0.013	0.126	0.112
6769	72955	0.098	0.02	0.145	0.118
6769	72955	0.093	0.101	0.199	0.194
6769	72955	0.1	0.136	0.229	0.236
6769	72955	0.174	0.094	0.194	0.268
6769	72955	0.113	0.05	0.224	0.163
6769	72955	0.152	0.108	0.221	0.26
6769	72955	0.094	0.105	0.257	0.199
6769	72955	0.099	0.078	0.172	0.177
6769	72955	0.106	0.038	0.137	0.144
6769	72955	0.1	0.02	0.126	0.12
6769	72955	0.098	0.052	0.152	0.15
6769	72955	0.254	0.3	0.398	0.554
6769	72955	0.108	0.163	0.091	0.055
6769	72955	0.081	0.141	0.249	0.222
6769	72955	0.126	0.032	0.113	0.158
6769	72955	0.1	0.16	0.286	0.26
6769	72955	0.093	0.593	0.693	0.686
6769	72955	0.119	0.063	0.156	0.182
6769	72955	0.106	0.033	0.152	0.139
6769	72955	0.119	0.083	0.189	0.202
6769	72955	0.113	0.064	0.183	0.177
6769	72955	0.1	0.15	0.263	0.25
6769	72955	0.101	0.062	0.162	0.163
6769	72955	0.1	0.038	0.139	0.138
6769	72955	0.093	0.118	0.218	0.211
6769	72955	0.091	0.1	0.193	0.191
6769	72955	0.12	0.013	0.104	0.133
6769	72955	0.091	0.036	0.156	0.127
6769	72955	0.121	0.013	0.104	0.134
6769	72955	0.12	0.073	0.194	0.193
6769	72955	0.153	0.119	0.239	0.272
6769	72955	0.121	0.095	0.058	0.026
6769	72955	0.107	0.573	0.694	0.68
6769	72955	0.127	0.209	0.316	0.336
6769	72955	0.127	0.575	0.702	0.702
6769	72955	0.106	0.075	0.202	0.181
6769	72955	0.1	0.02	0.126	0.12
6769	72955	0.113	0.006	0.094	0.107
6769	72955	0.101	0.01	0.103	0.091
6769	72955	0.341	0.075	0.176	0.416
6769	72955	0.133	0.214	0.127	0.081
6769	72955	0.094	0.131	0.264	0.225
6769	72955	0.087	0.154	0.248	0.241
6769	72955	0.093	0.366	0.453	0.459
6769	72955	0.103	0.138	0.231	0.241
6769	72955	0.084	0.129	0.232	0.213
6769	72955	0.113	0.065	0.149	0.178
6769	72955	0.087	0.195	0.308	0.282
6769	72955	0.0	0.0	0.0	0.0
6769	72955	0.0	0.0	0.0	0.0
6769	72955	0.0	0.0	0.0	0.0
6769	72967	0.488	0.0	0.0	0.0
6769	72967	0.141	0.299	0.189	0.158
6769	72967	0.116	0.119	0.26	0.235
6769	72967	0.122	0.083	0.199	0.205
6769	72967	0.113	0.065	0.187	0.178
6769	72967	1.092	0.053	0.166	1.145
6769	72967	0.121	0.958	0.134	0.837
6769	72967	0.12	0.251	0.372	0.371
6769	72967	0.118	0.19	0.31	0.308
6769	72967	0.153	0.197	0.315	0.35
6769	72967	0.14	0.035	0.188	0.175
6769	72967	0.1	0.061	0.079	0.039
6769	72967	0.133	0.101	0.201	0.234
6769	72967	0.101	0.183	0.316	0.284
6769	72967	0.1	0.265	0.366	0.365
6769	72967	0.1	0.112	0.212	0.212
6769	72967	0.122	0.135	0.235	0.257
6769	72967	0.094	0.018	0.104	0.076
6769	72967	0.1	0.113	0.207	0.213
6769	72967	0.116	0.039	0.139	0.155
6769	72967	0.133	0.07	0.186	0.203
6769	72967	0.1	0.165	0.298	0.265
6769	72967	0.1	0.068	0.168	0.168
6769	72967	0.1	0.038	0.138	0.138
6769	72967	0.085	0.094	0.194	0.179
6769	72967	0.099	0.06	0.145	0.159
6769	72967	0.085	0.127	0.226	0.212
6769	72967	0.078	0.042	0.127	0.12
6769	72967	0.107	0.1	0.178	0.207
6769	72967	0.1	0.013	0.12	0.113
6769	72967	0.12	0.334	0.434	0.454
6769	72967	0.088	0.118	0.238	0.206
6769	72967	0.122	0.019	0.107	0.141
6769	72967	0.08	0.075	0.197	0.155
6769	72967	0.078	0.078	0.158	0.156
6769	72967	0.106	0.107	0.185	0.213
6769	72967	0.106	0.039	0.145	0.145
6769	72967	0.147	0.44	0.546	0.587
6769	72967	0.1	0.086	0.233	0.186
6769	72967	0.094	0.088	0.188	0.182
6769	72967	0.107	0.166	0.26	0.273
6769	72967	0.085	0.117	0.224	0.202
6769	72967	0.145	0.042	0.127	0.187
6769	72967	0.099	0.299	0.444	0.398
6769	72967	0.105	0.108	0.207	0.213
6769	72967	0.111	0.146	0.251	0.257
6769	72967	0.078	0.096	0.207	0.174
6769	72967	0.119	0.513	0.591	0.632
6769	72967	0.088	0.092	0.211	0.18
6769	72967	0.1	0.05	0.138	0.15
6769	72967	0.111	0.222	0.322	0.333
6769	72967	0.093	0.555	0.666	0.648
6769	72967	0.099	0.073	0.166	0.172
6769	72967	0.121	0.082	0.181	0.203
6769	72967	0.072	0.115	0.236	0.187
6769	72967	0.104	0.071	0.143	0.175
6769	72967	0.114	0.64	0.744	0.754
6769	72967	0.11	0.033	0.147	0.143
6769	72967	0.098	0.085	0.195	0.183
6769	72967	0.106	0.072	0.17	0.178
6769	72967	0.1	0.135	0.241	0.235
6769	72967	0.107	0.226	0.326	0.333
6769	72967	0.113	0.154	0.261	0.267
6769	72967	0.107	0.142	0.255	0.249
6769	72967	0.11	0.424	0.531	0.534
6769	72967	0.097	0.063	0.173	0.16
6769	72967	0.093	0.106	0.203	0.199
6769	72967	0.113	0.086	0.179	0.199
6769	72967	0.077	0.269	0.382	0.346
6769	72967	0.104	0.188	0.265	0.292
6769	72985	0.233	0.0	0.0	0.0
6769	72985	0.11	0.104	0.129	0.006
6769	72985	0.096	0.222	0.332	0.318
6769	72985	0.099	0.192	0.288	0.291
6769	72985	0.097	0.065	0.164	0.162
6769	72985	0.126	0.007	0.104	0.133
6769	72985	0.126	0.049	0.175	0.175
6769	72985	0.098	0.006	0.12	0.092
6769	72985	0.092	0.404	0.502	0.496
6769	72985	0.107	0.006	0.098	0.113
6769	72985	0.126	0.118	0.225	0.244
6769	72985	0.121	0.072	0.198	0.193
6769	72985	0.089	0.049	0.072	0.04
6769	72985	0.096	0.05	0.039	0.046
6769	72985	0.133	0.083	0.179	0.216
6769	72985	0.091	0.007	0.126	0.084
6769	72985	0.107	0.076	0.167	0.183
6769	72985	0.114	0.061	0.046	0.053
6769	72985	0.113	0.058	0.172	0.171
6769	72985	0.106	0.08	0.193	0.186
6769	72985	0.124	0.065	0.171	0.189
6769	72985	0.102	0.118	0.242	0.22
6769	72985	0.14	0.02	0.122	0.16
6769	72985	0.12	0.039	0.101	0.081
6769	72985	0.113	0.026	0.094	0.087
6769	72985	0.106	0.081	0.194	0.187
6769	72985	0.094	0.094	0.2	0.188
6769	72985	0.091	0.123	0.217	0.214
6769	72985	0.12	0.077	0.168	0.197
6769	72985	0.095	0.014	0.134	0.109
6769	72985	0.088	0.202	0.297	0.29
6769	72985	0.0	0.0	0.0	0.0
6769	72985	0.0	0.0	0.0	0.0
6769	72985	0.0	0.0	0.0	0.0
6769	72985	0.0	0.0	0.0	0.0
6769	72985	0.0	0.0	0.0	0.0
6769	72985	0.0	0.0	0.0	0.0
6769	72985	0.0	0.0	0.0	0.0
6769	72985	0.0	0.0	0.0	0.0
6769	72985	0.0	0.0	0.0	0.0
6769	72985	0.0	0.0	0.0	0.0
6769	72985	0.0	0.0	0.0	0.0
6769	72985	0.0	0.0	0.0	0.0
6769	72985	0.0	0.0	0.0	0.0
6769	72985	0.0	0.0	0.0	0.0
6769	72985	0.0	0.0	0.0	0.0
6769	72985	0.0	0.0	0.0	0.0
6769	72985	0.0	0.0	0.0	0.0
6769	72985	0.0	0.0	0.0	0.0
6769	72985	0.0	0.0	0.0	0.0
6769	72985	0.0	0.0	0.0	0.0
6769	72985	0.0	0.0	0.0	0.0
6769	72985	0.0	0.0	0.0	0.0
6769	72985	0.0	0.0	0.0	0.0
6769	72985	0.0	0.0	0.0	0.0
6769	72985	0.0	0.0	0.0	0.0
6769	72985	0.0	0.0	0.0	0.0
6769	72985	0.0	0.0	0.0	0.0
6769	72985	0.0	0.0	0.0	0.0
6769	72985	0.0	0.0	0.0	0.0
6769	72985	0.0	0.0	0.0	0.0
6769	72985	0.0	0.0	0.0	0.0
6769	72985	0.0	0.0	0.0	0.0
6769	72985	0.0	0.0	0.0	0.0
6769	72985	0.0	0.0	0.0	0.0
6769	72985	0.0	0.0	0.0	0.0
6769	72985	0.0	0.0	0.0	0.0
6769	72985	0.0	0.0	0.0	0.0
6769	72985	0.0	0.0	0.0	0.0
6769	72985	0.0	0.0	0.0	0.0
