PARTICIPANT_ID	TEST_SECTION_ID	HOLD_LATENCY	INTERKEY_LATENCY	PRESS_LATENCY	RELEASE_LATENCY
6984	75052	0.39	0.0	0.0	0.0
6984	75052	0.157	0.126	0.516	0.283
6984	75052	0.173	0.079	0.078	0.094
6984	75052	0.119	0.078	0.251	0.197
6984	75052	0.156	0.04	0.079	0.116
6984	75052	0.094	0.062	0.218	0.156
6984	75052	0.111	0.172	0.266	0.283
6984	75052	0.052	0.235	0.346	0.287
6984	75052	0.081	0.188	0.24	0.269
6984	75052	0.119	0.008	0.089	0.127
6984	75052	0.113	0.0	0.119	0.113
6984	75052	0.174	0.127	0.24	0.301
6984	75052	0.161	0.127	0.047	0.034
6984	75052	0.152	0.063	0.224	0.215
6984	75052	0.085	0.06	0.092	0.025
6984	75052	0.116	0.546	0.631	0.662
6984	75052	0.088	0.079	0.195	0.167
6984	75052	0.069	0.347	0.435	0.416
6984	75052	0.103	0.097	0.166	0.2
6984	75052	0.1	0.032	0.071	0.068
6984	75052	0.096	0.109	0.209	0.205
6984	75052	0.137	0.019	0.077	0.118
6984	75052	0.052	0.36	0.497	0.412
6984	75052	0.06	0.124	0.176	0.184
6984	75052	0.126	0.126	0.186	0.252
6984	75052	0.129	0.038	0.088	0.091
6984	75052	0.12	0.015	0.144	0.135
6984	75052	0.163	0.188	0.308	0.351
6984	75052	0.354	0.309	0.472	0.663
6984	75052	0.056	0.214	0.568	0.27
6984	75052	0.068	0.1	0.156	0.168
6984	75052	0.124	0.211	0.279	0.335
6984	75052	0.065	0.485	0.609	0.55
6984	75052	0.076	0.11	0.175	0.186
6984	75052	0.066	0.283	0.359	0.349
6984	75052	0.077	0.093	0.159	0.17
6984	75052	0.087	0.141	0.218	0.228
6984	75052	0.085	0.078	0.165	0.163
6984	75052	0.088	0.098	0.183	0.186
6984	75052	0.103	0.047	0.135	0.15
6984	75052	0.105	0.031	0.134	0.136
6984	75052	0.159	0.328	0.433	0.487
6984	75052	0.104	0.042	0.117	0.062
6984	75052	0.1	0.081	0.185	0.181
6984	75052	0.142	0.047	0.147	0.189
6984	75052	0.088	0.119	0.261	0.207
6984	75052	0.104	0.232	0.32	0.336
6984	75052	0.097	0.015	0.119	0.112
6984	75052	0.071	0.088	0.185	0.159
6984	75052	0.0	0.0	0.0	0.0
6984	75052	0.0	0.0	0.0	0.0
6984	75052	0.0	0.0	0.0	0.0
6984	75052	0.0	0.0	0.0	0.0
6984	75052	0.0	0.0	0.0	0.0
6984	75052	0.0	0.0	0.0	0.0
6984	75052	0.0	0.0	0.0	0.0
6984	75052	0.0	0.0	0.0	0.0
6984	75052	0.0	0.0	0.0	0.0
6984	75052	0.0	0.0	0.0	0.0
6984	75052	0.0	0.0	0.0	0.0
6984	75052	0.0	0.0	0.0	0.0
6984	75052	0.0	0.0	0.0	0.0
6984	75052	0.0	0.0	0.0	0.0
6984	75052	0.0	0.0	0.0	0.0
6984	75052	0.0	0.0	0.0	0.0
6984	75052	0.0	0.0	0.0	0.0
6984	75052	0.0	0.0	0.0	0.0
6984	75052	0.0	0.0	0.0	0.0
6984	75052	0.0	0.0	0.0	0.0
6984	75052	0.0	0.0	0.0	0.0
6984	75058	0.239	0.0	0.0	0.0
6984	75058	0.138	0.08	0.159	0.058
6984	75058	0.141	0.026	0.112	0.115
6984	75058	0.084	0.099	0.24	0.183
6984	75058	0.145	0.37	0.454	0.515
6984	75058	0.095	0.001	0.146	0.096
6984	75058	0.112	0.056	0.151	0.168
6984	75058	0.121	0.095	0.207	0.216
6984	75058	0.065	0.081	0.04	0.016
6984	75058	0.128	0.495	0.56	0.623
6984	75058	0.079	0.032	0.096	0.047
6984	75058	0.048	0.12	0.199	0.168
6984	75058	0.051	0.126	0.174	0.177
6984	75058	0.065	0.396	0.447	0.461
6984	75058	0.063	0.122	0.187	0.185
6984	75058	0.055	0.16	0.223	0.215
6984	75058	0.064	0.073	0.128	0.137
6984	75058	0.1	0.092	0.156	0.192
6984	75058	0.105	0.031	0.131	0.136
6984	75058	0.119	0.016	0.121	0.135
6984	75058	0.088	0.033	0.152	0.121
6984	75058	0.144	0.24	0.328	0.384
6984	75058	0.095	0.08	0.064	0.015
6984	75058	0.135	0.077	0.172	0.212
6984	75058	0.086	0.016	0.151	0.102
6984	75058	0.135	0.167	0.253	0.302
6984	75058	0.045	0.378	0.513	0.423
6984	75058	0.067	0.39	0.435	0.457
6984	75058	0.089	0.188	0.255	0.277
6984	75058	0.099	0.039	0.05	0.06
6984	75058	0.15	0.078	0.177	0.228
6984	75058	0.072	0.247	0.397	0.319
6984	75058	0.068	0.083	0.155	0.151
6984	75058	0.067	0.094	0.162	0.161
6984	75058	0.068	0.24	0.307	0.308
6984	75058	0.131	0.032	0.1	0.163
6984	75058	0.148	0.048	0.179	0.196
6984	75058	0.078	0.5	0.648	0.578
6984	75058	0.097	0.061	0.139	0.158
6984	75058	0.11	0.093	0.19	0.203
6984	75058	0.103	0.095	0.205	0.198
6984	75058	0.066	0.063	0.166	0.129
6984	75058	0.119	0.017	0.049	0.102
6984	75058	0.176	0.065	0.184	0.241
6984	75058	0.121	0.073	0.103	0.048
6984	75058	0.181	0.059	0.18	0.24
6984	75058	0.185	0.006	0.187	0.191
6984	75058	0.152	0.087	0.098	0.065
6984	75058	0.076	0.154	0.306	0.23
6984	75058	0.056	0.112	0.188	0.168
6984	75058	0.089	0.084	0.14	0.173
6984	75058	0.183	0.141	0.23	0.324
6984	75058	0.116	0.032	0.151	0.084
6984	75058	0.151	0.069	0.047	0.082
6984	75058	0.136	0.036	0.187	0.172
6984	75058	0.099	0.435	0.571	0.534
6984	75058	0.169	0.125	0.224	0.294
6984	75058	0.072	0.183	0.352	0.255
6984	75058	0.115	0.834	0.906	0.949
6984	75058	0.0	0.0	0.0	0.0
6984	75058	0.0	0.0	0.0	0.0
6984	75058	0.0	0.0	0.0	0.0
6984	75058	0.0	0.0	0.0	0.0
6984	75058	0.0	0.0	0.0	0.0
6984	75058	0.0	0.0	0.0	0.0
6984	75058	0.0	0.0	0.0	0.0
6984	75058	0.0	0.0	0.0	0.0
6984	75058	0.0	0.0	0.0	0.0
6984	75058	0.0	0.0	0.0	0.0
6984	75058	0.0	0.0	0.0	0.0
6984	75064	0.203	0.0	0.0	0.0
6984	75064	0.094	0.141	0.062	0.047
6984	75064	0.075	0.161	0.255	0.236
6984	75064	0.172	0.076	0.151	0.248
6984	75064	0.168	0.065	0.107	0.103
6984	75064	0.18	0.555	0.723	0.735
6984	75064	0.141	0.077	0.103	0.064
6984	75064	0.115	0.01	0.151	0.125
6984	75064	0.187	0.083	0.198	0.27
6984	75064	0.134	0.086	0.101	0.048
6984	75064	0.113	0.015	0.119	0.098
6984	75064	0.104	0.062	0.175	0.166
6984	75064	0.109	0.032	0.136	0.141
6984	75064	0.176	0.04	0.149	0.216
6984	75064	0.136	0.013	0.189	0.149
6984	75064	0.118	0.052	0.084	0.066
6984	75064	0.064	0.206	0.324	0.27
6984	75064	0.112	0.072	0.136	0.184
6984	75064	0.119	0.073	0.185	0.192
6984	75064	0.113	0.263	0.382	0.376
6984	75064	0.145	0.127	0.24	0.272
6984	75064	0.12	0.015	0.13	0.105
6984	75064	0.086	0.282	0.402	0.368
6984	75064	0.099	0.085	0.171	0.184
6984	75064	0.102	0.016	0.115	0.118
6984	75064	0.17	0.172	0.274	0.342
6984	75064	0.131	0.058	0.112	0.073
6984	75064	0.077	0.282	0.413	0.359
6984	75064	0.08	0.104	0.181	0.184
6984	75064	0.157	0.057	0.137	0.214
6984	75064	0.104	0.073	0.084	0.031
6984	75064	0.101	0.062	0.166	0.163
6984	75064	0.12	0.029	0.13	0.149
6984	75064	0.1	0.449	0.569	0.549
6984	75064	0.0	0.0	0.0	0.0
6984	75064	0.0	0.0	0.0	0.0
6984	75064	0.0	0.0	0.0	0.0
6984	75064	0.0	0.0	0.0	0.0
6984	75064	0.0	0.0	0.0	0.0
6984	75064	0.0	0.0	0.0	0.0
6984	75064	0.0	0.0	0.0	0.0
6984	75064	0.0	0.0	0.0	0.0
6984	75064	0.0	0.0	0.0	0.0
6984	75064	0.0	0.0	0.0	0.0
6984	75064	0.0	0.0	0.0	0.0
6984	75064	0.0	0.0	0.0	0.0
6984	75064	0.0	0.0	0.0	0.0
6984	75064	0.0	0.0	0.0	0.0
6984	75064	0.0	0.0	0.0	0.0
6984	75064	0.0	0.0	0.0	0.0
6984	75064	0.0	0.0	0.0	0.0
6984	75064	0.0	0.0	0.0	0.0
6984	75064	0.0	0.0	0.0	0.0
6984	75064	0.0	0.0	0.0	0.0
6984	75064	0.0	0.0	0.0	0.0
6984	75064	0.0	0.0	0.0	0.0
6984	75064	0.0	0.0	0.0	0.0
6984	75064	0.0	0.0	0.0	0.0
6984	75064	0.0	0.0	0.0	0.0
6984	75064	0.0	0.0	0.0	0.0
6984	75064	0.0	0.0	0.0	0.0
6984	75064	0.0	0.0	0.0	0.0
6984	75064	0.0	0.0	0.0	0.0
6984	75064	0.0	0.0	0.0	0.0
6984	75064	0.0	0.0	0.0	0.0
6984	75064	0.0	0.0	0.0	0.0
6984	75064	0.0	0.0	0.0	0.0
6984	75064	0.0	0.0	0.0	0.0
6984	75064	0.0	0.0	0.0	0.0
6984	75064	0.0	0.0	0.0	0.0
6984	75073	0.192	0.0	0.0	0.0
6984	75073	0.145	0.114	0.078	0.031
6984	75073	0.202	0.169	0.314	0.371
6984	75073	0.146	0.084	0.118	0.062
6984	75073	0.146	0.156	0.302	0.302
6984	75073	0.108	0.064	0.21	0.172
6984	75073	0.084	0.049	0.157	0.133
6984	75073	0.104	0.141	0.225	0.245
6984	75073	0.122	0.015	0.119	0.137
6984	75073	0.084	0.032	0.154	0.116
6984	75073	0.205	0.126	0.21	0.331
6984	75073	0.107	0.053	0.152	0.054
6984	75073	0.343	0.596	0.703	0.939
6984	75073	0.083	0.712	1.055	0.795
6984	75073	0.062	0.156	0.239	0.218
6984	75073	0.076	0.174	0.236	0.25
6984	75073	0.11	0.074	0.15	0.184
6984	75073	0.159	0.033	0.077	0.126
6984	75073	0.076	0.031	0.19	0.107
6984	75073	0.066	0.233	0.309	0.299
6984	75073	0.099	0.113	0.179	0.212
6984	75073	0.089	0.047	0.146	0.136
6984	75073	0.028	0.289	0.378	0.317
6984	75073	0.068	0.067	0.095	0.135
6984	75073	0.077	0.141	0.209	0.218
6984	75073	0.116	0.062	0.139	0.178
6984	75073	0.094	0.36	0.476	0.454
6984	75073	0.109	0.141	0.235	0.25
6984	75073	0.146	0.046	0.155	0.192
6984	75073	0.198	0.094	0.24	0.292
6984	75073	0.154	0.075	0.123	0.079
6984	75073	0.084	0.034	0.12	0.05
6984	75073	0.145	0.001	0.085	0.146
6984	75073	0.08	0.491	0.636	0.571
6984	75073	0.13	0.036	0.116	0.166
6984	75073	0.086	0.031	0.161	0.117
6984	75073	0.067	0.251	0.337	0.318
6984	75073	0.081	0.061	0.128	0.142
6984	75073	0.118	0.022	0.103	0.14
6984	75073	0.089	0.031	0.149	0.12
6984	75073	0.082	0.209	0.298	0.291
6984	75073	0.127	0.288	0.37	0.415
6984	75073	0.117	0.044	0.083	0.073
6984	75073	0.091	0.128	0.245	0.219
6984	75073	0.086	0.127	0.218	0.213
6984	75073	0.136	0.033	0.119	0.169
6984	75073	0.165	0.0	0.136	0.165
6984	75073	0.198	0.034	0.131	0.164
6984	75073	0.095	0.031	0.229	0.126
6984	75073	0.136	0.078	0.173	0.214
6984	75073	0.146	0.065	0.071	0.081
6984	75073	0.102	0.331	0.477	0.433
6984	75073	0.114	0.0	0.102	0.114
6984	75073	0.094	0.11	0.224	0.204
6984	75073	0.165	0.047	0.141	0.212
6984	75073	0.078	0.016	0.181	0.094
6984	75073	0.099	0.205	0.283	0.304
6984	75073	0.077	0.156	0.255	0.233
6984	75073	0.097	0.016	0.093	0.113
6984	75073	0.08	0.436	0.533	0.516
6984	75073	0.088	0.161	0.241	0.249
6984	75073	0.07	0.178	0.266	0.248
6984	75073	0.082	0.086	0.156	0.168
6984	75073	0.052	0.184	0.266	0.236
6984	75073	0.08	0.146	0.198	0.226
6984	75073	0.079	0.104	0.184	0.183
6984	75073	0.074	0.103	0.182	0.177
6984	75073	0.109	0.016	0.09	0.125
6984	75073	0.165	0.25	0.359	0.415
6984	75073	0.114	0.187	0.352	0.301
6984	75081	0.2	0.0	0.0	0.0
6984	75081	0.074	0.075	0.125	0.001
6984	75081	0.238	0.079	0.153	0.317
6984	75081	0.191	0.067	0.171	0.124
6984	75081	0.187	0.063	0.254	0.25
6984	75081	0.12	0.104	0.291	0.224
6984	75081	0.062	0.18	0.3	0.242
6984	75081	0.063	0.094	0.156	0.157
6984	75081	0.09	0.168	0.231	0.258
6984	75081	0.119	0.172	0.262	0.291
6984	75081	0.154	0.317	0.436	0.471
6984	75081	0.075	0.076	0.078	0.001
6984	75081	0.104	0.117	0.192	0.221
6984	75081	0.144	0.034	0.07	0.11
6984	75081	0.06	0.065	0.209	0.125
6984	75081	0.084	0.165	0.225	0.249
6984	75081	0.062	0.172	0.256	0.234
6984	75081	0.06	0.208	0.27	0.268
6984	75081	0.184	0.358	0.418	0.542
6984	75081	0.063	0.034	0.15	0.029
6984	75081	0.086	0.53	0.593	0.616
6984	75081	0.079	0.148	0.234	0.227
6984	75081	0.078	0.109	0.188	0.187
6984	75081	0.111	0.346	0.424	0.457
6984	75081	0.06	0.031	0.142	0.091
6984	75081	0.0	0.0	0.0	0.0
6984	75081	0.0	0.0	0.0	0.0
6984	75081	0.0	0.0	0.0	0.0
6984	75081	0.0	0.0	0.0	0.0
6984	75081	0.0	0.0	0.0	0.0
6984	75081	0.0	0.0	0.0	0.0
6984	75081	0.0	0.0	0.0	0.0
6984	75081	0.0	0.0	0.0	0.0
6984	75081	0.0	0.0	0.0	0.0
6984	75081	0.0	0.0	0.0	0.0
6984	75081	0.0	0.0	0.0	0.0
6984	75081	0.0	0.0	0.0	0.0
6984	75081	0.0	0.0	0.0	0.0
6984	75081	0.0	0.0	0.0	0.0
6984	75081	0.0	0.0	0.0	0.0
6984	75081	0.0	0.0	0.0	0.0
6984	75081	0.0	0.0	0.0	0.0
6984	75081	0.0	0.0	0.0	0.0
6984	75081	0.0	0.0	0.0	0.0
6984	75081	0.0	0.0	0.0	0.0
6984	75081	0.0	0.0	0.0	0.0
6984	75081	0.0	0.0	0.0	0.0
6984	75081	0.0	0.0	0.0	0.0
6984	75081	0.0	0.0	0.0	0.0
6984	75081	0.0	0.0	0.0	0.0
6984	75081	0.0	0.0	0.0	0.0
6984	75081	0.0	0.0	0.0	0.0
6984	75081	0.0	0.0	0.0	0.0
6984	75081	0.0	0.0	0.0	0.0
6984	75081	0.0	0.0	0.0	0.0
6984	75081	0.0	0.0	0.0	0.0
6984	75081	0.0	0.0	0.0	0.0
6984	75081	0.0	0.0	0.0	0.0
6984	75081	0.0	0.0	0.0	0.0
6984	75081	0.0	0.0	0.0	0.0
6984	75081	0.0	0.0	0.0	0.0
6984	75081	0.0	0.0	0.0	0.0
6984	75081	0.0	0.0	0.0	0.0
6984	75081	0.0	0.0	0.0	0.0
6984	75081	0.0	0.0	0.0	0.0
6984	75081	0.0	0.0	0.0	0.0
6984	75081	0.0	0.0	0.0	0.0
6984	75081	0.0	0.0	0.0	0.0
6984	75081	0.0	0.0	0.0	0.0
6984	75081	0.0	0.0	0.0	0.0
6984	75086	0.192	0.0	0.0	0.0
6984	75086	0.114	0.098	0.094	0.016
6984	75086	0.146	0.062	0.176	0.208
6984	75086	0.075	0.475	0.621	0.55
6984	75086	0.189	0.183	0.258	0.372
6984	75086	0.178	0.066	0.123	0.112
6984	75086	0.15	0.235	0.413	0.385
6984	75086	0.115	0.125	0.275	0.24
6984	75086	0.062	0.156	0.271	0.218
6984	75086	0.1	0.14	0.202	0.24
6984	75086	0.075	0.301	0.401	0.376
6984	75086	0.08	0.063	0.138	0.143
6984	75086	0.072	0.143	0.223	0.215
6984	75086	0.033	0.039	0.033	0.006
6984	75086	0.083	0.093	0.126	0.176
6984	75086	0.158	0.079	0.162	0.237
6984	75086	0.048	0.105	0.263	0.153
6984	75086	0.07	0.077	0.125	0.147
6984	75086	0.087	0.094	0.164	0.181
6984	75086	0.108	0.094	0.181	0.202
6984	75086	0.106	0.059	0.049	0.047
6984	75086	0.079	0.187	0.293	0.266
6984	75086	0.052	0.736	0.815	0.788
6984	75086	0.066	0.108	0.16	0.174
6984	75086	0.08	0.212	0.278	0.292
6984	75086	0.086	0.095	0.175	0.181
6984	75086	0.052	0.181	0.267	0.233
6984	75086	0.096	0.101	0.153	0.197
6984	75086	0.088	0.048	0.144	0.136
6984	75086	0.066	0.061	0.149	0.127
6984	75086	0.118	0.033	0.099	0.151
6984	75086	0.076	0.27	0.388	0.346
6984	75086	0.078	0.086	0.162	0.164
6984	75086	0.132	0.031	0.109	0.163
6984	75086	0.103	0.034	0.098	0.069
6984	75086	0.18	0.062	0.165	0.242
6984	75086	0.057	0.031	0.211	0.088
6984	75086	0.15	0.052	0.109	0.202
6984	75086	0.065	0.203	0.353	0.268
6984	75086	0.087	0.11	0.175	0.197
6984	75086	0.087	0.113	0.2	0.2
6984	75086	0.094	0.174	0.261	0.268
6984	75086	0.112	0.02	0.114	0.132
6984	75086	0.107	0.312	0.424	0.419
6984	75086	0.1	0.015	0.122	0.115
6984	75086	0.072	0.363	0.463	0.435
6984	75086	0.081	0.095	0.167	0.176
6984	75086	0.078	0.13	0.211	0.208
6984	75086	0.071	0.112	0.19	0.183
6984	75086	0.077	0.123	0.194	0.2
6984	75086	0.129	0.0	0.077	0.129
6984	75086	0.095	0.247	0.376	0.342
6984	75086	0.0	0.0	0.0	0.0
6984	75086	0.0	0.0	0.0	0.0
6984	75086	0.0	0.0	0.0	0.0
6984	75086	0.0	0.0	0.0	0.0
6984	75086	0.0	0.0	0.0	0.0
6984	75086	0.0	0.0	0.0	0.0
6984	75086	0.0	0.0	0.0	0.0
6984	75086	0.0	0.0	0.0	0.0
6984	75086	0.0	0.0	0.0	0.0
6984	75086	0.0	0.0	0.0	0.0
6984	75086	0.0	0.0	0.0	0.0
6984	75086	0.0	0.0	0.0	0.0
6984	75086	0.0	0.0	0.0	0.0
6984	75086	0.0	0.0	0.0	0.0
6984	75086	0.0	0.0	0.0	0.0
6984	75086	0.0	0.0	0.0	0.0
6984	75086	0.0	0.0	0.0	0.0
6984	75086	0.0	0.0	0.0	0.0
6984	75095	0.131	0.0	0.0	0.0
6984	75095	0.119	0.085	0.046	0.034
6984	75095	0.239	0.109	0.228	0.348
6984	75095	0.083	0.134	0.105	0.051
6984	75095	0.166	0.0	0.083	0.166
6984	75095	0.087	0.265	0.431	0.352
6984	75095	0.093	0.094	0.181	0.187
6984	75095	0.107	0.06	0.033	0.047
6984	75095	0.122	0.126	0.233	0.248
6984	75095	0.083	0.0	0.122	0.083
6984	75095	0.124	0.126	0.209	0.25
6984	75095	0.102	0.031	0.155	0.133
6984	75095	0.068	0.189	0.291	0.257
6984	75095	0.147	0.026	0.094	0.173
6984	75095	0.096	0.04	0.107	0.056
6984	75095	0.05	0.219	0.315	0.269
6984	75095	0.052	0.279	0.329	0.331
6984	75095	0.085	0.172	0.224	0.257
6984	75095	0.077	0.084	0.169	0.161
6984	75095	0.103	0.427	0.504	0.53
6984	75095	0.103	0.031	0.134	0.134
6984	75095	0.073	0.063	0.166	0.136
6984	75095	0.206	0.064	0.137	0.27
6984	75095	0.172	0.045	0.161	0.127
6984	75095	0.16	0.224	0.396	0.384
6984	75095	0.167	0.039	0.121	0.128
6984	75095	0.095	0.156	0.323	0.251
6984	75095	0.049	0.392	0.487	0.441
6984	75095	0.047	0.203	0.252	0.25
6984	75095	0.0	0.0	0.0	0.0
6984	75095	0.0	0.0	0.0	0.0
6984	75095	0.0	0.0	0.0	0.0
6984	75095	0.0	0.0	0.0	0.0
6984	75095	0.0	0.0	0.0	0.0
6984	75095	0.0	0.0	0.0	0.0
6984	75095	0.0	0.0	0.0	0.0
6984	75095	0.0	0.0	0.0	0.0
6984	75095	0.0	0.0	0.0	0.0
6984	75095	0.0	0.0	0.0	0.0
6984	75095	0.0	0.0	0.0	0.0
6984	75095	0.0	0.0	0.0	0.0
6984	75095	0.0	0.0	0.0	0.0
6984	75095	0.0	0.0	0.0	0.0
6984	75095	0.0	0.0	0.0	0.0
6984	75095	0.0	0.0	0.0	0.0
6984	75095	0.0	0.0	0.0	0.0
6984	75095	0.0	0.0	0.0	0.0
6984	75095	0.0	0.0	0.0	0.0
6984	75095	0.0	0.0	0.0	0.0
6984	75095	0.0	0.0	0.0	0.0
6984	75095	0.0	0.0	0.0	0.0
6984	75095	0.0	0.0	0.0	0.0
6984	75095	0.0	0.0	0.0	0.0
6984	75095	0.0	0.0	0.0	0.0
6984	75095	0.0	0.0	0.0	0.0
6984	75095	0.0	0.0	0.0	0.0
6984	75095	0.0	0.0	0.0	0.0
6984	75095	0.0	0.0	0.0	0.0
6984	75095	0.0	0.0	0.0	0.0
6984	75095	0.0	0.0	0.0	0.0
6984	75095	0.0	0.0	0.0	0.0
6984	75095	0.0	0.0	0.0	0.0
6984	75095	0.0	0.0	0.0	0.0
6984	75095	0.0	0.0	0.0	0.0
6984	75095	0.0	0.0	0.0	0.0
6984	75095	0.0	0.0	0.0	0.0
6984	75095	0.0	0.0	0.0	0.0
6984	75095	0.0	0.0	0.0	0.0
6984	75095	0.0	0.0	0.0	0.0
6984	75095	0.0	0.0	0.0	0.0
6984	75101	0.275	0.0	0.0	0.0
6984	75101	0.086	0.165	0.11	0.079
6984	75101	0.058	0.13	0.216	0.188
6984	75101	0.077	0.672	0.73	0.749
6984	75101	0.133	0.016	0.093	0.149
6984	75101	0.1	0.05	0.083	0.05
6984	75101	0.115	0.233	0.333	0.348
6984	75101	0.098	0.016	0.131	0.114
6984	75101	0.196	0.031	0.129	0.227
6984	75101	0.105	0.06	0.136	0.045
6984	75101	0.134	0.095	0.2	0.229
6984	75101	0.085	0.066	0.2	0.151
6984	75101	0.07	0.439	0.524	0.509
6984	75101	0.084	0.148	0.218	0.232
6984	75101	0.234	0.109	0.193	0.343
6984	75101	0.151	0.103	0.131	0.048
6984	75101	0.109	0.111	0.262	0.22
6984	75101	0.077	0.308	0.417	0.385
6984	75101	0.086	0.328	0.405	0.414
6984	75101	0.164	0.0	0.086	0.164
6984	75101	0.085	0.034	0.13	0.051
6984	75101	0.171	0.016	0.101	0.187
6984	75101	0.118	0.053	0.118	0.065
6984	75101	0.105	0.328	0.446	0.433
6984	75101	0.079	0.239	0.344	0.318
6984	75101	0.05	0.218	0.297	0.268
6984	75101	0.132	0.016	0.066	0.148
6984	75101	0.078	0.123	0.255	0.201
6984	75101	0.077	0.175	0.253	0.252
6984	75101	0.086	0.187	0.264	0.273
6984	75101	0.115	0.008	0.078	0.107
6984	75101	0.099	0.25	0.365	0.349
6984	75101	0.08	0.328	0.427	0.408
6984	75101	0.047	0.488	0.568	0.535
6984	75101	0.083	0.069	0.116	0.152
6984	75101	0.064	0.16	0.243	0.224
6984	75101	0.065	0.174	0.238	0.239
6984	75101	0.078	0.273	0.338	0.351
6984	75101	0.07	0.121	0.199	0.191
6984	75101	0.089	0.111	0.181	0.2
6984	75101	0.065	0.047	0.136	0.112
6984	75101	0.085	0.069	0.134	0.154
6984	75101	0.096	0.112	0.197	0.208
6984	75101	0.062	0.3	0.396	0.362
6984	75101	0.086	0.078	0.14	0.164
6984	75101	0.093	0.111	0.197	0.204
6984	75101	0.114	0.112	0.205	0.226
6984	75101	0.071	0.049	0.163	0.12
6984	75101	0.115	0.048	0.119	0.163
6984	75101	0.077	0.096	0.211	0.173
6984	75101	0.0	0.0	0.0	0.0
6984	75101	0.0	0.0	0.0	0.0
6984	75101	0.0	0.0	0.0	0.0
6984	75101	0.0	0.0	0.0	0.0
6984	75101	0.0	0.0	0.0	0.0
6984	75101	0.0	0.0	0.0	0.0
6984	75101	0.0	0.0	0.0	0.0
6984	75101	0.0	0.0	0.0	0.0
6984	75101	0.0	0.0	0.0	0.0
6984	75101	0.0	0.0	0.0	0.0
6984	75101	0.0	0.0	0.0	0.0
6984	75101	0.0	0.0	0.0	0.0
6984	75101	0.0	0.0	0.0	0.0
6984	75101	0.0	0.0	0.0	0.0
6984	75101	0.0	0.0	0.0	0.0
6984	75101	0.0	0.0	0.0	0.0
6984	75101	0.0	0.0	0.0	0.0
6984	75101	0.0	0.0	0.0	0.0
6984	75101	0.0	0.0	0.0	0.0
6984	75101	0.0	0.0	0.0	0.0
6984	75108	0.207	0.0	0.0	0.0
6984	75108	0.084	0.084	0.123	0.0
6984	75108	0.237	0.063	0.147	0.3
6984	75108	0.135	0.062	0.175	0.073
6984	75108	0.083	0.031	0.166	0.114
6984	75108	0.118	0.109	0.192	0.227
6984	75108	0.127	0.033	0.151	0.16
6984	75108	0.06	0.022	0.149	0.082
6984	75108	0.105	0.156	0.216	0.261
6984	75108	0.088	0.095	0.2	0.183
6984	75108	0.097	0.128	0.216	0.225
6984	75108	0.131	0.032	0.065	0.099
6984	75108	0.109	0.251	0.382	0.36
6984	75108	0.055	0.109	0.218	0.164
6984	75108	0.195	0.084	0.139	0.279
6984	75108	0.038	0.061	0.134	0.023
6984	75108	0.048	0.232	0.27	0.28
6984	75108	0.079	0.112	0.16	0.191
6984	75108	0.082	0.07	0.149	0.152
6984	75108	0.104	0.051	0.133	0.155
6984	75108	0.083	0.067	0.037	0.016
6984	75108	0.096	0.156	0.239	0.252
6984	75108	0.054	0.248	0.344	0.302
6984	75108	0.075	0.094	0.148	0.169
6984	75108	0.088	0.09	0.165	0.178
6984	75108	0.12	0.062	0.15	0.182
6984	75108	0.118	0.032	0.152	0.15
6984	75108	0.103	0.072	0.19	0.175
6984	75108	0.111	0.131	0.234	0.242
6984	75108	0.117	0.031	0.08	0.086
6984	75108	0.12	0.078	0.195	0.198
6984	75108	0.109	0.246	0.366	0.355
6984	75108	0.046	0.286	0.395	0.332
6984	75108	0.073	0.154	0.2	0.227
6984	75108	0.083	0.033	0.106	0.116
6984	75108	0.076	0.109	0.192	0.185
6984	75108	0.107	0.141	0.217	0.248
6984	75108	0.097	0.032	0.139	0.129
6984	75108	0.188	0.064	0.161	0.252
6984	75108	0.105	0.015	0.203	0.12
6984	75108	0.145	0.033	0.072	0.112
6984	75108	0.101	0.333	0.478	0.434
6984	75108	0.126	0.125	0.226	0.251
6984	75108	0.138	0.032	0.158	0.17
6984	75108	0.158	0.049	0.089	0.109
6984	75108	0.138	0.016	0.174	0.154
6984	75108	0.077	0.339	0.477	0.416
6984	75108	0.023	0.04	0.037	0.017
6984	75108	0.086	0.132	0.155	0.218
6984	75108	0.087	0.078	0.164	0.165
6984	75108	0.056	0.129	0.216	0.185
6984	75108	0.055	0.113	0.169	0.168
6984	75108	0.082	0.067	0.122	0.149
6984	75108	0.049	0.172	0.254	0.221
6984	75108	0.137	0.092	0.141	0.229
6984	75108	0.069	0.064	0.201	0.133
6984	75108	0.147	0.032	0.101	0.179
6984	75108	0.088	0.284	0.431	0.372
6984	75108	0.146	0.032	0.12	0.178
6984	75108	0.118	0.065	0.081	0.053
6984	75108	0.202	0.016	0.134	0.218
6984	75108	0.136	0.083	0.119	0.053
6984	75108	0.081	0.145	0.281	0.226
6984	75108	0.093	0.263	0.344	0.356
6984	75108	0.0	0.0	0.0	0.0
6984	75108	0.0	0.0	0.0	0.0
6984	75108	0.0	0.0	0.0	0.0
6984	75108	0.0	0.0	0.0	0.0
6984	75108	0.0	0.0	0.0	0.0
6984	75108	0.0	0.0	0.0	0.0
6984	75121	0.095	0.0	0.0	0.0
6984	75121	0.098	0.015	0.08	0.083
6984	75121	0.079	0.187	0.285	0.266
6984	75121	0.062	0.291	0.37	0.353
6984	75121	0.139	0.14	0.202	0.279
6984	75121	0.097	0.049	0.09	0.048
6984	75121	0.071	0.034	0.131	0.105
6984	75121	0.087	0.144	0.215	0.231
6984	75121	0.076	0.093	0.18	0.169
6984	75121	0.167	0.08	0.156	0.247
6984	75121	0.113	0.033	0.134	0.08
6984	75121	0.205	0.203	0.316	0.408
6984	75121	0.204	0.023	0.182	0.181
6984	75121	0.18	0.082	0.122	0.098
6984	75121	0.099	0.015	0.165	0.084
6984	75121	0.149	0.279	0.378	0.428
6984	75121	0.158	0.096	0.245	0.254
6984	75121	0.08	0.281	0.439	0.361
6984	75121	0.071	0.155	0.235	0.226
6984	75121	0.124	0.047	0.118	0.171
6984	75121	0.171	0.059	0.065	0.112
6984	75121	0.141	0.049	0.122	0.092
6984	75121	0.07	0.391	0.532	0.461
6984	75121	0.052	0.08	0.15	0.132
6984	75121	0.154	0.204	0.256	0.358
6984	75121	0.08	0.293	0.447	0.373
6984	75121	0.078	0.141	0.221	0.219
6984	75121	0.101	0.015	0.093	0.116
6984	75121	0.159	0.05	0.051	0.109
6984	75121	0.066	0.471	0.63	0.537
6984	75121	0.077	0.093	0.159	0.17
6984	75121	0.077	0.255	0.332	0.332
6984	75121	0.063	0.138	0.215	0.201
6984	75121	0.067	0.297	0.36	0.364
6984	75121	0.088	0.375	0.442	0.463
6984	75121	0.142	0.015	0.103	0.157
6984	75121	0.18	0.054	0.088	0.126
6984	75121	0.054	0.38	0.56	0.434
6984	75121	0.057	0.192	0.246	0.249
6984	75121	0.103	0.017	0.074	0.12
6984	75121	0.117	0.214	0.317	0.331
6984	75121	0.095	0.251	0.368	0.346
6984	75121	0.088	0.087	0.182	0.175
6984	75121	0.168	0.079	0.167	0.247
6984	75121	0.133	0.034	0.134	0.099
6984	75121	0.092	0.063	0.196	0.155
6984	75121	0.077	0.078	0.17	0.155
6984	75121	0.046	0.121	0.198	0.167
6984	75121	0.086	0.072	0.118	0.158
6984	75121	0.07	0.211	0.297	0.281
6984	75121	0.151	0.216	0.286	0.367
6984	75121	0.061	0.229	0.38	0.29
6984	75121	0.094	0.032	0.093	0.126
6984	75121	0.163	0.073	0.167	0.236
6984	75121	0.175	0.049	0.114	0.126
6984	75121	0.112	0.046	0.221	0.158
6984	75121	0.0	0.0	0.0	0.0
6984	75121	0.0	0.0	0.0	0.0
6984	75121	0.0	0.0	0.0	0.0
6984	75121	0.0	0.0	0.0	0.0
6984	75121	0.0	0.0	0.0	0.0
6984	75121	0.0	0.0	0.0	0.0
6984	75121	0.0	0.0	0.0	0.0
6984	75121	0.0	0.0	0.0	0.0
6984	75121	0.0	0.0	0.0	0.0
6984	75121	0.0	0.0	0.0	0.0
6984	75121	0.0	0.0	0.0	0.0
6984	75121	0.0	0.0	0.0	0.0
6984	75121	0.0	0.0	0.0	0.0
6984	75121	0.0	0.0	0.0	0.0
6984	75133	0.194	0.0	0.0	0.0
6984	75133	0.056	0.088	0.106	0.032
6984	75133	0.103	0.072	0.128	0.175
6984	75133	0.066	0.237	0.34	0.303
6984	75133	0.082	0.111	0.177	0.193
6984	75133	0.09	0.067	0.149	0.157
6984	75133	0.232	0.05	0.14	0.282
6984	75133	0.13	0.057	0.175	0.073
6984	75133	0.097	0.097	0.033	0.0
6984	75133	0.095	0.007	0.104	0.102
6984	75133	0.085	0.251	0.346	0.336
6984	75133	0.074	0.102	0.187	0.176
6984	75133	0.045	0.12	0.194	0.165
6984	75133	0.1	0.077	0.122	0.177
6984	75133	0.409	0.047	0.147	0.456
6984	75133	0.107	0.092	0.317	0.015
6984	75133	0.102	0.314	0.421	0.416
6984	75133	0.093	0.142	0.244	0.235
6984	75133	0.16	0.173	0.266	0.333
6984	75133	0.089	0.501	0.661	0.59
6984	75133	0.062	0.149	0.238	0.211
6984	75133	0.091	0.206	0.268	0.297
6984	75133	0.096	0.125	0.216	0.221
6984	75133	0.137	0.062	0.158	0.199
6984	75133	0.079	0.138	0.275	0.217
6984	75133	0.122	0.141	0.22	0.263
6984	75133	0.136	0.04	0.082	0.096
6984	75133	0.144	0.001	0.135	0.143
6984	75133	0.242	0.041	0.103	0.201
6984	75133	0.193	0.094	0.148	0.099
6984	75133	0.14	0.031	0.224	0.171
6984	75133	0.17	0.007	0.147	0.177
6984	75133	0.111	0.048	0.122	0.063
6984	75133	0.049	0.0	0.111	0.049
6984	75133	0.124	0.094	0.143	0.218
6984	75133	0.115	0.034	0.158	0.149
6984	75133	0.175	0.0	0.115	0.175
6984	75133	0.137	0.016	0.159	0.121
6984	75133	0.06	0.218	0.355	0.278
6984	75133	0.089	0.074	0.134	0.163
6984	75133	0.102	0.078	0.167	0.18
6984	75133	0.135	0.049	0.151	0.184
6984	75133	0.115	0.032	0.103	0.083
6984	75133	0.067	0.302	0.417	0.369
6984	75133	0.07	0.094	0.161	0.164
6984	75133	0.056	0.096	0.166	0.152
6984	75133	0.151	0.176	0.232	0.327
6984	75133	0.139	0.032	0.119	0.107
6984	75133	0.161	0.067	0.072	0.094
6984	75133	0.108	0.048	0.209	0.156
6984	75133	0.113	0.195	0.303	0.308
6984	75133	0.103	0.0	0.113	0.103
6984	75133	0.084	0.071	0.174	0.155
6984	75133	0.128	0.235	0.319	0.363
6984	75133	0.12	0.086	0.042	0.034
6984	75133	0.089	0.141	0.261	0.23
6984	75133	0.115	0.022	0.111	0.137
6984	75133	0.149	0.249	0.364	0.398
6984	75133	0.053	0.254	0.403	0.307
6984	75133	0.08	0.187	0.24	0.267
6984	75133	0.094	0.07	0.15	0.164
6984	75133	0.087	0.111	0.205	0.198
6984	75133	0.135	0.253	0.34	0.388
6984	75133	0.07	0.368	0.503	0.438
6984	75133	0.084	0.172	0.242	0.256
6984	75133	0.0	0.0	0.0	0.0
6984	75133	0.0	0.0	0.0	0.0
6984	75133	0.0	0.0	0.0	0.0
6984	75133	0.0	0.0	0.0	0.0
6984	75133	0.0	0.0	0.0	0.0
6984	75147	0.263	0.0	0.0	0.0
6984	75147	0.111	0.112	0.151	0.001
6984	75147	0.215	0.033	0.144	0.248
6984	75147	0.131	0.032	0.183	0.099
6984	75147	0.134	0.0	0.131	0.134
6984	75147	0.113	0.159	0.293	0.272
6984	75147	0.146	0.036	0.077	0.11
6984	75147	0.122	0.016	0.162	0.138
6984	75147	0.046	0.289	0.411	0.335
6984	75147	0.105	0.389	0.435	0.494
6984	75147	0.173	0.047	0.152	0.22
6984	75147	0.161	0.084	0.089	0.077
6984	75147	0.118	0.118	0.279	0.236
6984	75147	0.08	0.162	0.28	0.242
6984	75147	0.066	0.102	0.182	0.168
6984	75147	0.066	0.085	0.151	0.151
6984	75147	0.048	0.184	0.25	0.232
6984	75147	0.163	0.045	0.093	0.208
6984	75147	0.087	0.053	0.11	0.034
6984	75147	0.077	0.231	0.318	0.308
6984	75147	0.057	0.104	0.181	0.161
6984	75147	0.077	0.076	0.133	0.153
6984	75147	0.146	0.156	0.233	0.302
6984	75147	0.149	0.038	0.108	0.111
6984	75147	0.097	0.035	0.114	0.062
6984	75147	0.096	0.11	0.207	0.206
6984	75147	0.19	0.078	0.174	0.268
6984	75147	0.115	0.072	0.118	0.043
6984	75147	0.143	0.214	0.329	0.357
6984	75147	0.164	0.051	0.092	0.113
6984	75147	0.174	0.016	0.148	0.158
6984	75147	0.204	0.093	0.081	0.111
6984	75147	0.076	0.009	0.195	0.067
6984	75147	0.095	0.299	0.375	0.394
6984	75147	0.155	0.063	0.158	0.218
6984	75147	0.127	0.047	0.108	0.08
6984	75147	0.079	0.181	0.308	0.26
6984	75147	0.048	0.172	0.251	0.22
6984	75147	0.092	0.419	0.467	0.511
6984	75147	0.115	0.076	0.168	0.191
6984	75147	0.082	0.027	0.088	0.055
6984	75147	0.088	0.199	0.281	0.287
6984	75147	0.137	0.145	0.233	0.282
6984	75147	0.112	0.024	0.113	0.088
6984	75147	0.134	0.023	0.135	0.157
6984	75147	0.167	0.016	0.15	0.183
6984	75147	0.172	0.033	0.2	0.205
6984	75147	0.114	0.052	0.12	0.062
6984	75147	0.226	0.272	0.386	0.498
6984	75147	0.056	0.084	0.31	0.14
6984	75147	0.18	0.14	0.196	0.32
6984	75147	0.239	0.056	0.124	0.183
6984	75147	0.14	0.047	0.192	0.093
6984	75147	0.127	0.404	0.544	0.531
6984	75147	0.134	0.064	0.191	0.198
6984	75147	0.075	0.0	0.134	0.075
6984	75147	0.054	0.336	0.411	0.39
6984	75147	0.076	0.086	0.14	0.162
6984	75147	0.125	0.001	0.077	0.126
6984	75147	0.07	0.098	0.223	0.168
6984	75147	0.169	0.023	0.093	0.192
6984	75147	0.117	0.085	0.084	0.032
6984	75147	0.083	0.227	0.344	0.31
6984	75147	0.075	0.097	0.18	0.172
6984	75147	0.078	0.11	0.185	0.188
6984	75147	0.088	0.088	0.166	0.176
6984	75147	0.081	0.156	0.244	0.237
6984	75147	0.166	0.049	0.13	0.215
6984	75147	0.147	0.084	0.082	0.063
6984	75147	0.069	0.236	0.383	0.305
6984	75161	0.264	0.0	0.0	0.0
6984	75161	0.096	0.0	0.264	0.096
6984	75161	0.054	0.063	0.033	0.009
6984	75161	0.135	0.015	0.039	0.12
6984	75161	0.08	0.295	0.43	0.375
6984	75161	0.062	0.113	0.193	0.175
6984	75161	0.12	0.079	0.141	0.199
6984	75161	0.118	0.14	0.26	0.258
6984	75161	0.111	0.048	0.07	0.063
6984	75161	0.083	0.078	0.189	0.161
6984	75161	0.032	0.048	0.035	0.016
6984	75161	0.149	0.086	0.118	0.235
6984	75161	0.084	0.232	0.381	0.316
6984	75161	0.104	0.097	0.181	0.201
6984	75161	0.152	0.032	0.136	0.184
6984	75161	0.083	0.0	0.152	0.083
6984	75161	0.121	0.111	0.194	0.232
6984	75161	0.16	0.075	0.196	0.235
6984	75161	0.121	0.033	0.127	0.088
6984	75161	0.124	0.081	0.04	0.043
6984	75161	0.119	0.032	0.156	0.151
6984	75161	0.103	0.234	0.353	0.337
6984	75161	0.077	0.015	0.118	0.092
6984	75161	0.149	0.207	0.284	0.356
6984	75161	0.13	0.082	0.067	0.048
6984	75161	0.126	0.062	0.192	0.188
6984	75161	0.17	0.177	0.303	0.347
6984	75161	0.093	0.143	0.313	0.236
6984	75161	0.088	0.094	0.187	0.182
6984	75161	0.093	0.163	0.251	0.256
6984	75161	0.093	0.008	0.085	0.085
6984	75161	0.064	0.497	0.59	0.561
6984	75161	0.074	0.111	0.175	0.185
6984	75161	0.109	0.156	0.23	0.265
6984	75161	0.142	0.031	0.14	0.173
6984	75161	0.088	0.045	0.097	0.043
6984	75161	0.135	0.118	0.206	0.253
6984	75161	0.188	0.013	0.148	0.201
6984	75161	0.119	0.058	0.13	0.061
6984	75161	0.094	0.22	0.339	0.314
6984	75161	0.046	0.114	0.208	0.16
6984	75161	0.102	0.09	0.136	0.192
6984	75161	0.062	0.143	0.245	0.205
6984	75161	0.178	0.063	0.125	0.241
6984	75161	0.144	0.048	0.13	0.096
6984	75161	0.084	0.128	0.272	0.212
6984	75161	0.129	0.3	0.384	0.429
6984	75161	0.094	0.368	0.497	0.462
6984	75161	0.116	0.22	0.314	0.336
6984	75161	0.166	0.418	0.534	0.584
6984	75161	0.082	0.348	0.514	0.43
6984	75161	0.093	0.15	0.232	0.243
6984	75161	0.114	0.063	0.156	0.177
6984	75161	0.149	0.05	0.164	0.199
6984	75161	0.097	0.11	0.259	0.207
6984	75161	0.063	0.42	0.517	0.483
6984	75161	0.067	0.094	0.157	0.161
6984	75161	0.098	0.164	0.231	0.262
6984	75161	0.047	0.061	0.037	0.014
6984	75161	0.129	0.06	0.107	0.189
6984	75161	0.086	0.246	0.375	0.332
6984	75161	0.108	0.096	0.182	0.204
6984	75161	0.116	0.062	0.17	0.178
6984	75161	0.123	0.032	0.148	0.155
6984	75161	0.061	0.045	0.078	0.016
6984	75161	0.092	0.125	0.186	0.217
6984	75161	0.099	0.065	0.157	0.164
6984	75161	0.093	0.126	0.225	0.219
6984	75161	0.0	0.0	0.0	0.0
6984	75161	0.0	0.0	0.0	0.0
6984	75173	0.205	0.0	0.0	0.0
6984	75173	0.086	0.102	0.103	0.016
6984	75173	0.156	0.078	0.164	0.234
6984	75173	0.104	0.041	0.115	0.063
6984	75173	0.124	0.156	0.26	0.28
6984	75173	0.113	0.0	0.124	0.113
6984	75173	0.1	0.005	0.118	0.105
6984	75173	0.127	0.125	0.225	0.252
6984	75173	0.09	0.381	0.508	0.471
6984	75173	0.063	0.219	0.309	0.282
6984	75173	0.089	0.144	0.207	0.233
6984	75173	0.078	0.121	0.21	0.199
6984	75173	0.127	0.035	0.113	0.162
6984	75173	0.064	0.342	0.469	0.406
6984	75173	0.112	0.079	0.143	0.191
6984	75173	0.064	0.176	0.288	0.24
6984	75173	0.099	0.001	0.065	0.1
6984	75173	0.072	0.331	0.43	0.403
6984	75173	0.088	0.092	0.164	0.18
6984	75173	0.11	0.126	0.214	0.236
6984	75173	0.088	0.008	0.118	0.096
6984	75173	0.151	0.08	0.168	0.231
6984	75173	0.057	0.632	0.783	0.689
6984	75173	0.092	0.091	0.148	0.183
6984	75173	0.166	0.046	0.138	0.212
6984	75173	0.108	0.545	0.711	0.653
6984	75173	0.171	0.096	0.204	0.267
6984	75173	0.226	0.034	0.137	0.192
6984	75173	0.084	0.008	0.218	0.076
6984	75173	0.131	0.047	0.131	0.178
6984	75173	0.133	0.031	0.162	0.164
6984	75173	0.142	0.047	0.18	0.189
6984	75173	0.123	0.023	0.119	0.1
6984	75173	0.136	0.015	0.138	0.151
6984	75173	0.135	0.195	0.331	0.33
6984	75173	0.075	0.0	0.135	0.075
6984	75173	0.033	0.041	0.034	0.008
6984	75173	0.095	0.423	0.456	0.518
6984	75173	0.2	0.023	0.072	0.177
6984	75173	0.149	0.079	0.121	0.07
6984	75173	0.104	0.016	0.165	0.12
6984	75173	0.144	0.256	0.36	0.4
6984	75173	0.152	0.032	0.112	0.12
6984	75173	0.093	0.064	0.088	0.029
6984	75173	0.102	0.0	0.093	0.102
6984	75173	0.133	0.064	0.166	0.197
6984	75173	0.209	0.125	0.258	0.334
6984	75173	0.114	0.048	0.161	0.066
6984	75173	0.118	0.08	0.194	0.198
6984	75173	0.085	0.186	0.304	0.271
6984	75173	0.048	0.256	0.341	0.304
6984	75173	0.071	0.111	0.159	0.182
6984	75173	0.089	0.078	0.149	0.167
6984	75173	0.129	0.031	0.12	0.16
6984	75173	0.074	0.021	0.15	0.095
6984	75173	0.015	0.038	0.036	0.023
6984	75173	0.056	0.146	0.161	0.202
6984	75173	0.047	0.31	0.366	0.357
6984	75173	0.074	0.087	0.134	0.161
6984	75173	0.113	0.156	0.23	0.269
6984	75173	0.106	0.015	0.098	0.091
6984	75173	0.103	0.016	0.122	0.119
6984	75173	0.095	0.205	0.308	0.3
6984	75173	0.071	0.631	0.726	0.702
6984	75173	0.115	0.0	0.071	0.115
6984	75173	0.102	0.501	0.616	0.603
6984	75173	0.102	0.148	0.25	0.25
6984	75173	0.114	0.064	0.166	0.178
6984	75173	0.098	0.045	0.069	0.053
6984	75173	0.076	0.342	0.44	0.418
6984	75190	0.24	0.0	0.0	0.0
6984	75190	0.098	0.176	0.064	0.078
6984	75190	0.172	0.125	0.223	0.297
6984	75190	0.114	0.468	0.64	0.582
6984	75190	0.116	0.07	0.184	0.186
6984	75190	0.079	0.314	0.43	0.393
6984	75190	0.065	0.162	0.241	0.227
6984	75190	0.161	0.031	0.096	0.192
6984	75190	0.098	0.357	0.518	0.455
6984	75190	0.074	0.212	0.31	0.286
6984	75190	0.101	0.078	0.152	0.179
6984	75190	0.141	0.173	0.274	0.314
6984	75190	0.054	0.049	0.19	0.103
6984	75190	0.129	0.015	0.039	0.114
6984	75190	0.062	0.078	0.207	0.14
6984	75190	0.083	0.333	0.395	0.416
6984	75190	0.068	0.11	0.193	0.178
6984	75190	0.091	0.079	0.147	0.17
6984	75190	0.112	0.033	0.058	0.079
6984	75190	0.101	0.266	0.378	0.367
6984	75190	0.08	0.159	0.26	0.239
6984	75190	0.066	0.434	0.514	0.5
6984	75190	0.096	0.048	0.114	0.144
6984	75190	0.09	0.063	0.159	0.153
6984	75190	0.212	0.111	0.201	0.323
6984	75190	0.136	0.057	0.155	0.079
6984	75190	0.117	0.016	0.12	0.101
6984	75190	0.082	0.184	0.301	0.266
6984	75190	0.102	0.079	0.161	0.181
6984	75190	0.108	0.145	0.247	0.253
6984	75190	0.129	0.031	0.139	0.16
6984	75190	0.154	0.115	0.244	0.269
6984	75190	0.107	0.016	0.17	0.123
6984	75190	0.053	0.252	0.359	0.305
6984	75190	0.12	0.103	0.156	0.223
6984	75190	0.07	0.218	0.338	0.288
6984	75190	0.051	0.096	0.166	0.147
6984	75190	0.145	0.016	0.067	0.161
6984	75190	0.059	0.049	0.194	0.108
6984	75190	0.211	0.063	0.122	0.274
6984	75190	0.087	0.219	0.43	0.306
6984	75190	0.084	0.079	0.166	0.163
6984	75190	0.146	0.129	0.213	0.275
6984	75190	0.192	0.0	0.146	0.192
6984	75190	0.081	0.226	0.418	0.307
6984	75190	0.101	0.061	0.142	0.162
6984	75190	0.09	0.147	0.248	0.237
6984	75190	0.122	0.112	0.202	0.234
6984	75190	0.097	0.081	0.041	0.016
6984	75190	0.077	0.209	0.306	0.286
6984	75190	0.075	0.261	0.338	0.336
6984	75190	0.065	0.103	0.178	0.168
6984	75190	0.087	0.103	0.168	0.19
6984	75190	0.062	0.194	0.281	0.256
6984	75190	0.074	0.214	0.276	0.288
6984	75190	0.068	0.092	0.166	0.16
6984	75190	0.061	0.155	0.223	0.216
6984	75190	0.083	0.236	0.297	0.319
6984	75190	0.086	0.124	0.207	0.21
6984	75190	0.127	0.158	0.244	0.285
6984	75190	0.07	0.096	0.223	0.166
6984	75190	0.093	0.141	0.211	0.234
6984	75190	0.118	0.047	0.14	0.165
6984	75190	0.103	0.066	0.184	0.169
6984	75190	0.079	0.175	0.278	0.254
6984	75190	0.112	0.047	0.126	0.159
6984	75190	0.112	0.031	0.143	0.143
6984	75190	0.133	0.204	0.316	0.337
6984	75190	0.086	0.114	0.247	0.2
6984	75190	0.086	0.167	0.253	0.253
