PARTICIPANT_ID	TEST_SECTION_ID	HOLD_LATENCY	INTERKEY_LATENCY	PRESS_LATENCY	RELEASE_LATENCY
7170	77137	0.544	0.0	0.0	0.0
7170	77137	0.003	0.002	0.542	0.001
7170	77137	0.001	0.0	0.003	0.001
7170	77137	0.069	0.001	0.002	0.07
7170	77137	0.066	0.032	0.037	0.034
7170	77137	0.052	0.037	0.103	0.089
7170	77137	0.07	0.118	0.17	0.188
7170	77137	0.097	0.017	0.087	0.114
7170	77137	0.069	0.017	0.114	0.086
7170	77137	0.152	0.58	0.649	0.732
7170	77137	0.116	0.046	0.106	0.07
7170	77137	0.078	0.03	0.146	0.108
7170	77137	0.069	0.014	0.064	0.055
7170	77137	0.096	0.101	0.17	0.197
7170	77137	0.093	0.073	0.023	0.02
7170	77137	0.103	0.028	0.121	0.131
7170	77137	0.077	0.044	0.147	0.121
7170	77137	0.096	0.025	0.102	0.121
7170	77137	0.094	0.002	0.094	0.092
7170	77137	0.097	0.048	0.046	0.049
7170	77137	0.086	0.176	0.273	0.262
7170	77137	0.103	0.019	0.067	0.084
7170	77137	0.143	0.004	0.099	0.139
7170	77137	0.113	0.035	0.108	0.078
7170	77137	0.083	0.137	0.25	0.22
7170	77137	0.106	0.039	0.122	0.145
7170	77137	0.099	0.089	0.195	0.188
7170	77137	0.066	0.069	0.168	0.135
7170	77137	0.08	0.128	0.194	0.208
7170	77137	0.089	0.115	0.195	0.204
7170	77137	0.129	0.015	0.104	0.144
7170	77137	0.126	0.025	0.104	0.101
7170	77137	0.082	0.023	0.103	0.059
7170	77137	0.091	0.054	0.028	0.037
7170	77137	0.089	0.152	0.243	0.241
7170	77137	0.085	0.029	0.118	0.114
7170	77137	0.089	0.09	0.175	0.179
7170	77137	0.089	0.008	0.097	0.097
7170	77137	0.14	0.104	0.193	0.244
7170	77137	0.106	0.04	0.1	0.066
7170	77137	0.081	0.021	0.085	0.06
7170	77137	0.064	0.016	0.065	0.048
7170	77137	0.188	0.071	0.135	0.259
7170	77137	0.085	0.051	0.137	0.034
7170	77137	0.102	0.15	0.235	0.252
7170	77137	0.0	0.0	0.0	0.0
7170	77137	0.0	0.0	0.0	0.0
7170	77137	0.0	0.0	0.0	0.0
7170	77137	0.0	0.0	0.0	0.0
7170	77137	0.0	0.0	0.0	0.0
7170	77137	0.0	0.0	0.0	0.0
7170	77137	0.0	0.0	0.0	0.0
7170	77137	0.0	0.0	0.0	0.0
7170	77137	0.0	0.0	0.0	0.0
7170	77137	0.0	0.0	0.0	0.0
7170	77137	0.0	0.0	0.0	0.0
7170	77137	0.0	0.0	0.0	0.0
7170	77137	0.0	0.0	0.0	0.0
7170	77137	0.0	0.0	0.0	0.0
7170	77137	0.0	0.0	0.0	0.0
7170	77137	0.0	0.0	0.0	0.0
7170	77137	0.0	0.0	0.0	0.0
7170	77137	0.0	0.0	0.0	0.0
7170	77137	0.0	0.0	0.0	0.0
7170	77137	0.0	0.0	0.0	0.0
7170	77137	0.0	0.0	0.0	0.0
7170	77137	0.0	0.0	0.0	0.0
7170	77137	0.0	0.0	0.0	0.0
7170	77137	0.0	0.0	0.0	0.0
7170	77137	0.0	0.0	0.0	0.0
7170	77148	0.526	0.0	0.0	0.0
7170	77148	0.094	0.146	0.38	0.052
7170	77148	0.11	0.263	0.357	0.373
7170	77148	0.08	0.155	0.265	0.235
7170	77148	0.1	0.087	0.167	0.187
7170	77148	0.077	0.012	0.112	0.089
7170	77148	0.095	0.124	0.201	0.219
7170	77148	0.069	0.087	0.182	0.156
7170	77148	0.092	0.077	0.146	0.169
7170	77148	0.098	0.035	0.127	0.133
7170	77148	0.069	0.011	0.109	0.08
7170	77148	0.1	0.029	0.098	0.129
7170	77148	0.106	0.009	0.109	0.115
7170	77148	0.112	0.051	0.055	0.061
7170	77148	0.099	0.007	0.105	0.092
7170	77148	0.065	0.302	0.401	0.367
7170	77148	0.101	0.086	0.151	0.187
7170	77148	0.088	0.106	0.207	0.194
7170	77148	0.067	0.34	0.428	0.407
7170	77148	0.075	0.114	0.181	0.189
7170	77148	0.089	0.046	0.121	0.135
7170	77148	0.06	0.114	0.203	0.174
7170	77148	0.093	0.032	0.092	0.125
7170	77148	0.064	0.258	0.351	0.322
7170	77148	0.067	0.61	0.674	0.677
7170	77148	0.071	0.337	0.404	0.408
7170	77148	0.076	0.115	0.186	0.191
7170	77148	0.0	0.0	0.0	0.0
7170	77148	0.0	0.0	0.0	0.0
7170	77148	0.0	0.0	0.0	0.0
7170	77148	0.0	0.0	0.0	0.0
7170	77148	0.0	0.0	0.0	0.0
7170	77148	0.0	0.0	0.0	0.0
7170	77148	0.0	0.0	0.0	0.0
7170	77148	0.0	0.0	0.0	0.0
7170	77148	0.0	0.0	0.0	0.0
7170	77148	0.0	0.0	0.0	0.0
7170	77148	0.0	0.0	0.0	0.0
7170	77148	0.0	0.0	0.0	0.0
7170	77148	0.0	0.0	0.0	0.0
7170	77148	0.0	0.0	0.0	0.0
7170	77148	0.0	0.0	0.0	0.0
7170	77148	0.0	0.0	0.0	0.0
7170	77148	0.0	0.0	0.0	0.0
7170	77148	0.0	0.0	0.0	0.0
7170	77148	0.0	0.0	0.0	0.0
7170	77148	0.0	0.0	0.0	0.0
7170	77148	0.0	0.0	0.0	0.0
7170	77148	0.0	0.0	0.0	0.0
7170	77148	0.0	0.0	0.0	0.0
7170	77148	0.0	0.0	0.0	0.0
7170	77148	0.0	0.0	0.0	0.0
7170	77148	0.0	0.0	0.0	0.0
7170	77148	0.0	0.0	0.0	0.0
7170	77148	0.0	0.0	0.0	0.0
7170	77148	0.0	0.0	0.0	0.0
7170	77148	0.0	0.0	0.0	0.0
7170	77148	0.0	0.0	0.0	0.0
7170	77148	0.0	0.0	0.0	0.0
7170	77148	0.0	0.0	0.0	0.0
7170	77148	0.0	0.0	0.0	0.0
7170	77148	0.0	0.0	0.0	0.0
7170	77148	0.0	0.0	0.0	0.0
7170	77148	0.0	0.0	0.0	0.0
7170	77148	0.0	0.0	0.0	0.0
7170	77148	0.0	0.0	0.0	0.0
7170	77148	0.0	0.0	0.0	0.0
7170	77148	0.0	0.0	0.0	0.0
7170	77148	0.0	0.0	0.0	0.0
7170	77148	0.0	0.0	0.0	0.0
7170	77154	0.449	0.0	0.0	0.0
7170	77154	0.095	0.084	0.365	0.011
7170	77154	0.103	0.146	0.241	0.249
7170	77154	0.09	0.005	0.098	0.085
7170	77154	0.074	0.67	0.76	0.744
7170	77154	0.098	0.002	0.072	0.096
7170	77154	0.082	0.107	0.205	0.189
7170	77154	0.109	0.187	0.269	0.296
7170	77154	0.068	0.296	0.405	0.364
7170	77154	0.086	0.078	0.146	0.164
7170	77154	0.095	0.066	0.152	0.161
7170	77154	0.1	0.018	0.077	0.082
7170	77154	0.048	0.573	0.673	0.621
7170	77154	0.094	0.076	0.124	0.17
7170	77154	0.048	0.506	0.6	0.554
7170	77154	0.087	0.083	0.131	0.17
7170	77154	0.071	0.257	0.344	0.328
7170	77154	0.121	0.075	0.146	0.196
7170	77154	0.09	0.004	0.125	0.094
7170	77154	0.127	0.041	0.131	0.168
7170	77154	0.502	0.119	0.246	0.621
7170	77154	0.22	0.221	0.281	0.001
7170	77154	0.078	0.018	0.238	0.096
7170	77154	0.061	0.108	0.186	0.169
7170	77154	0.094	0.153	0.214	0.247
7170	77154	0.098	0.075	0.169	0.173
7170	77154	0.081	0.015	0.113	0.096
7170	77154	0.002	0.44	0.521	0.442
7170	77154	0.025	0.0	0.002	0.025
7170	77154	0.091	0.007	0.032	0.098
7170	77154	0.081	0.043	0.048	0.038
7170	77154	0.082	0.105	0.186	0.187
7170	77154	0.11	0.071	0.153	0.181
7170	77154	0.087	0.039	0.149	0.126
7170	77154	0.082	0.185	0.272	0.267
7170	77154	0.12	0.455	0.537	0.575
7170	77154	0.156	0.046	0.074	0.11
7170	77154	0.099	0.025	0.131	0.074
7170	77154	0.101	0.116	0.215	0.217
7170	77154	0.074	0.161	0.262	0.235
7170	77154	0.183	0.182	0.256	0.365
7170	77154	0.144	0.091	0.092	0.053
7170	77154	0.08	0.079	0.223	0.159
7170	77154	0.149	0.006	0.086	0.155
7170	77154	0.132	0.089	0.06	0.043
7170	77154	0.072	0.012	0.12	0.06
7170	77154	0.067	0.021	0.051	0.046
7170	77154	0.081	0.073	0.14	0.154
7170	77154	0.115	0.012	0.069	0.103
7170	77154	0.109	0.006	0.109	0.103
7170	77154	0.389	0.236	0.345	0.625
7170	77154	0.08	0.099	0.488	0.179
7170	77154	0.081	0.031	0.111	0.112
7170	77154	0.074	0.159	0.24	0.233
7170	77154	0.083	0.078	0.152	0.161
7170	77154	0.102	0.092	0.175	0.194
7170	77154	0.075	0.143	0.245	0.218
7170	77154	0.077	0.03	0.105	0.107
7170	77154	0.077	0.094	0.171	0.171
7170	77154	0.065	0.134	0.211	0.199
7170	77154	0.0	0.0	0.0	0.0
7170	77154	0.0	0.0	0.0	0.0
7170	77154	0.0	0.0	0.0	0.0
7170	77154	0.0	0.0	0.0	0.0
7170	77154	0.0	0.0	0.0	0.0
7170	77154	0.0	0.0	0.0	0.0
7170	77154	0.0	0.0	0.0	0.0
7170	77154	0.0	0.0	0.0	0.0
7170	77154	0.0	0.0	0.0	0.0
7170	77154	0.0	0.0	0.0	0.0
7170	77166	0.319	0.0	0.0	0.0
7170	77166	0.09	0.135	0.184	0.045
7170	77166	0.095	0.079	0.169	0.174
7170	77166	0.066	0.366	0.461	0.432
7170	77166	0.075	0.084	0.15	0.159
7170	77166	0.105	0.084	0.159	0.189
7170	77166	0.085	0.048	0.153	0.133
7170	77166	0.088	0.031	0.116	0.119
7170	77166	0.077	0.023	0.065	0.054
7170	77166	0.21	0.011	0.066	0.199
7170	77166	0.178	0.082	0.128	0.096
7170	77166	0.106	0.061	0.117	0.045
7170	77166	0.114	0.001	0.107	0.115
7170	77166	0.103	0.158	0.272	0.261
7170	77166	0.141	0.024	0.127	0.165
7170	77166	0.158	0.047	0.094	0.111
7170	77166	0.085	0.066	0.092	0.019
7170	77166	0.1	0.104	0.189	0.204
7170	77166	0.074	0.016	0.116	0.09
7170	77166	0.085	0.076	0.15	0.161
7170	77166	0.113	0.196	0.281	0.309
7170	77166	0.105	0.024	0.089	0.081
7170	77166	0.083	0.532	0.637	0.615
7170	77166	0.11	0.115	0.198	0.225
7170	77166	0.096	0.087	0.197	0.183
7170	77166	0.057	0.075	0.171	0.132
7170	77166	0.087	0.065	0.122	0.152
7170	77166	0.074	0.449	0.536	0.523
7170	77166	0.078	0.08	0.154	0.158
7170	77166	0.098	0.16	0.238	0.258
7170	77166	0.072	0.014	0.112	0.086
7170	77166	0.1	0.112	0.184	0.212
7170	77166	0.065	0.004	0.104	0.069
7170	77166	0.136	0.072	0.137	0.208
7170	77166	0.109	0.065	0.071	0.044
7170	77166	0.092	0.02	0.129	0.112
7170	77166	0.084	0.007	0.099	0.091
7170	77166	0.091	0.012	0.096	0.103
7170	77166	0.095	0.061	0.152	0.156
7170	77166	0.09	0.015	0.11	0.105
7170	77166	0.074	0.265	0.355	0.339
7170	77166	0.071	0.034	0.108	0.105
7170	77166	0.084	0.063	0.134	0.147
7170	77166	0.089	0.035	0.119	0.124
7170	77166	0.085	0.01	0.079	0.075
7170	77166	0.072	0.064	0.149	0.136
7170	77166	0.075	0.043	0.029	0.032
7170	77166	0.104	0.009	0.084	0.113
7170	77166	0.136	0.006	0.098	0.13
7170	77166	0.107	0.067	0.069	0.04
7170	77166	0.109	0.246	0.353	0.355
7170	77166	0.0	0.0	0.0	0.0
7170	77166	0.0	0.0	0.0	0.0
7170	77166	0.0	0.0	0.0	0.0
7170	77166	0.0	0.0	0.0	0.0
7170	77166	0.0	0.0	0.0	0.0
7170	77166	0.0	0.0	0.0	0.0
7170	77166	0.0	0.0	0.0	0.0
7170	77166	0.0	0.0	0.0	0.0
7170	77166	0.0	0.0	0.0	0.0
7170	77166	0.0	0.0	0.0	0.0
7170	77166	0.0	0.0	0.0	0.0
7170	77166	0.0	0.0	0.0	0.0
7170	77166	0.0	0.0	0.0	0.0
7170	77166	0.0	0.0	0.0	0.0
7170	77166	0.0	0.0	0.0	0.0
7170	77166	0.0	0.0	0.0	0.0
7170	77166	0.0	0.0	0.0	0.0
7170	77166	0.0	0.0	0.0	0.0
7170	77166	0.0	0.0	0.0	0.0
7170	77182	0.987	0.0	0.0	0.0
7170	77182	0.092	0.096	0.891	0.004
7170	77182	0.064	0.199	0.291	0.263
7170	77182	0.111	0.065	0.129	0.176
7170	77182	0.075	0.034	0.077	0.041
7170	77182	0.098	0.025	0.1	0.123
7170	77182	0.051	0.129	0.227	0.18
7170	77182	0.119	0.581	0.632	0.7
7170	77182	0.064	0.132	0.251	0.196
7170	77182	0.179	0.077	0.141	0.256
7170	77182	0.135	0.083	0.096	0.052
7170	77182	0.106	0.063	0.198	0.169
7170	77182	0.104	0.001	0.107	0.105
7170	77182	0.104	0.261	0.365	0.365
7170	77182	0.105	0.124	0.228	0.229
7170	77182	0.102	0.042	0.147	0.144
7170	77182	0.167	0.052	0.154	0.219
7170	77182	0.11	0.028	0.139	0.082
7170	77182	0.072	1.174	1.284	1.246
7170	77182	0.072	0.072	0.144	0.144
7170	77182	0.085	0.08	0.152	0.165
7170	77182	0.178	0.148	0.233	0.326
7170	77182	0.127	0.08	0.098	0.047
7170	77182	0.079	0.015	0.142	0.094
7170	77182	0.143	0.648	0.727	0.791
7170	77182	0.114	0.053	0.09	0.061
7170	77182	0.088	0.103	0.217	0.191
7170	77182	0.081	0.029	0.117	0.11
7170	77182	0.091	0.077	0.158	0.168
7170	77182	0.105	0.604	0.695	0.709
7170	77182	0.113	0.248	0.353	0.361
7170	77182	0.093	0.099	0.212	0.192
7170	77182	0.105	0.046	0.047	0.059
7170	77182	0.103	0.045	0.15	0.148
7170	77182	0.101	0.019	0.122	0.12
7170	77182	0.124	0.076	0.177	0.2
7170	77182	0.0	0.0	0.0	0.0
7170	77182	0.0	0.0	0.0	0.0
7170	77182	0.0	0.0	0.0	0.0
7170	77182	0.0	0.0	0.0	0.0
7170	77182	0.0	0.0	0.0	0.0
7170	77182	0.0	0.0	0.0	0.0
7170	77182	0.0	0.0	0.0	0.0
7170	77182	0.0	0.0	0.0	0.0
7170	77182	0.0	0.0	0.0	0.0
7170	77182	0.0	0.0	0.0	0.0
7170	77182	0.0	0.0	0.0	0.0
7170	77182	0.0	0.0	0.0	0.0
7170	77182	0.0	0.0	0.0	0.0
7170	77182	0.0	0.0	0.0	0.0
7170	77182	0.0	0.0	0.0	0.0
7170	77182	0.0	0.0	0.0	0.0
7170	77182	0.0	0.0	0.0	0.0
7170	77182	0.0	0.0	0.0	0.0
7170	77182	0.0	0.0	0.0	0.0
7170	77182	0.0	0.0	0.0	0.0
7170	77182	0.0	0.0	0.0	0.0
7170	77182	0.0	0.0	0.0	0.0
7170	77182	0.0	0.0	0.0	0.0
7170	77182	0.0	0.0	0.0	0.0
7170	77182	0.0	0.0	0.0	0.0
7170	77182	0.0	0.0	0.0	0.0
7170	77182	0.0	0.0	0.0	0.0
7170	77182	0.0	0.0	0.0	0.0
7170	77182	0.0	0.0	0.0	0.0
7170	77182	0.0	0.0	0.0	0.0
7170	77182	0.0	0.0	0.0	0.0
7170	77182	0.0	0.0	0.0	0.0
7170	77182	0.0	0.0	0.0	0.0
7170	77182	0.0	0.0	0.0	0.0
7170	77194	0.321	0.0	0.0	0.0
7170	77194	0.101	0.096	0.225	0.005
7170	77194	0.097	0.149	0.25	0.246
7170	77194	0.074	0.031	0.128	0.105
7170	77194	0.053	0.025	0.099	0.078
7170	77194	0.104	0.141	0.194	0.245
7170	77194	0.095	0.034	0.07	0.061
7170	77194	0.054	0.021	0.074	0.033
7170	77194	0.093	0.078	0.132	0.171
7170	77194	0.083	0.035	0.058	0.048
7170	77194	0.109	0.078	0.161	0.187
7170	77194	0.083	0.704	0.813	0.787
7170	77194	0.08	0.043	0.126	0.123
7170	77194	0.075	0.158	0.238	0.233
7170	77194	0.113	0.087	0.162	0.2
7170	77194	0.095	0.418	0.531	0.513
7170	77194	0.062	0.029	0.124	0.091
7170	77194	0.106	0.097	0.159	0.203
7170	77194	0.095	0.021	0.127	0.116
7170	77194	0.06	0.185	0.28	0.245
7170	77194	0.084	0.062	0.122	0.146
7170	77194	0.232	0.12	0.204	0.352
7170	77194	0.112	0.038	0.194	0.074
7170	77194	0.111	0.002	0.11	0.109
7170	77194	0.119	0.102	0.213	0.221
7170	77194	0.113	0.024	0.143	0.137
7170	77194	0.087	0.009	0.122	0.096
7170	77194	0.06	0.364	0.451	0.424
7170	77194	0.091	0.082	0.142	0.173
7170	77194	0.071	0.028	0.119	0.099
7170	77194	0.054	0.081	0.152	0.135
7170	77194	0.663	0.238	0.292	0.901
7170	77194	0.077	0.587	1.25	0.664
7170	77194	0.0	0.0	0.0	0.0
7170	77194	0.0	0.0	0.0	0.0
7170	77194	0.0	0.0	0.0	0.0
7170	77194	0.0	0.0	0.0	0.0
7170	77194	0.0	0.0	0.0	0.0
7170	77194	0.0	0.0	0.0	0.0
7170	77194	0.0	0.0	0.0	0.0
7170	77194	0.0	0.0	0.0	0.0
7170	77194	0.0	0.0	0.0	0.0
7170	77194	0.0	0.0	0.0	0.0
7170	77194	0.0	0.0	0.0	0.0
7170	77194	0.0	0.0	0.0	0.0
7170	77194	0.0	0.0	0.0	0.0
7170	77194	0.0	0.0	0.0	0.0
7170	77194	0.0	0.0	0.0	0.0
7170	77194	0.0	0.0	0.0	0.0
7170	77194	0.0	0.0	0.0	0.0
7170	77194	0.0	0.0	0.0	0.0
7170	77194	0.0	0.0	0.0	0.0
7170	77194	0.0	0.0	0.0	0.0
7170	77194	0.0	0.0	0.0	0.0
7170	77194	0.0	0.0	0.0	0.0
7170	77194	0.0	0.0	0.0	0.0
7170	77194	0.0	0.0	0.0	0.0
7170	77194	0.0	0.0	0.0	0.0
7170	77194	0.0	0.0	0.0	0.0
7170	77194	0.0	0.0	0.0	0.0
7170	77194	0.0	0.0	0.0	0.0
7170	77194	0.0	0.0	0.0	0.0
7170	77194	0.0	0.0	0.0	0.0
7170	77194	0.0	0.0	0.0	0.0
7170	77194	0.0	0.0	0.0	0.0
7170	77194	0.0	0.0	0.0	0.0
7170	77194	0.0	0.0	0.0	0.0
7170	77194	0.0	0.0	0.0	0.0
7170	77194	0.0	0.0	0.0	0.0
7170	77194	0.0	0.0	0.0	0.0
7170	77200	0.43	0.0	0.0	0.0
7170	77200	0.107	0.048	0.382	0.059
7170	77200	0.097	0.12	0.227	0.217
7170	77200	0.111	0.018	0.115	0.129
7170	77200	0.092	0.36	0.471	0.452
7170	77200	0.069	0.042	0.05	0.027
7170	77200	0.118	0.069	0.138	0.187
7170	77200	0.078	0.048	0.07	0.03
7170	77200	0.137	0.096	0.174	0.233
7170	77200	0.1	0.091	0.228	0.191
7170	77200	0.086	0.057	0.157	0.143
7170	77200	0.079	0.388	0.474	0.467
7170	77200	0.097	0.094	0.173	0.191
7170	77200	0.088	0.196	0.293	0.284
7170	77200	0.123	0.382	0.47	0.505
7170	77200	0.184	0.084	0.207	0.268
7170	77200	0.194	0.105	0.079	0.089
7170	77200	0.111	0.002	0.192	0.109
7170	77200	0.08	0.162	0.273	0.242
7170	77200	0.064	0.077	0.157	0.141
7170	77200	0.112	0.078	0.142	0.19
7170	77200	0.112	0.014	0.126	0.126
7170	77200	0.139	0.065	0.047	0.074
7170	77200	0.088	0.011	0.128	0.077
7170	77200	0.092	0.074	0.162	0.166
7170	77200	0.095	0.002	0.09	0.093
7170	77200	0.107	0.04	0.055	0.067
7170	77200	0.11	0.014	0.093	0.096
7170	77200	0.069	0.503	0.613	0.572
7170	77200	0.099	0.113	0.182	0.212
7170	77200	0.089	0.087	0.186	0.176
7170	77200	0.125	0.696	0.785	0.821
7170	77200	0.085	0.004	0.129	0.089
7170	77200	0.101	0.185	0.27	0.286
7170	77200	0.099	0.079	0.18	0.178
7170	77200	0.069	0.204	0.303	0.273
7170	77200	0.143	0.163	0.232	0.306
7170	77200	0.103	0.057	0.086	0.046
7170	77200	0.098	0.125	0.228	0.223
7170	77200	0.072	0.074	0.172	0.146
7170	77200	0.133	0.024	0.096	0.157
7170	77200	0.059	0.009	0.142	0.068
7170	77200	0.096	0.089	0.148	0.185
7170	77200	0.094	0.288	0.384	0.382
7170	77200	0.104	0.116	0.21	0.22
7170	77200	0.149	0.009	0.113	0.158
7170	77200	0.127	0.074	0.075	0.053
7170	77200	0.088	0.067	0.194	0.155
7170	77200	0.094	0.032	0.12	0.126
7170	77200	0.069	0.04	0.134	0.109
7170	77200	0.115	0.167	0.236	0.282
7170	77200	0.101	0.033	0.082	0.068
7170	77200	0.095	0.129	0.23	0.224
7170	77200	0.059	0.08	0.175	0.139
7170	77200	0.094	0.112	0.171	0.206
7170	77200	0.076	0.018	0.112	0.094
7170	77200	0.072	0.027	0.103	0.099
7170	77200	0.099	0.057	0.129	0.156
7170	77200	0.062	0.043	0.056	0.019
7170	77200	0.142	0.066	0.128	0.208
7170	77200	0.105	0.048	0.094	0.057
7170	77200	0.121	0.043	0.148	0.164
7170	77200	0.077	0.954	1.075	1.031
7170	77200	0.063	0.069	0.146	0.132
7170	77200	0.075	0.065	0.128	0.14
7170	77200	0.069	0.069	0.144	0.138
7170	77200	0.08	0.067	0.136	0.147
7170	77200	0.094	0.037	0.117	0.131
7170	77200	0.071	0.073	0.167	0.144
7170	77200	0.078	0.083	0.154	0.161
7170	77234	0.434	0.0	0.0	0.0
7170	77234	0.102	0.112	0.322	0.01
7170	77234	0.061	0.178	0.28	0.239
7170	77234	0.069	0.414	0.475	0.483
7170	77234	0.093	0.048	0.117	0.141
7170	77234	0.083	0.002	0.091	0.081
7170	77234	0.564	0.205	0.288	0.769
7170	77234	0.105	0.097	0.467	0.008
7170	77234	0.106	0.231	0.336	0.337
7170	77234	0.175	0.169	0.275	0.344
7170	77234	0.111	0.043	0.132	0.068
7170	77234	0.074	0.015	0.096	0.059
7170	77234	0.138	0.133	0.207	0.271
7170	77234	0.117	0.029	0.109	0.088
7170	77234	0.076	0.697	0.814	0.773
7170	77234	0.076	0.137	0.213	0.213
7170	77234	0.067	0.141	0.217	0.208
7170	77234	0.09	0.097	0.164	0.187
7170	77234	0.093	0.002	0.088	0.091
7170	77234	0.083	0.024	0.117	0.107
7170	77234	0.076	0.292	0.375	0.368
7170	77234	0.068	0.478	0.554	0.546
7170	77234	0.083	0.042	0.11	0.125
7170	77234	0.088	0.158	0.241	0.246
7170	77234	0.082	0.061	0.149	0.143
7170	77234	0.084	0.086	0.168	0.17
7170	77234	0.14	0.004	0.08	0.136
7170	77234	0.124	0.071	0.069	0.053
7170	77234	0.118	0.014	0.138	0.132
7170	77234	0.145	0.448	0.566	0.593
7170	77234	0.072	0.095	0.24	0.167
7170	77234	0.096	0.297	0.369	0.393
7170	77234	0.079	0.116	0.212	0.195
7170	77234	0.154	0.005	0.084	0.159
7170	77234	0.118	0.045	0.109	0.073
7170	77234	0.078	0.091	0.209	0.169
7170	77234	0.077	0.07	0.148	0.147
7170	77234	0.091	0.058	0.135	0.149
7170	77234	0.088	0.369	0.46	0.457
7170	77234	0.095	0.451	0.539	0.546
7170	77234	0.079	0.167	0.262	0.246
7170	77234	0.092	0.039	0.118	0.131
7170	77234	0.186	0.038	0.054	0.148
7170	77234	0.15	0.05	0.136	0.1
7170	77234	0.113	0.109	0.259	0.222
7170	77234	0.0	0.0	0.0	0.0
7170	77234	0.0	0.0	0.0	0.0
7170	77234	0.0	0.0	0.0	0.0
7170	77234	0.0	0.0	0.0	0.0
7170	77234	0.0	0.0	0.0	0.0
7170	77234	0.0	0.0	0.0	0.0
7170	77234	0.0	0.0	0.0	0.0
7170	77234	0.0	0.0	0.0	0.0
7170	77234	0.0	0.0	0.0	0.0
7170	77234	0.0	0.0	0.0	0.0
7170	77234	0.0	0.0	0.0	0.0
7170	77234	0.0	0.0	0.0	0.0
7170	77234	0.0	0.0	0.0	0.0
7170	77234	0.0	0.0	0.0	0.0
7170	77234	0.0	0.0	0.0	0.0
7170	77234	0.0	0.0	0.0	0.0
7170	77234	0.0	0.0	0.0	0.0
7170	77234	0.0	0.0	0.0	0.0
7170	77234	0.0	0.0	0.0	0.0
7170	77234	0.0	0.0	0.0	0.0
7170	77234	0.0	0.0	0.0	0.0
7170	77234	0.0	0.0	0.0	0.0
7170	77234	0.0	0.0	0.0	0.0
7170	77234	0.0	0.0	0.0	0.0
7170	77234	0.0	0.0	0.0	0.0
7170	77247	0.522	0.0	0.0	0.0
7170	77247	0.107	0.117	0.405	0.01
7170	77247	0.073	0.055	0.162	0.128
7170	77247	0.078	0.033	0.106	0.111
7170	77247	0.096	0.078	0.156	0.174
7170	77247	0.076	0.017	0.113	0.093
7170	77247	0.075	0.173	0.249	0.248
7170	77247	0.083	0.216	0.291	0.299
7170	77247	0.09	0.142	0.225	0.232
7170	77247	0.065	0.072	0.162	0.137
7170	77247	0.106	0.115	0.18	0.221
7170	77247	0.071	0.269	0.375	0.34
7170	77247	0.096	0.068	0.139	0.164
7170	77247	0.092	0.055	0.151	0.147
7170	77247	0.1	0.053	0.145	0.153
7170	77247	0.071	0.41	0.51	0.481
7170	77247	0.11	0.097	0.168	0.207
7170	77247	0.076	0.027	0.137	0.103
7170	77247	0.095	0.112	0.188	0.207
7170	77247	0.096	0.022	0.117	0.118
7170	77247	0.074	0.05	0.146	0.124
7170	77247	0.086	0.137	0.211	0.223
7170	77247	0.08	0.242	0.328	0.322
7170	77247	0.054	0.129	0.209	0.183
7170	77247	0.09	0.034	0.088	0.124
7170	77247	0.079	0.001	0.091	0.08
7170	77247	0.071	0.099	0.178	0.17
7170	77247	0.078	0.248	0.319	0.326
7170	77247	0.083	0.105	0.183	0.188
7170	77247	0.077	0.098	0.181	0.175
7170	77247	0.068	0.105	0.182	0.173
7170	77247	0.07	0.09	0.158	0.16
7170	77247	0.08	0.036	0.106	0.116
7170	77247	0.083	0.085	0.165	0.168
7170	77247	0.071	0.609	0.692	0.68
7170	77247	0.0	0.0	0.0	0.0
7170	77247	0.0	0.0	0.0	0.0
7170	77247	0.0	0.0	0.0	0.0
7170	77247	0.0	0.0	0.0	0.0
7170	77247	0.0	0.0	0.0	0.0
7170	77247	0.0	0.0	0.0	0.0
7170	77247	0.0	0.0	0.0	0.0
7170	77247	0.0	0.0	0.0	0.0
7170	77247	0.0	0.0	0.0	0.0
7170	77247	0.0	0.0	0.0	0.0
7170	77247	0.0	0.0	0.0	0.0
7170	77247	0.0	0.0	0.0	0.0
7170	77247	0.0	0.0	0.0	0.0
7170	77247	0.0	0.0	0.0	0.0
7170	77247	0.0	0.0	0.0	0.0
7170	77247	0.0	0.0	0.0	0.0
7170	77247	0.0	0.0	0.0	0.0
7170	77247	0.0	0.0	0.0	0.0
7170	77247	0.0	0.0	0.0	0.0
7170	77247	0.0	0.0	0.0	0.0
7170	77247	0.0	0.0	0.0	0.0
7170	77247	0.0	0.0	0.0	0.0
7170	77247	0.0	0.0	0.0	0.0
7170	77247	0.0	0.0	0.0	0.0
7170	77247	0.0	0.0	0.0	0.0
7170	77247	0.0	0.0	0.0	0.0
7170	77247	0.0	0.0	0.0	0.0
7170	77247	0.0	0.0	0.0	0.0
7170	77247	0.0	0.0	0.0	0.0
7170	77247	0.0	0.0	0.0	0.0
7170	77247	0.0	0.0	0.0	0.0
7170	77247	0.0	0.0	0.0	0.0
7170	77247	0.0	0.0	0.0	0.0
7170	77247	0.0	0.0	0.0	0.0
7170	77247	0.0	0.0	0.0	0.0
7170	77257	0.381	0.0	0.0	0.0
7170	77257	0.099	0.104	0.277	0.005
7170	77257	0.098	0.31	0.409	0.408
7170	77257	0.104	0.085	0.183	0.189
7170	77257	0.08	0.268	0.372	0.348
7170	77257	0.068	0.156	0.236	0.224
7170	77257	0.083	0.85	0.918	0.933
7170	77257	0.071	0.138	0.221	0.209
7170	77257	0.139	0.162	0.233	0.301
7170	77257	0.1	0.047	0.092	0.053
7170	77257	0.087	0.186	0.286	0.273
7170	77257	0.095	0.035	0.122	0.13
7170	77257	0.093	0.982	1.077	1.075
7170	77257	0.069	0.082	0.175	0.151
7170	77257	0.096	0.155	0.224	0.251
7170	77257	0.074	0.07	0.166	0.144
7170	77257	0.106	0.021	0.095	0.127
7170	77257	0.092	0.002	0.104	0.09
7170	77257	0.111	0.034	0.058	0.077
7170	77257	0.121	0.067	0.178	0.188
7170	77257	0.041	0.025	0.146	0.066
7170	77257	0.078	0.106	0.147	0.184
7170	77257	0.067	0.071	0.149	0.138
7170	77257	0.071	0.076	0.143	0.147
7170	77257	0.082	0.072	0.143	0.154
7170	77257	0.104	0.072	0.154	0.176
7170	77257	0.11	0.557	0.661	0.667
7170	77257	0.079	0.066	0.176	0.145
7170	77257	0.065	0.048	0.127	0.113
7170	77257	0.113	0.008	0.073	0.121
7170	77257	0.067	0.013	0.126	0.08
7170	77257	0.079	0.097	0.164	0.176
7170	77257	0.068	0.11	0.189	0.178
7170	77257	0.092	0.017	0.051	0.075
7170	77257	0.045	0.044	0.136	0.089
7170	77257	0.086	0.033	0.078	0.119
7170	77257	0.086	0.004	0.082	0.082
7170	77257	0.091	0.006	0.08	0.085
7170	77257	0.072	0.122	0.213	0.194
7170	77257	0.084	0.115	0.187	0.199
7170	77257	0.166	0.048	0.036	0.118
7170	77257	0.101	0.073	0.093	0.028
7170	77257	0.099	0.003	0.098	0.096
7170	77257	0.066	0.27	0.369	0.336
7170	77257	0.067	0.071	0.137	0.138
7170	77257	0.113	0.066	0.133	0.179
7170	77257	0.098	0.114	0.227	0.212
7170	77257	0.055	0.023	0.121	0.078
7170	77257	0.096	0.053	0.108	0.149
7170	77257	0.078	0.003	0.099	0.081
7170	77257	0.129	0.063	0.141	0.192
7170	77257	0.109	0.054	0.183	0.163
7170	77257	0.101	0.336	0.445	0.437
7170	77257	0.065	0.106	0.207	0.171
7170	77257	0.072	0.117	0.182	0.189
7170	77257	0.065	0.109	0.181	0.174
7170	77257	0.0	0.0	0.0	0.0
7170	77257	0.0	0.0	0.0	0.0
7170	77257	0.0	0.0	0.0	0.0
7170	77257	0.0	0.0	0.0	0.0
7170	77257	0.0	0.0	0.0	0.0
7170	77257	0.0	0.0	0.0	0.0
7170	77257	0.0	0.0	0.0	0.0
7170	77257	0.0	0.0	0.0	0.0
7170	77257	0.0	0.0	0.0	0.0
7170	77257	0.0	0.0	0.0	0.0
7170	77257	0.0	0.0	0.0	0.0
7170	77257	0.0	0.0	0.0	0.0
7170	77257	0.0	0.0	0.0	0.0
7170	77257	0.0	0.0	0.0	0.0
7170	77269	0.246	0.0	0.0	0.0
7170	77269	0.108	0.08	0.166	0.028
7170	77269	0.104	0.031	0.139	0.135
7170	77269	0.084	0.013	0.091	0.071
7170	77269	0.092	0.115	0.199	0.207
7170	77269	0.093	0.018	0.11	0.111
7170	77269	0.077	0.041	0.134	0.118
7170	77269	0.104	0.05	0.027	0.054
7170	77269	0.1	0.134	0.238	0.234
7170	77269	0.168	0.002	0.098	0.166
7170	77269	0.135	0.088	0.08	0.047
7170	77269	0.107	0.013	0.122	0.094
7170	77269	0.104	0.035	0.142	0.139
7170	77269	0.062	0.479	0.583	0.541
7170	77269	0.121	0.062	0.124	0.183
7170	77269	0.073	0.015	0.106	0.058
7170	77269	0.12	0.041	0.114	0.161
7170	77269	0.082	0.147	0.267	0.229
7170	77269	0.082	0.033	0.115	0.115
7170	77269	0.066	0.017	0.099	0.083
7170	77269	0.172	0.286	0.352	0.458
7170	77269	0.095	0.078	0.094	0.017
7170	77269	0.0	0.0	0.0	0.0
7170	77269	0.0	0.0	0.0	0.0
7170	77269	0.0	0.0	0.0	0.0
7170	77269	0.0	0.0	0.0	0.0
7170	77269	0.0	0.0	0.0	0.0
7170	77269	0.0	0.0	0.0	0.0
7170	77269	0.0	0.0	0.0	0.0
7170	77269	0.0	0.0	0.0	0.0
7170	77269	0.0	0.0	0.0	0.0
7170	77269	0.0	0.0	0.0	0.0
7170	77269	0.0	0.0	0.0	0.0
7170	77269	0.0	0.0	0.0	0.0
7170	77269	0.0	0.0	0.0	0.0
7170	77269	0.0	0.0	0.0	0.0
7170	77269	0.0	0.0	0.0	0.0
7170	77269	0.0	0.0	0.0	0.0
7170	77269	0.0	0.0	0.0	0.0
7170	77269	0.0	0.0	0.0	0.0
7170	77269	0.0	0.0	0.0	0.0
7170	77269	0.0	0.0	0.0	0.0
7170	77269	0.0	0.0	0.0	0.0
7170	77269	0.0	0.0	0.0	0.0
7170	77269	0.0	0.0	0.0	0.0
7170	77269	0.0	0.0	0.0	0.0
7170	77269	0.0	0.0	0.0	0.0
7170	77269	0.0	0.0	0.0	0.0
7170	77269	0.0	0.0	0.0	0.0
7170	77269	0.0	0.0	0.0	0.0
7170	77269	0.0	0.0	0.0	0.0
7170	77269	0.0	0.0	0.0	0.0
7170	77269	0.0	0.0	0.0	0.0
7170	77269	0.0	0.0	0.0	0.0
7170	77269	0.0	0.0	0.0	0.0
7170	77269	0.0	0.0	0.0	0.0
7170	77269	0.0	0.0	0.0	0.0
7170	77269	0.0	0.0	0.0	0.0
7170	77269	0.0	0.0	0.0	0.0
7170	77269	0.0	0.0	0.0	0.0
7170	77269	0.0	0.0	0.0	0.0
7170	77269	0.0	0.0	0.0	0.0
7170	77269	0.0	0.0	0.0	0.0
7170	77269	0.0	0.0	0.0	0.0
7170	77269	0.0	0.0	0.0	0.0
7170	77269	0.0	0.0	0.0	0.0
7170	77269	0.0	0.0	0.0	0.0
7170	77269	0.0	0.0	0.0	0.0
7170	77269	0.0	0.0	0.0	0.0
7170	77269	0.0	0.0	0.0	0.0
7170	77278	0.518	0.0	0.0	0.0
7170	77278	0.097	0.125	0.393	0.028
7170	77278	0.085	0.135	0.232	0.22
7170	77278	0.144	0.156	0.241	0.3
7170	77278	0.118	0.068	0.076	0.05
7170	77278	0.087	0.042	0.16	0.129
7170	77278	0.17	0.006	0.081	0.164
7170	77278	0.154	0.104	0.066	0.05
7170	77278	0.093	0.005	0.149	0.088
7170	77278	0.175	0.166	0.259	0.341
7170	77278	0.135	0.091	0.084	0.044
7170	77278	0.053	0.004	0.131	0.049
7170	77278	0.075	0.032	0.085	0.107
7170	77278	0.094	0.007	0.082	0.101
7170	77278	0.107	0.006	0.088	0.101
7170	77278	0.068	0.042	0.065	0.026
7170	77278	0.109	0.072	0.14	0.181
7170	77278	0.076	0.035	0.144	0.111
7170	77278	0.084	0.32	0.396	0.404
7170	77278	0.126	0.449	0.533	0.575
7170	77278	0.15	0.065	0.061	0.085
7170	77278	0.101	0.011	0.161	0.112
7170	77278	0.073	0.12	0.221	0.193
7170	77278	0.066	0.015	0.088	0.081
7170	77278	0.108	0.147	0.213	0.255
7170	77278	0.096	0.236	0.344	0.332
7170	77278	0.074	0.137	0.233	0.211
7170	77278	0.085	0.1	0.174	0.185
7170	77278	0.149	0.056	0.141	0.205
7170	77278	0.103	0.029	0.12	0.074
7170	77278	0.097	0.263	0.366	0.36
7170	77278	0.068	0.067	0.164	0.135
7170	77278	0.101	0.073	0.141	0.174
7170	77278	0.104	0.013	0.114	0.117
7170	77278	0.102	0.117	0.221	0.219
7170	77278	0.056	0.122	0.224	0.178
7170	77278	0.078	0.419	0.475	0.497
7170	77278	0.093	0.095	0.173	0.188
7170	77278	0.042	0.224	0.317	0.266
7170	77278	0.115	0.557	0.599	0.672
7170	77278	0.082	0.551	0.666	0.633
7170	77278	0.072	0.032	0.114	0.104
7170	77278	0.094	0.105	0.177	0.199
7170	77278	0.082	0.021	0.115	0.103
7170	77278	0.085	0.029	0.111	0.114
7170	77278	0.075	0.112	0.197	0.187
7170	77278	0.04	0.051	0.024	0.011
7170	77278	0.083	0.542	0.582	0.625
7170	77278	0.081	0.257	0.34	0.338
7170	77278	0.103	0.048	0.129	0.151
7170	77278	0.076	0.014	0.117	0.09
7170	77278	0.195	0.056	0.132	0.251
7170	77278	0.146	0.093	0.102	0.053
7170	77278	0.087	0.02	0.166	0.107
7170	77278	0.112	0.042	0.129	0.154
7170	77278	0.067	0.044	0.156	0.111
7170	77278	0.112	0.058	0.125	0.17
7170	77278	0.166	0.032	0.144	0.198
7170	77278	0.105	0.005	0.161	0.1
7170	77278	0.14	0.257	0.362	0.397
7170	77278	0.18	0.016	0.124	0.164
7170	77278	0.155	0.08	0.1	0.075
7170	77278	0.091	0.399	0.554	0.49
7170	77278	0.154	0.006	0.097	0.16
7170	77278	0.157	0.081	0.073	0.076
7170	77278	0.118	0.111	0.268	0.229
7170	77278	0.148	0.052	0.066	0.096
7170	77278	0.081	0.033	0.115	0.048
7170	77278	0.256	1.109	1.19	1.365
7170	77278	0.083	0.084	0.172	0.001
7170	77294	0.267	0.0	0.0	0.0
7170	77294	0.13	0.047	0.22	0.083
7170	77294	0.162	0.038	0.168	0.2
7170	77294	0.151	0.096	0.066	0.055
7170	77294	0.077	0.007	0.158	0.084
7170	77294	0.082	0.106	0.183	0.188
7170	77294	0.1	0.111	0.193	0.211
7170	77294	0.074	0.01	0.11	0.084
7170	77294	0.068	0.064	0.138	0.132
7170	77294	0.361	0.356	0.424	0.717
7170	77294	0.094	0.085	0.276	0.009
7170	77294	0.078	0.144	0.238	0.222
7170	77294	0.082	0.127	0.205	0.209
7170	77294	0.123	0.067	0.149	0.19
7170	77294	0.088	0.005	0.128	0.093
7170	77294	0.503	0.163	0.251	0.666
7170	77294	0.148	0.207	0.296	0.059
7170	77294	0.102	0.112	0.26	0.214
7170	77294	0.088	0.074	0.176	0.162
7170	77294	0.119	0.067	0.155	0.186
7170	77294	0.093	0.051	0.17	0.144
7170	77294	0.094	0.15	0.243	0.244
7170	77294	0.077	0.223	0.317	0.3
7170	77294	0.143	0.053	0.13	0.196
7170	77294	0.088	0.011	0.154	0.099
7170	77294	0.121	0.122	0.21	0.243
7170	77294	0.08	0.069	0.19	0.149
7170	77294	0.15	0.091	0.171	0.241
7170	77294	0.16	0.094	0.056	0.066
7170	77294	0.083	0.032	0.128	0.051
7170	77294	0.095	0.038	0.121	0.133
7170	77294	0.074	0.012	0.083	0.062
7170	77294	0.087	0.121	0.195	0.208
7170	77294	0.086	0.051	0.138	0.137
7170	77294	0.07	0.223	0.309	0.293
7170	77294	0.066	0.072	0.142	0.138
7170	77294	0.078	0.082	0.148	0.16
7170	77294	0.061	0.081	0.159	0.142
7170	77294	0.095	1.289	1.35	1.384
7170	77294	0.073	0.01	0.105	0.083
7170	77294	0.083	0.103	0.176	0.186
7170	77294	0.067	0.04	0.123	0.107
7170	77294	0.076	0.374	0.441	0.45
7170	77294	0.08	0.093	0.169	0.173
7170	77294	0.097	0.061	0.141	0.158
7170	77294	0.081	0.581	0.678	0.662
7170	77294	0.069	0.002	0.083	0.071
7170	77294	0.082	0.107	0.176	0.189
7170	77294	0.096	0.033	0.115	0.129
7170	77294	0.144	0.031	0.127	0.175
7170	77294	0.135	0.049	0.095	0.086
7170	77294	0.077	0.445	0.58	0.522
7170	77294	0.144	0.023	0.1	0.167
7170	77294	0.091	0.012	0.132	0.079
7170	77294	0.096	0.136	0.227	0.232
7170	77294	0.149	0.052	0.148	0.201
7170	77294	0.181	0.063	0.086	0.118
7170	77294	0.112	0.116	0.065	0.004
7170	77294	0.109	0.014	0.098	0.095
7170	77294	0.093	0.116	0.225	0.209
7170	77294	0.1	0.043	0.136	0.143
7170	77294	0.101	0.032	0.132	0.133
7170	77294	0.099	0.685	0.786	0.784
7170	77294	0.144	0.027	0.126	0.171
7170	77294	0.182	0.079	0.065	0.103
7170	77294	0.089	0.073	0.255	0.162
7170	77294	0.096	0.036	0.125	0.132
7170	77294	0.07	0.993	1.089	1.063
7170	77294	0.07	0.37	0.44	0.44
7170	77294	0.087	0.055	0.125	0.142
7170	77309	0.434	0.0	0.0	0.0
7170	77309	0.099	0.108	0.326	0.009
7170	77309	0.088	0.105	0.204	0.193
7170	77309	0.079	0.485	0.573	0.564
7170	77309	0.116	0.406	0.485	0.522
7170	77309	0.117	0.032	0.148	0.149
7170	77309	0.106	0.079	0.038	0.027
7170	77309	0.091	0.271	0.377	0.362
7170	77309	0.161	0.119	0.21	0.28
7170	77309	0.155	0.055	0.106	0.1
7170	77309	0.112	0.02	0.135	0.092
7170	77309	0.103	0.416	0.528	0.519
7170	77309	0.096	0.167	0.27	0.263
7170	77309	0.064	0.042	0.138	0.106
7170	77309	0.098	0.097	0.161	0.195
7170	77309	0.081	0.092	0.19	0.173
7170	77309	0.144	0.066	0.147	0.21
7170	77309	0.178	0.098	0.046	0.08
7170	77309	0.1	0.075	0.103	0.025
7170	77309	0.093	0.011	0.089	0.082
7170	77309	0.075	0.115	0.208	0.19
7170	77309	0.113	0.076	0.151	0.189
7170	77309	0.087	0.019	0.132	0.106
7170	77309	0.0	0.0	0.0	0.0
7170	77309	0.0	0.0	0.0	0.0
7170	77309	0.0	0.0	0.0	0.0
7170	77309	0.0	0.0	0.0	0.0
7170	77309	0.0	0.0	0.0	0.0
7170	77309	0.0	0.0	0.0	0.0
7170	77309	0.0	0.0	0.0	0.0
7170	77309	0.0	0.0	0.0	0.0
7170	77309	0.0	0.0	0.0	0.0
7170	77309	0.0	0.0	0.0	0.0
7170	77309	0.0	0.0	0.0	0.0
7170	77309	0.0	0.0	0.0	0.0
7170	77309	0.0	0.0	0.0	0.0
7170	77309	0.0	0.0	0.0	0.0
7170	77309	0.0	0.0	0.0	0.0
7170	77309	0.0	0.0	0.0	0.0
7170	77309	0.0	0.0	0.0	0.0
7170	77309	0.0	0.0	0.0	0.0
7170	77309	0.0	0.0	0.0	0.0
7170	77309	0.0	0.0	0.0	0.0
7170	77309	0.0	0.0	0.0	0.0
7170	77309	0.0	0.0	0.0	0.0
7170	77309	0.0	0.0	0.0	0.0
7170	77309	0.0	0.0	0.0	0.0
7170	77309	0.0	0.0	0.0	0.0
7170	77309	0.0	0.0	0.0	0.0
7170	77309	0.0	0.0	0.0	0.0
7170	77309	0.0	0.0	0.0	0.0
7170	77309	0.0	0.0	0.0	0.0
7170	77309	0.0	0.0	0.0	0.0
7170	77309	0.0	0.0	0.0	0.0
7170	77309	0.0	0.0	0.0	0.0
7170	77309	0.0	0.0	0.0	0.0
7170	77309	0.0	0.0	0.0	0.0
7170	77309	0.0	0.0	0.0	0.0
7170	77309	0.0	0.0	0.0	0.0
7170	77309	0.0	0.0	0.0	0.0
7170	77309	0.0	0.0	0.0	0.0
7170	77309	0.0	0.0	0.0	0.0
7170	77309	0.0	0.0	0.0	0.0
7170	77309	0.0	0.0	0.0	0.0
7170	77309	0.0	0.0	0.0	0.0
7170	77309	0.0	0.0	0.0	0.0
7170	77309	0.0	0.0	0.0	0.0
7170	77309	0.0	0.0	0.0	0.0
7170	77309	0.0	0.0	0.0	0.0
7170	77309	0.0	0.0	0.0	0.0
7170	77317	0.382	0.0	0.0	0.0
7170	77317	0.088	0.048	0.334	0.04
7170	77317	0.088	0.15	0.238	0.238
7170	77317	0.072	0.033	0.121	0.105
7170	77317	0.092	0.082	0.154	0.174
7170	77317	0.07	0.007	0.099	0.077
7170	77317	0.09	0.074	0.144	0.164
7170	77317	0.087	0.055	0.145	0.142
7170	77317	0.078	0.081	0.168	0.159
7170	77317	0.052	0.031	0.109	0.083
7170	77317	0.121	0.018	0.034	0.103
7170	77317	0.075	0.083	0.204	0.158
7170	77317	0.057	0.046	0.121	0.103
7170	77317	0.094	0.03	0.087	0.124
7170	77317	0.064	0.005	0.099	0.069
7170	77317	0.064	0.035	0.099	0.099
7170	77317	0.218	0.241	0.305	0.459
7170	77317	0.139	0.159	0.377	0.298
7170	77317	0.175	0.055	0.084	0.12
7170	77317	0.139	0.034	0.141	0.105
7170	77317	0.103	0.03	0.109	0.073
7170	77317	0.09	0.831	0.934	0.921
7170	77317	0.147	0.004	0.094	0.151
7170	77317	0.075	0.022	0.125	0.053
7170	77317	0.094	0.055	0.13	0.149
7170	77317	0.06	0.003	0.097	0.063
7170	77317	0.094	0.049	0.109	0.143
7170	77317	0.082	0.022	0.116	0.104
7170	77317	0.09	0.028	0.11	0.118
7170	77317	0.069	0.34	0.43	0.409
7170	77317	0.136	0.068	0.137	0.204
7170	77317	0.093	0.009	0.127	0.084
7170	77317	0.166	0.149	0.242	0.315
7170	77317	0.137	0.074	0.092	0.063
7170	77317	0.125	0.094	0.231	0.219
7170	77317	0.153	0.252	0.377	0.405
7170	77317	0.1	0.035	0.118	0.065
7170	77317	0.112	0.085	0.185	0.197
7170	77317	0.077	0.006	0.106	0.071
7170	77317	0.156	0.055	0.132	0.211
7170	77317	0.13	0.081	0.075	0.049
7170	77317	0.111	0.044	0.086	0.067
7170	77317	0.326	0.152	0.263	0.478
7170	77317	0.079	0.098	0.228	0.019
7170	77317	0.086	0.121	0.2	0.207
7170	77317	0.092	0.145	0.231	0.237
7170	77317	0.105	0.427	0.519	0.532
7170	77317	0.1	0.165	0.27	0.265
7170	77317	0.115	0.021	0.121	0.136
7170	77317	0.21	0.013	0.128	0.223
7170	77317	0.15	0.072	0.138	0.078
7170	77317	0.112	0.021	0.129	0.091
7170	77317	0.339	0.301	0.413	0.64
7170	77317	0.078	0.172	0.167	0.094
7170	77317	0.097	0.197	0.275	0.294
7170	77317	0.076	0.108	0.205	0.184
7170	77317	0.074	0.158	0.234	0.232
7170	77317	0.0	0.0	0.0	0.0
7170	77317	0.0	0.0	0.0	0.0
7170	77317	0.0	0.0	0.0	0.0
7170	77317	0.0	0.0	0.0	0.0
7170	77317	0.0	0.0	0.0	0.0
7170	77317	0.0	0.0	0.0	0.0
7170	77317	0.0	0.0	0.0	0.0
7170	77317	0.0	0.0	0.0	0.0
7170	77317	0.0	0.0	0.0	0.0
7170	77317	0.0	0.0	0.0	0.0
7170	77317	0.0	0.0	0.0	0.0
7170	77317	0.0	0.0	0.0	0.0
7170	77317	0.0	0.0	0.0	0.0
