PARTICIPANT_ID	TEST_SECTION_ID	HOLD_LATENCY	INTERKEY_LATENCY	PRESS_LATENCY	RELEASE_LATENCY
7906	84549	0.601	0.0	0.0	0.0
7906	84549	0.206	0.206	0.395	0.0
7906	84549	0.114	0.328	0.534	0.442
7906	84549	0.073	0.598	0.712	0.671
7906	84549	0.065	0.062	0.135	0.127
7906	84549	0.073	0.218	0.283	0.291
7906	84549	0.154	0.111	0.184	0.265
7906	84549	0.069	0.033	0.121	0.036
7906	84549	0.055	0.031	0.1	0.086
7906	84549	0.056	0.078	0.133	0.134
7906	84549	0.086	0.062	0.118	0.148
7906	84549	0.07	0.281	0.367	0.351
7906	84549	0.101	0.031	0.101	0.132
7906	84549	0.086	0.016	0.085	0.07
7906	84549	0.056	0.078	0.164	0.134
7906	84549	0.081	0.203	0.259	0.284
7906	84549	0.069	0.015	0.096	0.084
7906	84549	0.069	0.047	0.116	0.116
7906	84549	0.069	0.015	0.084	0.084
7906	84549	0.103	0.078	0.147	0.181
7906	84549	0.176	0.109	0.212	0.285
7906	84549	0.083	0.098	0.078	0.015
7906	84549	0.096	0.455	0.538	0.551
7906	84549	0.127	0.125	0.221	0.252
7906	84549	0.146	0.034	0.093	0.112
7906	84549	0.087	0.032	0.114	0.055
7906	84549	0.087	0.08	0.167	0.167
7906	84549	0.088	0.079	0.166	0.167
7906	84549	0.053	0.016	0.104	0.069
7906	84549	0.074	0.093	0.146	0.167
7906	84549	0.072	0.094	0.168	0.166
7906	84549	0.068	0.016	0.088	0.084
7906	84549	0.084	0.034	0.102	0.118
7906	84549	0.085	0.031	0.115	0.116
7906	84549	0.062	0.188	0.273	0.25
7906	84549	0.044	0.143	0.205	0.187
7906	84549	0.068	0.299	0.343	0.367
7906	84549	0.058	0.093	0.161	0.151
7906	84549	0.052	0.099	0.157	0.151
7906	84549	0.067	0.047	0.099	0.114
7906	84549	0.102	0.063	0.13	0.165
7906	84549	0.07	0.015	0.087	0.055
7906	84549	0.07	0.062	0.132	0.132
7906	84549	0.0	0.0	0.0	0.0
7906	84549	0.0	0.0	0.0	0.0
7906	84549	0.0	0.0	0.0	0.0
7906	84549	0.0	0.0	0.0	0.0
7906	84549	0.0	0.0	0.0	0.0
7906	84549	0.0	0.0	0.0	0.0
7906	84549	0.0	0.0	0.0	0.0
7906	84549	0.0	0.0	0.0	0.0
7906	84549	0.0	0.0	0.0	0.0
7906	84549	0.0	0.0	0.0	0.0
7906	84549	0.0	0.0	0.0	0.0
7906	84549	0.0	0.0	0.0	0.0
7906	84549	0.0	0.0	0.0	0.0
7906	84549	0.0	0.0	0.0	0.0
7906	84549	0.0	0.0	0.0	0.0
7906	84549	0.0	0.0	0.0	0.0
7906	84549	0.0	0.0	0.0	0.0
7906	84549	0.0	0.0	0.0	0.0
7906	84549	0.0	0.0	0.0	0.0
7906	84549	0.0	0.0	0.0	0.0
7906	84549	0.0	0.0	0.0	0.0
7906	84549	0.0	0.0	0.0	0.0
7906	84549	0.0	0.0	0.0	0.0
7906	84549	0.0	0.0	0.0	0.0
7906	84549	0.0	0.0	0.0	0.0
7906	84549	0.0	0.0	0.0	0.0
7906	84549	0.0	0.0	0.0	0.0
7906	84571	0.461	0.0	0.0	0.0
7906	84571	0.103	0.321	0.14	0.218
7906	84571	0.052	0.437	0.54	0.489
7906	84571	0.099	0.551	0.603	0.65
7906	84571	0.059	0.078	0.177	0.137
7906	84571	0.08	0.14	0.199	0.22
7906	84571	0.087	0.143	0.223	0.23
7906	84571	0.118	0.046	0.133	0.164
7906	84571	0.07	0.016	0.102	0.054
7906	84571	0.087	0.078	0.148	0.165
7906	84571	0.076	0.109	0.196	0.185
7906	84571	0.074	0.127	0.203	0.201
7906	84571	0.117	0.016	0.09	0.133
7906	84571	0.083	0.033	0.084	0.05
7906	84571	0.071	0.047	0.13	0.118
7906	84571	0.112	0.187	0.258	0.299
7906	84571	0.084	0.015	0.097	0.069
7906	84571	0.061	0.125	0.209	0.186
7906	84571	0.047	0.421	0.482	0.468
7906	84571	0.052	0.064	0.111	0.116
7906	84571	0.073	0.094	0.146	0.167
7906	84571	0.059	0.14	0.213	0.199
7906	84571	0.049	0.005	0.064	0.054
7906	84571	0.108	0.172	0.221	0.28
7906	84571	0.032	0.093	0.201	0.125
7906	84571	0.046	0.05	0.082	0.096
7906	84571	0.093	0.156	0.202	0.249
7906	84571	0.087	0.062	0.155	0.149
7906	84571	0.057	0.112	0.199	0.169
7906	84571	0.06	0.125	0.182	0.185
7906	84571	0.0	0.0	0.0	0.0
7906	84571	0.0	0.0	0.0	0.0
7906	84571	0.0	0.0	0.0	0.0
7906	84571	0.0	0.0	0.0	0.0
7906	84571	0.0	0.0	0.0	0.0
7906	84571	0.0	0.0	0.0	0.0
7906	84571	0.0	0.0	0.0	0.0
7906	84571	0.0	0.0	0.0	0.0
7906	84571	0.0	0.0	0.0	0.0
7906	84571	0.0	0.0	0.0	0.0
7906	84571	0.0	0.0	0.0	0.0
7906	84571	0.0	0.0	0.0	0.0
7906	84571	0.0	0.0	0.0	0.0
7906	84571	0.0	0.0	0.0	0.0
7906	84571	0.0	0.0	0.0	0.0
7906	84571	0.0	0.0	0.0	0.0
7906	84571	0.0	0.0	0.0	0.0
7906	84571	0.0	0.0	0.0	0.0
7906	84571	0.0	0.0	0.0	0.0
7906	84571	0.0	0.0	0.0	0.0
7906	84571	0.0	0.0	0.0	0.0
7906	84571	0.0	0.0	0.0	0.0
7906	84571	0.0	0.0	0.0	0.0
7906	84571	0.0	0.0	0.0	0.0
7906	84571	0.0	0.0	0.0	0.0
7906	84571	0.0	0.0	0.0	0.0
7906	84571	0.0	0.0	0.0	0.0
7906	84571	0.0	0.0	0.0	0.0
7906	84571	0.0	0.0	0.0	0.0
7906	84571	0.0	0.0	0.0	0.0
7906	84571	0.0	0.0	0.0	0.0
7906	84571	0.0	0.0	0.0	0.0
7906	84571	0.0	0.0	0.0	0.0
7906	84571	0.0	0.0	0.0	0.0
7906	84571	0.0	0.0	0.0	0.0
7906	84571	0.0	0.0	0.0	0.0
7906	84571	0.0	0.0	0.0	0.0
7906	84571	0.0	0.0	0.0	0.0
7906	84571	0.0	0.0	0.0	0.0
7906	84571	0.0	0.0	0.0	0.0
7906	84583	0.241	0.0	0.0	0.0
7906	84583	0.06	0.038	0.203	0.022
7906	84583	0.071	0.606	0.666	0.677
7906	84583	0.081	0.218	0.289	0.299
7906	84583	0.076	0.125	0.206	0.201
7906	84583	0.114	0.202	0.278	0.316
7906	84583	0.07	0.032	0.146	0.102
7906	84583	0.118	0.062	0.132	0.18
7906	84583	0.069	0.015	0.103	0.054
7906	84583	0.072	0.078	0.147	0.15
7906	84583	0.07	0.016	0.088	0.086
7906	84583	0.071	0.095	0.165	0.166
7906	84583	0.068	0.031	0.102	0.099
7906	84583	0.079	0.156	0.224	0.235
7906	84583	0.132	0.047	0.126	0.179
7906	84583	0.058	0.0	0.132	0.058
7906	84583	0.052	0.046	0.104	0.098
7906	84583	0.089	0.047	0.099	0.136
7906	84583	0.072	0.093	0.182	0.165
7906	84583	0.138	0.031	0.103	0.169
7906	84583	0.071	0.054	0.084	0.017
7906	84583	0.07	0.062	0.133	0.132
7906	84583	0.089	0.078	0.148	0.167
7906	84583	0.114	0.218	0.307	0.332
7906	84583	0.086	0.14	0.254	0.226
7906	84583	0.093	0.0	0.086	0.093
7906	84583	0.135	0.281	0.374	0.416
7906	84583	0.116	0.016	0.119	0.1
7906	84583	0.096	0.047	0.163	0.143
7906	84583	0.034	0.297	0.393	0.331
7906	84583	0.072	0.344	0.378	0.416
7906	84583	0.058	0.078	0.15	0.136
7906	84583	0.103	0.064	0.122	0.167
7906	84583	0.099	0.036	0.067	0.063
7906	84583	0.064	0.031	0.13	0.095
7906	84583	0.068	0.109	0.173	0.177
7906	84583	0.101	0.062	0.13	0.163
7906	84583	0.069	0.0	0.101	0.069
7906	84583	0.061	0.141	0.21	0.202
7906	84583	0.059	0.492	0.553	0.551
7906	84583	0.077	0.14	0.199	0.217
7906	84583	0.112	0.219	0.296	0.331
7906	84583	0.116	0.015	0.097	0.101
7906	84583	0.071	0.015	0.131	0.086
7906	84583	0.065	0.187	0.258	0.252
7906	84583	0.048	0.437	0.502	0.485
7906	84583	0.077	0.172	0.22	0.249
7906	84583	0.065	0.406	0.483	0.471
7906	84583	0.057	0.343	0.408	0.4
7906	84583	0.0	0.0	0.0	0.0
7906	84583	0.0	0.0	0.0	0.0
7906	84583	0.0	0.0	0.0	0.0
7906	84583	0.0	0.0	0.0	0.0
7906	84583	0.0	0.0	0.0	0.0
7906	84583	0.0	0.0	0.0	0.0
7906	84583	0.0	0.0	0.0	0.0
7906	84583	0.0	0.0	0.0	0.0
7906	84583	0.0	0.0	0.0	0.0
7906	84583	0.0	0.0	0.0	0.0
7906	84583	0.0	0.0	0.0	0.0
7906	84583	0.0	0.0	0.0	0.0
7906	84583	0.0	0.0	0.0	0.0
7906	84583	0.0	0.0	0.0	0.0
7906	84583	0.0	0.0	0.0	0.0
7906	84583	0.0	0.0	0.0	0.0
7906	84583	0.0	0.0	0.0	0.0
7906	84583	0.0	0.0	0.0	0.0
7906	84583	0.0	0.0	0.0	0.0
7906	84583	0.0	0.0	0.0	0.0
7906	84583	0.0	0.0	0.0	0.0
7906	84602	0.229	0.0	0.0	0.0
7906	84602	0.067	0.052	0.177	0.015
7906	84602	0.062	0.141	0.208	0.203
7906	84602	0.057	0.078	0.14	0.135
7906	84602	0.072	0.109	0.166	0.181
7906	84602	0.088	0.078	0.15	0.166
7906	84602	0.087	0.064	0.152	0.151
7906	84602	0.079	0.125	0.212	0.204
7906	84602	0.088	0.11	0.189	0.198
7906	84602	0.055	0.031	0.119	0.086
7906	84602	0.066	0.0	0.055	0.066
7906	84602	0.048	0.269	0.335	0.317
7906	84602	0.068	0.601	0.649	0.669
7906	84602	0.093	0.125	0.193	0.218
7906	84602	0.225	0.171	0.264	0.396
7906	84602	0.069	0.147	0.078	0.078
7906	84602	0.045	0.525	0.594	0.57
7906	84602	0.951	0.093	0.138	1.044
7906	84602	0.052	0.763	0.188	0.711
7906	84602	0.058	0.328	0.38	0.386
7906	84602	0.058	0.125	0.183	0.183
7906	84602	0.052	0.267	0.325	0.319
7906	84602	0.058	0.125	0.177	0.183
7906	84602	0.032	0.047	0.105	0.079
7906	84602	0.072	0.349	0.381	0.421
7906	84602	0.053	0.078	0.15	0.131
7906	84602	0.072	0.084	0.137	0.156
7906	84602	0.12	0.125	0.197	0.245
7906	84602	0.117	0.015	0.105	0.102
7906	84602	0.057	0.047	0.164	0.104
7906	84602	0.102	0.062	0.119	0.164
7906	84602	0.084	0.016	0.086	0.068
7906	84602	0.072	0.047	0.131	0.119
7906	84602	0.772	0.109	0.181	0.881
7906	84602	0.081	0.647	0.125	0.566
7906	84602	0.057	0.281	0.362	0.338
7906	84602	0.071	0.062	0.119	0.133
7906	84602	0.071	0.582	0.653	0.653
7906	84602	0.0	0.0	0.0	0.0
7906	84602	0.0	0.0	0.0	0.0
7906	84602	0.0	0.0	0.0	0.0
7906	84602	0.0	0.0	0.0	0.0
7906	84602	0.0	0.0	0.0	0.0
7906	84602	0.0	0.0	0.0	0.0
7906	84602	0.0	0.0	0.0	0.0
7906	84602	0.0	0.0	0.0	0.0
7906	84602	0.0	0.0	0.0	0.0
7906	84602	0.0	0.0	0.0	0.0
7906	84602	0.0	0.0	0.0	0.0
7906	84602	0.0	0.0	0.0	0.0
7906	84602	0.0	0.0	0.0	0.0
7906	84602	0.0	0.0	0.0	0.0
7906	84602	0.0	0.0	0.0	0.0
7906	84602	0.0	0.0	0.0	0.0
7906	84602	0.0	0.0	0.0	0.0
7906	84602	0.0	0.0	0.0	0.0
7906	84602	0.0	0.0	0.0	0.0
7906	84602	0.0	0.0	0.0	0.0
7906	84602	0.0	0.0	0.0	0.0
7906	84602	0.0	0.0	0.0	0.0
7906	84602	0.0	0.0	0.0	0.0
7906	84602	0.0	0.0	0.0	0.0
7906	84602	0.0	0.0	0.0	0.0
7906	84602	0.0	0.0	0.0	0.0
7906	84602	0.0	0.0	0.0	0.0
7906	84602	0.0	0.0	0.0	0.0
7906	84602	0.0	0.0	0.0	0.0
7906	84602	0.0	0.0	0.0	0.0
7906	84602	0.0	0.0	0.0	0.0
7906	84602	0.0	0.0	0.0	0.0
7906	84608	0.236	0.0	0.0	0.0
7906	84608	0.08	0.126	0.11	0.046
7906	84608	0.103	0.234	0.314	0.337
7906	84608	0.101	0.016	0.119	0.117
7906	84608	0.157	0.0	0.101	0.157
7906	84608	0.146	0.038	0.119	0.108
7906	84608	0.103	0.016	0.13	0.087
7906	84608	0.101	0.203	0.306	0.304
7906	84608	0.084	0.016	0.117	0.1
7906	84608	0.072	0.062	0.146	0.134
7906	84608	0.064	0.063	0.135	0.127
7906	84608	0.155	0.079	0.143	0.234
7906	84608	0.091	0.032	0.187	0.123
7906	84608	0.099	0.016	0.075	0.083
7906	84608	0.074	0.062	0.161	0.136
7906	84608	0.095	0.094	0.168	0.189
7906	84608	0.081	0.08	0.175	0.161
7906	84608	0.055	0.047	0.128	0.102
7906	84608	0.085	0.063	0.118	0.148
7906	84608	0.149	0.281	0.366	0.43
7906	84608	0.046	0.016	0.165	0.062
7906	84608	0.048	0.373	0.419	0.421
7906	84608	0.082	0.11	0.158	0.192
7906	84608	0.071	0.047	0.129	0.118
7906	84608	0.055	0.078	0.149	0.133
7906	84608	0.057	0.111	0.166	0.168
7906	84608	0.066	0.47	0.527	0.536
7906	84608	0.064	0.203	0.269	0.267
7906	84608	0.0	0.0	0.0	0.0
7906	84608	0.0	0.0	0.0	0.0
7906	84608	0.0	0.0	0.0	0.0
7906	84608	0.0	0.0	0.0	0.0
7906	84608	0.0	0.0	0.0	0.0
7906	84608	0.0	0.0	0.0	0.0
7906	84608	0.0	0.0	0.0	0.0
7906	84608	0.0	0.0	0.0	0.0
7906	84608	0.0	0.0	0.0	0.0
7906	84608	0.0	0.0	0.0	0.0
7906	84608	0.0	0.0	0.0	0.0
7906	84608	0.0	0.0	0.0	0.0
7906	84608	0.0	0.0	0.0	0.0
7906	84608	0.0	0.0	0.0	0.0
7906	84608	0.0	0.0	0.0	0.0
7906	84608	0.0	0.0	0.0	0.0
7906	84608	0.0	0.0	0.0	0.0
7906	84608	0.0	0.0	0.0	0.0
7906	84608	0.0	0.0	0.0	0.0
7906	84608	0.0	0.0	0.0	0.0
7906	84608	0.0	0.0	0.0	0.0
7906	84608	0.0	0.0	0.0	0.0
7906	84608	0.0	0.0	0.0	0.0
7906	84608	0.0	0.0	0.0	0.0
7906	84608	0.0	0.0	0.0	0.0
7906	84608	0.0	0.0	0.0	0.0
7906	84608	0.0	0.0	0.0	0.0
7906	84608	0.0	0.0	0.0	0.0
7906	84608	0.0	0.0	0.0	0.0
7906	84608	0.0	0.0	0.0	0.0
7906	84608	0.0	0.0	0.0	0.0
7906	84608	0.0	0.0	0.0	0.0
7906	84608	0.0	0.0	0.0	0.0
7906	84608	0.0	0.0	0.0	0.0
7906	84608	0.0	0.0	0.0	0.0
7906	84608	0.0	0.0	0.0	0.0
7906	84608	0.0	0.0	0.0	0.0
7906	84608	0.0	0.0	0.0	0.0
7906	84608	0.0	0.0	0.0	0.0
7906	84608	0.0	0.0	0.0	0.0
7906	84608	0.0	0.0	0.0	0.0
7906	84608	0.0	0.0	0.0	0.0
7906	84617	0.256	0.0	0.0	0.0
7906	84617	0.048	0.111	0.145	0.063
7906	84617	0.062	0.25	0.298	0.312
7906	84617	0.064	0.39	0.452	0.454
7906	84617	0.069	0.094	0.158	0.163
7906	84617	0.072	0.047	0.116	0.119
7906	84617	0.084	0.065	0.137	0.149
7906	84617	0.205	0.173	0.257	0.378
7906	84617	0.058	0.234	0.439	0.292
7906	84617	0.062	0.156	0.214	0.218
7906	84617	0.086	0.031	0.093	0.117
7906	84617	0.074	0.095	0.181	0.169
7906	84617	0.15	0.093	0.167	0.243
7906	84617	0.056	0.016	0.134	0.04
7906	84617	0.056	0.094	0.15	0.15
7906	84617	0.039	0.531	0.587	0.57
7906	84617	0.1	0.062	0.101	0.162
7906	84617	0.084	0.016	0.084	0.068
7906	84617	0.09	0.078	0.162	0.168
7906	84617	0.066	0.159	0.249	0.225
7906	84617	0.095	0.203	0.269	0.298
7906	84617	0.08	0.156	0.251	0.236
7906	84617	0.114	0.016	0.096	0.13
7906	84617	0.065	0.016	0.098	0.049
7906	84617	0.07	0.031	0.096	0.101
7906	84617	0.103	0.062	0.132	0.165
7906	84617	0.088	0.062	0.165	0.15
7906	84617	0.055	0.031	0.119	0.086
7906	84617	0.089	0.062	0.117	0.151
7906	84617	0.075	0.204	0.293	0.279
7906	84617	0.08	0.047	0.122	0.127
7906	84617	0.117	0.109	0.189	0.226
7906	84617	0.085	0.016	0.101	0.069
7906	84617	0.082	0.251	0.336	0.333
7906	84617	0.159	0.189	0.271	0.348
7906	84617	0.072	0.016	0.143	0.056
7906	84617	0.097	0.219	0.291	0.316
7906	84617	0.065	0.187	0.284	0.252
7906	84617	0.081	0.203	0.268	0.284
7906	84617	0.08	0.111	0.192	0.191
7906	84617	0.07	0.124	0.204	0.194
7906	84617	0.07	0.031	0.101	0.101
7906	84617	0.072	0.062	0.132	0.134
7906	84617	0.07	0.031	0.103	0.101
7906	84617	0.06	0.173	0.243	0.233
7906	84617	0.056	0.297	0.357	0.353
7906	84617	0.069	0.062	0.118	0.131
7906	84617	0.085	0.047	0.116	0.132
7906	84617	0.067	0.036	0.121	0.103
7906	84617	0.092	0.141	0.208	0.233
7906	84617	0.045	0.125	0.217	0.17
7906	84617	0.089	0.093	0.138	0.182
7906	84617	0.09	0.109	0.198	0.199
7906	84617	0.067	0.489	0.579	0.556
7906	84617	0.087	0.093	0.16	0.18
7906	84617	0.073	0.095	0.182	0.168
7906	84617	0.094	0.064	0.137	0.158
7906	84617	0.076	0.015	0.079	0.061
7906	84617	0.067	0.016	0.092	0.083
7906	84617	0.127	0.156	0.223	0.283
7906	84617	0.107	0.126	0.253	0.233
7906	84617	0.09	0.046	0.153	0.136
7906	84617	0.142	0.078	0.168	0.22
7906	84617	0.068	0.037	0.105	0.031
7906	84617	0.142	0.141	0.209	0.283
7906	84617	0.068	0.016	0.126	0.052
7906	84617	0.057	0.078	0.146	0.135
7906	84617	0.044	0.25	0.307	0.294
7906	84617	0.0	0.0	0.0	0.0
7906	84617	0.0	0.0	0.0	0.0
7906	84633	0.24	0.0	0.0	0.0
7906	84633	0.083	0.099	0.141	0.016
7906	84633	0.084	0.031	0.114	0.115
7906	84633	0.073	0.063	0.147	0.136
7906	84633	0.081	0.187	0.26	0.268
7906	84633	0.056	0.062	0.143	0.118
7906	84633	0.087	0.08	0.136	0.167
7906	84633	0.1	0.031	0.118	0.131
7906	84633	0.092	0.109	0.209	0.201
7906	84633	0.068	0.016	0.108	0.084
7906	84633	0.197	0.375	0.443	0.572
7906	84633	0.084	0.051	0.146	0.033
7906	84633	0.072	0.093	0.177	0.165
7906	84633	0.08	0.125	0.197	0.205
7906	84633	0.016	0.171	0.251	0.187
7906	84633	0.042	0.387	0.403	0.429
7906	84633	0.064	0.172	0.214	0.236
7906	84633	0.07	0.094	0.158	0.164
7906	84633	0.084	0.0	0.07	0.084
7906	84633	0.059	0.109	0.193	0.168
7906	84633	0.082	0.218	0.277	0.3
7906	84633	0.138	0.14	0.222	0.278
7906	84633	0.16	0.042	0.096	0.118
7906	84633	0.087	0.015	0.145	0.072
7906	84633	0.089	0.078	0.165	0.167
7906	84633	0.016	0.062	0.151	0.078
7906	84633	0.115	0.09	0.106	0.205
7906	84633	0.052	0.252	0.367	0.304
7906	84633	0.05	0.094	0.146	0.144
7906	84633	0.146	0.007	0.057	0.153
7906	84633	0.136	0.032	0.114	0.104
7906	84633	0.086	0.035	0.101	0.051
7906	84633	0.09	0.109	0.195	0.199
7906	84633	0.089	0.094	0.184	0.183
7906	84633	0.07	0.015	0.104	0.085
7906	84633	0.07	0.047	0.117	0.117
7906	84633	0.057	0.063	0.133	0.12
7906	84633	0.07	0.078	0.135	0.148
7906	84633	0.072	0.062	0.132	0.134
7906	84633	0.072	0.062	0.134	0.134
7906	84633	0.125	0.14	0.212	0.265
7906	84633	0.175	0.015	0.14	0.19
7906	84633	0.121	0.058	0.117	0.063
7906	84633	0.085	0.265	0.386	0.35
7906	84633	0.074	0.296	0.381	0.37
7906	84633	0.143	0.125	0.199	0.268
7906	84633	0.068	0.053	0.09	0.015
7906	84633	0.099	0.017	0.085	0.116
7906	84633	0.066	0.031	0.068	0.035
7906	84633	0.046	0.11	0.176	0.156
7906	84633	0.0	0.0	0.0	0.0
7906	84633	0.0	0.0	0.0	0.0
7906	84633	0.0	0.0	0.0	0.0
7906	84633	0.0	0.0	0.0	0.0
7906	84633	0.0	0.0	0.0	0.0
7906	84633	0.0	0.0	0.0	0.0
7906	84633	0.0	0.0	0.0	0.0
7906	84633	0.0	0.0	0.0	0.0
7906	84633	0.0	0.0	0.0	0.0
7906	84633	0.0	0.0	0.0	0.0
7906	84633	0.0	0.0	0.0	0.0
7906	84633	0.0	0.0	0.0	0.0
7906	84633	0.0	0.0	0.0	0.0
7906	84633	0.0	0.0	0.0	0.0
7906	84633	0.0	0.0	0.0	0.0
7906	84633	0.0	0.0	0.0	0.0
7906	84633	0.0	0.0	0.0	0.0
7906	84633	0.0	0.0	0.0	0.0
7906	84633	0.0	0.0	0.0	0.0
7906	84633	0.0	0.0	0.0	0.0
7906	84645	0.265	0.0	0.0	0.0
7906	84645	0.09	0.074	0.191	0.016
7906	84645	0.079	0.125	0.215	0.204
7906	84645	0.128	0.034	0.045	0.094
7906	84645	0.089	0.015	0.143	0.104
7906	84645	0.08	0.188	0.277	0.268
7906	84645	0.071	0.096	0.176	0.167
7906	84645	0.107	0.109	0.18	0.216
7906	84645	0.076	0.109	0.216	0.185
7906	84645	0.073	0.112	0.188	0.185
7906	84645	0.07	0.031	0.104	0.101
7906	84645	0.084	0.016	0.086	0.1
7906	84645	0.072	0.078	0.162	0.15
7906	84645	0.099	0.234	0.306	0.333
7906	84645	0.057	0.297	0.396	0.354
7906	84645	0.064	0.437	0.494	0.501
7906	84645	0.08	0.359	0.423	0.439
7906	84645	0.058	0.072	0.152	0.13
7906	84645	0.1	0.031	0.089	0.131
7906	84645	0.114	0.016	0.084	0.098
7906	84645	0.116	0.015	0.099	0.101
7906	84645	0.087	0.016	0.1	0.071
7906	84645	0.074	0.093	0.18	0.167
7906	84645	0.073	0.078	0.152	0.151
7906	84645	0.055	0.063	0.136	0.118
7906	84645	0.073	0.093	0.148	0.166
7906	84645	0.086	0.08	0.153	0.166
7906	84645	0.154	0.015	0.101	0.169
7906	84645	0.081	0.066	0.088	0.015
7906	84645	0.07	0.0	0.081	0.07
7906	84645	0.32	0.171	0.241	0.491
7906	84645	0.086	0.211	0.109	0.125
7906	84645	0.0	0.0	0.0	0.0
7906	84645	0.0	0.0	0.0	0.0
7906	84645	0.0	0.0	0.0	0.0
7906	84645	0.0	0.0	0.0	0.0
7906	84645	0.0	0.0	0.0	0.0
7906	84645	0.0	0.0	0.0	0.0
7906	84645	0.0	0.0	0.0	0.0
7906	84645	0.0	0.0	0.0	0.0
7906	84645	0.0	0.0	0.0	0.0
7906	84645	0.0	0.0	0.0	0.0
7906	84645	0.0	0.0	0.0	0.0
7906	84645	0.0	0.0	0.0	0.0
7906	84645	0.0	0.0	0.0	0.0
7906	84645	0.0	0.0	0.0	0.0
7906	84645	0.0	0.0	0.0	0.0
7906	84645	0.0	0.0	0.0	0.0
7906	84645	0.0	0.0	0.0	0.0
7906	84645	0.0	0.0	0.0	0.0
7906	84645	0.0	0.0	0.0	0.0
7906	84645	0.0	0.0	0.0	0.0
7906	84645	0.0	0.0	0.0	0.0
7906	84645	0.0	0.0	0.0	0.0
7906	84645	0.0	0.0	0.0	0.0
7906	84645	0.0	0.0	0.0	0.0
7906	84645	0.0	0.0	0.0	0.0
7906	84645	0.0	0.0	0.0	0.0
7906	84645	0.0	0.0	0.0	0.0
7906	84645	0.0	0.0	0.0	0.0
7906	84645	0.0	0.0	0.0	0.0
7906	84645	0.0	0.0	0.0	0.0
7906	84645	0.0	0.0	0.0	0.0
7906	84645	0.0	0.0	0.0	0.0
7906	84645	0.0	0.0	0.0	0.0
7906	84645	0.0	0.0	0.0	0.0
7906	84645	0.0	0.0	0.0	0.0
7906	84645	0.0	0.0	0.0	0.0
7906	84645	0.0	0.0	0.0	0.0
7906	84645	0.0	0.0	0.0	0.0
7906	84655	0.267	0.0	0.0	0.0
7906	84655	0.08	0.111	0.156	0.031
7906	84655	0.064	0.156	0.236	0.22
7906	84655	0.036	0.453	0.517	0.489
7906	84655	0.06	0.292	0.328	0.352
7906	84655	0.06	0.182	0.242	0.242
7906	84655	0.072	0.078	0.138	0.15
7906	84655	0.106	0.126	0.198	0.232
7906	84655	0.131	0.187	0.293	0.318
7906	84655	0.08	0.046	0.177	0.126
7906	84655	0.062	0.016	0.096	0.078
7906	84655	0.079	0.062	0.124	0.141
7906	84655	0.079	0.079	0.158	0.158
7906	84655	0.137	0.11	0.189	0.247
7906	84655	0.078	0.094	0.231	0.172
7906	84655	0.048	0.188	0.266	0.236
7906	84655	0.055	0.078	0.126	0.133
7906	84655	0.049	0.094	0.149	0.143
7906	84655	0.121	0.04	0.089	0.161
7906	84655	0.102	0.038	0.083	0.064
7906	84655	0.07	0.047	0.149	0.117
7906	84655	0.164	0.047	0.117	0.211
7906	84655	0.103	0.015	0.149	0.088
7906	84655	0.176	0.015	0.088	0.161
7906	84655	0.092	0.016	0.192	0.108
7906	84655	0.118	0.13	0.222	0.248
7906	84655	0.065	0.109	0.227	0.174
7906	84655	0.055	0.093	0.158	0.148
7906	84655	0.057	0.078	0.133	0.135
7906	84655	0.0	0.0	0.0	0.0
7906	84655	0.0	0.0	0.0	0.0
7906	84655	0.0	0.0	0.0	0.0
7906	84655	0.0	0.0	0.0	0.0
7906	84655	0.0	0.0	0.0	0.0
7906	84655	0.0	0.0	0.0	0.0
7906	84655	0.0	0.0	0.0	0.0
7906	84655	0.0	0.0	0.0	0.0
7906	84655	0.0	0.0	0.0	0.0
7906	84655	0.0	0.0	0.0	0.0
7906	84655	0.0	0.0	0.0	0.0
7906	84655	0.0	0.0	0.0	0.0
7906	84655	0.0	0.0	0.0	0.0
7906	84655	0.0	0.0	0.0	0.0
7906	84655	0.0	0.0	0.0	0.0
7906	84655	0.0	0.0	0.0	0.0
7906	84655	0.0	0.0	0.0	0.0
7906	84655	0.0	0.0	0.0	0.0
7906	84655	0.0	0.0	0.0	0.0
7906	84655	0.0	0.0	0.0	0.0
7906	84655	0.0	0.0	0.0	0.0
7906	84655	0.0	0.0	0.0	0.0
7906	84655	0.0	0.0	0.0	0.0
7906	84655	0.0	0.0	0.0	0.0
7906	84655	0.0	0.0	0.0	0.0
7906	84655	0.0	0.0	0.0	0.0
7906	84655	0.0	0.0	0.0	0.0
7906	84655	0.0	0.0	0.0	0.0
7906	84655	0.0	0.0	0.0	0.0
7906	84655	0.0	0.0	0.0	0.0
7906	84655	0.0	0.0	0.0	0.0
7906	84655	0.0	0.0	0.0	0.0
7906	84655	0.0	0.0	0.0	0.0
7906	84655	0.0	0.0	0.0	0.0
7906	84655	0.0	0.0	0.0	0.0
7906	84655	0.0	0.0	0.0	0.0
7906	84655	0.0	0.0	0.0	0.0
7906	84655	0.0	0.0	0.0	0.0
7906	84655	0.0	0.0	0.0	0.0
7906	84655	0.0	0.0	0.0	0.0
7906	84655	0.0	0.0	0.0	0.0
7906	84663	0.2	0.0	0.0	0.0
7906	84663	0.059	0.074	0.126	0.015
7906	84663	0.043	0.171	0.23	0.214
7906	84663	0.082	0.004	0.047	0.086
7906	84663	0.077	0.142	0.224	0.219
7906	84663	0.07	0.265	0.342	0.335
7906	84663	0.072	0.078	0.148	0.15
7906	84663	0.044	0.14	0.212	0.184
7906	84663	0.052	0.282	0.326	0.334
7906	84663	0.058	0.094	0.146	0.152
7906	84663	0.072	0.093	0.151	0.165
7906	84663	0.056	0.062	0.134	0.118
7906	84663	0.054	0.063	0.119	0.117
7906	84663	0.073	0.093	0.147	0.166
7906	84663	0.054	0.188	0.261	0.242
7906	84663	0.144	0.062	0.116	0.206
7906	84663	0.085	0.031	0.113	0.054
7906	84663	0.071	0.047	0.132	0.118
7906	84663	0.102	0.062	0.133	0.164
7906	84663	0.08	0.08	0.182	0.16
7906	84663	0.049	0.062	0.142	0.111
7906	84663	0.136	0.047	0.096	0.183
7906	84663	0.084	0.035	0.101	0.049
7906	84663	0.092	0.125	0.209	0.217
7906	84663	0.049	0.361	0.453	0.41
7906	84663	0.104	0.156	0.205	0.26
7906	84663	0.098	0.032	0.072	0.066
7906	84663	0.093	0.109	0.207	0.202
7906	84663	0.092	0.14	0.233	0.232
7906	84663	0.132	0.016	0.108	0.148
7906	84663	0.071	0.016	0.116	0.055
7906	84663	0.056	0.062	0.133	0.118
7906	84663	0.103	0.078	0.134	0.181
7906	84663	0.064	0.125	0.228	0.189
7906	84663	0.05	0.049	0.113	0.099
7906	84663	0.117	0.078	0.128	0.195
7906	84663	0.049	0.109	0.226	0.158
7906	84663	0.071	0.343	0.392	0.414
7906	84663	0.068	0.066	0.137	0.134
7906	84663	0.084	0.016	0.084	0.1
7906	84663	0.09	0.078	0.162	0.168
7906	84663	0.069	0.016	0.106	0.085
7906	84663	0.059	0.125	0.194	0.184
7906	84663	0.07	0.046	0.105	0.116
7906	84663	0.061	0.374	0.444	0.435
7906	84663	0.057	0.078	0.139	0.135
7906	84663	0.061	0.156	0.213	0.217
7906	84663	0.0	0.0	0.0	0.0
7906	84663	0.0	0.0	0.0	0.0
7906	84663	0.0	0.0	0.0	0.0
7906	84663	0.0	0.0	0.0	0.0
7906	84663	0.0	0.0	0.0	0.0
7906	84663	0.0	0.0	0.0	0.0
7906	84663	0.0	0.0	0.0	0.0
7906	84663	0.0	0.0	0.0	0.0
7906	84663	0.0	0.0	0.0	0.0
7906	84663	0.0	0.0	0.0	0.0
7906	84663	0.0	0.0	0.0	0.0
7906	84663	0.0	0.0	0.0	0.0
7906	84663	0.0	0.0	0.0	0.0
7906	84663	0.0	0.0	0.0	0.0
7906	84663	0.0	0.0	0.0	0.0
7906	84663	0.0	0.0	0.0	0.0
7906	84663	0.0	0.0	0.0	0.0
7906	84663	0.0	0.0	0.0	0.0
7906	84663	0.0	0.0	0.0	0.0
7906	84663	0.0	0.0	0.0	0.0
7906	84663	0.0	0.0	0.0	0.0
7906	84663	0.0	0.0	0.0	0.0
7906	84663	0.0	0.0	0.0	0.0
7906	84674	0.276	0.0	0.0	0.0
7906	84674	0.089	0.089	0.187	0.0
7906	84674	0.065	0.156	0.245	0.221
7906	84674	0.071	0.296	0.361	0.367
7906	84674	0.064	0.156	0.227	0.22
7906	84674	0.069	0.078	0.142	0.147
7906	84674	0.064	0.405	0.474	0.469
7906	84674	0.08	0.126	0.19	0.206
7906	84674	0.046	0.0	0.08	0.046
7906	84674	0.06	0.141	0.187	0.201
7906	84674	0.071	0.062	0.122	0.133
7906	84674	0.068	0.519	0.59	0.587
7906	84674	0.083	0.015	0.083	0.098
7906	84674	0.08	0.109	0.192	0.189
7906	84674	0.196	0.249	0.329	0.445
7906	84674	0.07	0.102	0.094	0.032
7906	84674	0.077	0.141	0.211	0.218
7906	84674	0.064	0.343	0.42	0.407
7906	84674	0.064	0.049	0.113	0.113
7906	84674	0.085	0.078	0.142	0.163
7906	84674	0.083	0.538	0.623	0.621
7906	84674	0.058	0.327	0.41	0.385
7906	84674	0.122	0.281	0.339	0.403
7906	84674	0.085	0.037	0.085	0.048
7906	84674	0.038	0.031	0.116	0.069
7906	84674	0.133	0.265	0.303	0.398
7906	84674	0.117	0.051	0.082	0.066
7906	84674	0.1	0.016	0.101	0.084
7906	84674	0.075	0.078	0.178	0.153
7906	84674	0.092	0.141	0.216	0.233
7906	84674	0.1	0.0	0.092	0.1
7906	84674	0.1	0.016	0.084	0.084
7906	84674	0.085	0.031	0.131	0.116
7906	84674	0.162	0.0	0.085	0.162
7906	84674	0.105	0.0	0.162	0.105
7906	84674	0.016	0.156	0.261	0.172
7906	84674	0.086	0.095	0.111	0.181
7906	84674	0.093	0.14	0.226	0.233
7906	84674	0.348	0.016	0.109	0.364
7906	84674	0.052	0.208	0.14	0.156
7906	84674	0.059	0.421	0.473	0.48
7906	84674	0.056	0.078	0.137	0.134
7906	84674	0.235	0.024	0.032	0.211
7906	84674	0.071	0.133	0.102	0.062
7906	84674	0.08	0.312	0.383	0.392
7906	84674	0.064	0.265	0.345	0.329
7906	84674	0.037	0.047	0.111	0.084
7906	84674	0.083	0.299	0.336	0.382
7906	84674	0.0	0.0	0.0	0.0
7906	84674	0.0	0.0	0.0	0.0
7906	84674	0.0	0.0	0.0	0.0
7906	84674	0.0	0.0	0.0	0.0
7906	84674	0.0	0.0	0.0	0.0
7906	84674	0.0	0.0	0.0	0.0
7906	84674	0.0	0.0	0.0	0.0
7906	84674	0.0	0.0	0.0	0.0
7906	84674	0.0	0.0	0.0	0.0
7906	84674	0.0	0.0	0.0	0.0
7906	84674	0.0	0.0	0.0	0.0
7906	84674	0.0	0.0	0.0	0.0
7906	84674	0.0	0.0	0.0	0.0
7906	84674	0.0	0.0	0.0	0.0
7906	84674	0.0	0.0	0.0	0.0
7906	84674	0.0	0.0	0.0	0.0
7906	84674	0.0	0.0	0.0	0.0
7906	84674	0.0	0.0	0.0	0.0
7906	84674	0.0	0.0	0.0	0.0
7906	84674	0.0	0.0	0.0	0.0
7906	84674	0.0	0.0	0.0	0.0
7906	84674	0.0	0.0	0.0	0.0
7906	84689	1.299	0.0	0.0	0.0
7906	84689	0.096	0.593	0.706	0.497
7906	84689	0.091	0.328	0.424	0.419
7906	84689	0.067	0.203	0.294	0.27
7906	84689	0.075	0.141	0.208	0.216
7906	84689	0.169	0.016	0.091	0.185
7906	84689	0.068	0.052	0.117	0.016
7906	84689	0.075	0.126	0.194	0.201
7906	84689	0.053	0.031	0.106	0.084
7906	84689	0.094	0.172	0.225	0.266
7906	84689	0.08	0.171	0.265	0.251
7906	84689	0.054	0.033	0.113	0.087
7906	84689	0.043	0.126	0.18	0.169
7906	84689	0.059	0.062	0.105	0.121
7906	84689	0.07	0.292	0.351	0.362
7906	84689	0.076	0.064	0.134	0.14
7906	84689	0.038	0.172	0.248	0.21
7906	84689	0.073	0.362	0.4	0.435
7906	84689	0.057	0.078	0.151	0.135
7906	84689	0.06	0.156	0.213	0.216
7906	84689	0.08	0.359	0.419	0.439
7906	84689	0.104	0.14	0.22	0.244
7906	84689	0.053	0.016	0.088	0.037
7906	84689	0.062	0.406	0.459	0.468
7906	84689	0.077	0.156	0.218	0.233
7906	84689	0.102	0.079	0.156	0.181
7906	84689	0.108	0.11	0.212	0.218
7906	84689	0.06	0.094	0.202	0.154
7906	84689	0.067	0.218	0.278	0.285
7906	84689	0.023	0.037	0.03	0.014
7906	84689	0.08	0.17	0.193	0.25
7906	84689	0.097	0.015	0.095	0.112
7906	84689	0.061	0.158	0.255	0.219
7906	84689	0.072	0.078	0.139	0.15
7906	84689	0.073	0.312	0.384	0.385
7906	84689	0.142	0.094	0.167	0.236
7906	84689	0.085	0.038	0.104	0.047
7906	84689	0.049	0.171	0.256	0.22
7906	84689	0.065	0.236	0.285	0.301
7906	84689	0.071	0.078	0.143	0.149
7906	84689	0.073	0.078	0.149	0.151
7906	84689	0.118	0.046	0.119	0.164
7906	84689	0.131	0.031	0.087	0.1
7906	84689	0.069	0.016	0.115	0.053
7906	84689	0.075	0.11	0.179	0.185
7906	84689	0.119	0.078	0.153	0.197
7906	84689	0.086	0.016	0.135	0.102
7906	84689	0.093	0.125	0.211	0.218
7906	84689	0.065	0.109	0.202	0.174
7906	84689	0.069	0.125	0.19	0.194
7906	84689	0.102	0.031	0.1	0.133
7906	84689	0.082	0.015	0.087	0.067
7906	84689	0.085	0.015	0.097	0.1
7906	84689	0.107	0.094	0.179	0.201
7906	84689	0.101	0.234	0.341	0.335
7906	84689	0.149	0.0	0.101	0.149
7906	84689	0.079	0.035	0.114	0.044
7906	84689	0.068	0.375	0.454	0.443
7906	84689	0.061	0.375	0.443	0.436
7906	84689	0.096	0.203	0.264	0.299
7906	84689	0.067	0.236	0.332	0.303
7906	84689	0.08	0.094	0.161	0.174
7906	84689	0.124	0.266	0.346	0.39
7906	84689	0.07	0.015	0.109	0.055
7906	84689	0.078	0.312	0.382	0.39
7906	84689	0.0	0.0	0.0	0.0
7906	84689	0.0	0.0	0.0	0.0
7906	84689	0.0	0.0	0.0	0.0
7906	84689	0.0	0.0	0.0	0.0
7906	84689	0.0	0.0	0.0	0.0
7906	84709	0.345	0.0	0.0	0.0
7906	84709	0.08	0.127	0.218	0.047
7906	84709	0.079	0.172	0.252	0.251
7906	84709	0.084	0.016	0.095	0.1
7906	84709	0.128	0.187	0.271	0.315
7906	84709	0.041	0.016	0.144	0.057
7906	84709	0.093	0.421	0.462	0.514
7906	84709	0.158	0.141	0.234	0.299
7906	84709	0.156	0.016	0.142	0.14
7906	84709	0.102	0.04	0.116	0.062
7906	84709	0.091	0.062	0.164	0.153
7906	84709	0.074	0.126	0.217	0.2
7906	84709	0.072	0.078	0.152	0.15
7906	84709	0.103	0.25	0.322	0.353
7906	84709	0.076	0.14	0.243	0.216
7906	84709	0.09	0.094	0.17	0.184
7906	84709	0.071	0.08	0.17	0.151
7906	84709	0.069	0.031	0.102	0.1
7906	84709	0.071	0.063	0.132	0.134
7906	84709	0.065	0.047	0.118	0.112
7906	84709	0.081	0.075	0.14	0.156
7906	84709	0.108	0.375	0.456	0.483
7906	84709	0.138	0.093	0.201	0.231
7906	84709	0.07	0.015	0.123	0.055
7906	84709	0.058	0.094	0.164	0.152
7906	84709	0.06	0.376	0.434	0.436
7906	84709	0.054	0.062	0.122	0.116
7906	84709	0.08	0.141	0.195	0.221
7906	84709	0.08	0.031	0.111	0.111
7906	84709	0.093	0.093	0.173	0.186
7906	84709	0.087	0.296	0.389	0.383
7906	84709	0.136	0.094	0.181	0.23
7906	84709	0.122	0.031	0.105	0.091
7906	84709	0.088	0.11	0.232	0.198
7906	84709	0.059	0.078	0.166	0.137
7906	84709	0.059	0.374	0.433	0.433
7906	84709	0.079	0.047	0.106	0.126
7906	84709	0.086	0.055	0.134	0.141
7906	84709	0.101	0.047	0.133	0.148
7906	84709	0.084	0.015	0.086	0.069
7906	84709	0.053	0.468	0.552	0.521
7906	84709	0.085	0.079	0.132	0.164
7906	84709	0.065	0.187	0.272	0.252
7906	84709	0.057	0.094	0.159	0.151
7906	84709	0.089	0.312	0.369	0.401
7906	84709	0.062	0.267	0.356	0.329
7906	84709	0.051	0.421	0.483	0.472
7906	84709	0.05	0.288	0.339	0.338
7906	84709	0.071	0.178	0.228	0.249
7906	84709	0.127	0.093	0.164	0.22
7906	84709	0.079	0.015	0.112	0.064
7906	84709	0.075	0.343	0.422	0.418
7906	84709	0.089	0.094	0.169	0.183
7906	84709	0.097	0.015	0.074	0.082
7906	84709	0.054	0.016	0.113	0.07
7906	84709	0.074	0.126	0.18	0.2
7906	84709	0.0	0.0	0.0	0.0
7906	84709	0.0	0.0	0.0	0.0
7906	84709	0.0	0.0	0.0	0.0
7906	84709	0.0	0.0	0.0	0.0
7906	84709	0.0	0.0	0.0	0.0
7906	84709	0.0	0.0	0.0	0.0
7906	84709	0.0	0.0	0.0	0.0
7906	84709	0.0	0.0	0.0	0.0
7906	84709	0.0	0.0	0.0	0.0
7906	84709	0.0	0.0	0.0	0.0
7906	84709	0.0	0.0	0.0	0.0
7906	84709	0.0	0.0	0.0	0.0
7906	84709	0.0	0.0	0.0	0.0
7906	84709	0.0	0.0	0.0	0.0
7906	84722	0.424	0.0	0.0	0.0
7906	84722	0.08	0.173	0.251	0.093
7906	84722	0.098	0.234	0.314	0.332
7906	84722	0.103	0.046	0.144	0.149
7906	84722	0.169	0.015	0.088	0.154
7906	84722	0.104	0.055	0.114	0.049
7906	84722	0.073	0.078	0.182	0.151
7906	84722	0.089	0.11	0.183	0.199
7906	84722	0.069	0.032	0.121	0.101
7906	84722	0.087	0.047	0.116	0.134
7906	84722	0.054	0.031	0.118	0.085
7906	84722	0.133	0.079	0.133	0.212
7906	84722	0.104	0.016	0.117	0.088
7906	84722	0.099	0.016	0.088	0.083
7906	84722	0.068	0.016	0.115	0.084
7906	84722	0.107	0.125	0.193	0.232
7906	84722	0.11	0.016	0.091	0.094
7906	84722	0.066	0.025	0.085	0.041
7906	84722	0.076	0.11	0.176	0.186
7906	84722	0.129	0.125	0.201	0.254
7906	84722	0.083	0.037	0.092	0.046
7906	84722	0.07	0.047	0.13	0.117
7906	84722	0.087	0.065	0.135	0.152
7906	84722	0.11	0.125	0.212	0.235
7906	84722	0.099	0.036	0.074	0.063
7906	84722	0.071	0.015	0.114	0.086
7906	84722	0.106	0.093	0.164	0.199
7906	84722	0.087	0.08	0.186	0.167
7906	84722	0.139	0.031	0.118	0.17
7906	84722	0.083	0.036	0.103	0.047
7906	84722	0.058	0.062	0.145	0.12
7906	84722	0.128	0.203	0.261	0.331
7906	84722	0.086	0.016	0.112	0.07
7906	84722	0.108	0.14	0.226	0.248
7906	84722	0.156	0.031	0.139	0.187
7906	84722	0.1	0.053	0.103	0.047
7906	84722	0.08	0.109	0.209	0.189
7906	84722	0.271	0.173	0.253	0.444
7906	84722	0.082	0.162	0.109	0.08
7906	84722	0.098	0.253	0.335	0.351
7906	84722	0.108	0.141	0.239	0.249
7906	84722	0.146	0.015	0.093	0.131
7906	84722	0.087	0.015	0.131	0.072
7906	84722	0.112	0.187	0.274	0.299
7906	84722	0.367	0.016	0.128	0.383
7906	84722	0.101	0.132	0.235	0.031
7906	84722	0.048	0.358	0.459	0.406
7906	84722	0.07	0.078	0.126	0.148
7906	84722	0.15	0.062	0.132	0.212
7906	84722	0.087	0.031	0.119	0.056
7906	84722	0.086	0.031	0.118	0.117
7906	84722	0.061	0.158	0.244	0.219
7906	84722	0.146	0.406	0.467	0.552
7906	84722	0.099	0.037	0.109	0.062
7906	84722	0.108	0.094	0.193	0.202
7906	84722	0.074	0.031	0.139	0.105
7906	84722	0.065	0.251	0.325	0.316
7906	84722	0.111	0.125	0.19	0.236
7906	84722	0.095	0.016	0.095	0.079
7906	84722	0.078	0.016	0.111	0.094
7906	84722	0.052	0.057	0.135	0.109
7906	84722	0.094	0.189	0.241	0.283
7906	84722	0.0	0.0	0.0	0.0
7906	84722	0.0	0.0	0.0	0.0
7906	84722	0.0	0.0	0.0	0.0
7906	84722	0.0	0.0	0.0	0.0
7906	84722	0.0	0.0	0.0	0.0
7906	84722	0.0	0.0	0.0	0.0
7906	84722	0.0	0.0	0.0	0.0
7906	84722	0.0	0.0	0.0	0.0
7906	84741	0.204	0.0	0.0	0.0
7906	84741	0.079	0.079	0.125	0.0
7906	84741	0.061	0.141	0.22	0.202
7906	84741	0.087	0.078	0.139	0.165
7906	84741	0.105	0.078	0.165	0.183
7906	84741	0.08	0.109	0.214	0.189
7906	84741	0.129	0.083	0.163	0.212
7906	84741	0.056	0.016	0.145	0.072
7906	84741	0.07	0.062	0.118	0.132
7906	84741	0.103	0.078	0.148	0.181
7906	84741	0.156	0.031	0.134	0.187
7906	84741	0.139	0.043	0.113	0.096
7906	84741	0.087	0.0	0.139	0.087
7906	84741	0.102	0.047	0.134	0.149
7906	84741	0.08	0.14	0.242	0.22
7906	84741	0.054	0.031	0.111	0.085
7906	84741	0.102	0.078	0.132	0.18
7906	84741	0.101	0.065	0.167	0.166
7906	84741	0.086	0.016	0.117	0.102
7906	84741	0.071	0.047	0.133	0.118
7906	84741	0.086	0.047	0.118	0.133
7906	84741	0.088	0.065	0.151	0.153
7906	84741	0.091	0.141	0.229	0.232
7906	84741	0.108	0.359	0.45	0.467
7906	84741	0.057	0.047	0.155	0.104
7906	84741	0.103	0.078	0.135	0.181
7906	84741	0.074	0.078	0.181	0.152
7906	84741	0.048	0.174	0.248	0.222
7906	84741	0.143	0.032	0.08	0.175
7906	84741	0.17	0.015	0.128	0.155
7906	84741	0.102	0.053	0.117	0.049
7906	84741	0.065	0.125	0.227	0.19
7906	84741	0.088	0.158	0.223	0.246
7906	84741	0.053	0.25	0.338	0.303
7906	84741	0.05	0.285	0.338	0.335
7906	84741	0.103	0.093	0.143	0.196
7906	84741	0.076	0.078	0.181	0.154
7906	84741	0.076	0.124	0.2	0.2
7906	84741	0.113	0.469	0.545	0.582
7906	84741	0.15	0.032	0.145	0.182
7906	84741	0.117	0.015	0.135	0.102
7906	84741	0.159	0.109	0.226	0.268
7906	84741	0.093	0.049	0.11	0.044
7906	84741	0.098	0.078	0.171	0.176
7906	84741	0.128	0.173	0.271	0.301
7906	84741	0.07	0.031	0.159	0.101
7906	84741	0.071	0.046	0.116	0.117
7906	84741	0.072	0.296	0.367	0.368
7906	84741	0.055	0.062	0.134	0.117
7906	84741	0.092	0.126	0.181	0.218
7906	84741	0.069	0.031	0.123	0.1
7906	84741	0.09	0.094	0.163	0.184
7906	84741	0.111	0.094	0.184	0.205
7906	84741	0.068	0.062	0.173	0.13
7906	84741	0.124	0.358	0.426	0.482
7906	84741	0.071	0.015	0.139	0.086
7906	84741	0.063	0.14	0.211	0.203
7906	84741	0.154	0.062	0.125	0.216
7906	84741	0.085	0.053	0.101	0.032
7906	84741	0.08	0.109	0.194	0.189
7906	84741	0.0	0.0	0.0	0.0
7906	84741	0.0	0.0	0.0	0.0
7906	84741	0.0	0.0	0.0	0.0
7906	84741	0.0	0.0	0.0	0.0
7906	84741	0.0	0.0	0.0	0.0
7906	84741	0.0	0.0	0.0	0.0
7906	84741	0.0	0.0	0.0	0.0
7906	84741	0.0	0.0	0.0	0.0
7906	84741	0.0	0.0	0.0	0.0
7906	84741	0.0	0.0	0.0	0.0
