PARTICIPANT_ID	TEST_SECTION_ID	HOLD_LATENCY	INTERKEY_LATENCY	PRESS_LATENCY	RELEASE_LATENCY
8554	91730	0.176	0.0	0.0	0.0
8554	91730	0.141	0.065	0.111	0.076
8554	91730	0.152	0.084	0.225	0.236
8554	91730	0.103	0.056	0.208	0.159
8554	91730	0.128	0.121	0.224	0.249
8554	91730	0.103	0.144	0.272	0.247
8554	91730	0.12	0.072	0.175	0.192
8554	91730	0.121	0.056	0.176	0.177
8554	91730	0.128	0.303	0.424	0.431
8554	91730	0.111	0.089	0.217	0.2
8554	91730	0.144	0.057	0.168	0.201
8554	91730	0.175	0.048	0.192	0.223
8554	91730	0.175	0.225	0.4	0.4
8554	91730	0.216	0.241	0.416	0.457
8554	91730	0.161	0.055	0.271	0.216
8554	91730	0.119	0.0	0.161	0.119
8554	91730	0.128	0.328	0.447	0.456
8554	91730	0.176	0.096	0.224	0.272
8554	91730	0.136	0.008	0.168	0.128
8554	91730	0.136	0.184	0.32	0.32
8554	91730	0.088	0.384	0.52	0.472
8554	91730	0.176	0.304	0.392	0.48
8554	91730	0.152	0.024	0.2	0.176
8554	91730	0.112	0.016	0.168	0.128
8554	91730	0.12	0.072	0.184	0.192
8554	91730	0.096	0.008	0.128	0.104
8554	91730	0.208	0.064	0.16	0.272
8554	91730	0.136	0.008	0.216	0.144
8554	91730	0.176	0.088	0.224	0.264
8554	91730	0.088	0.472	0.648	0.56
8554	91730	0.184	0.344	0.432	0.528
8554	91730	0.088	0.4	0.584	0.488
8554	91730	0.08	0.144	0.232	0.224
8554	91730	0.208	0.952	1.032	1.16
8554	91730	0.112	0.2	0.408	0.312
8554	91730	0.2	0.04	0.152	0.24
8554	91730	0.129	0.097	0.103	0.032
8554	91730	0.128	0.376	0.505	0.504
8554	91730	0.112	0.272	0.4	0.384
8554	91730	0.104	0.103	0.215	0.207
8554	91730	0.096	0.129	0.233	0.225
8554	91730	0.12	0.128	0.224	0.248
8554	91730	0.12	0.344	0.464	0.464
8554	91730	0.088	0.328	0.448	0.416
8554	91730	0.072	0.104	0.192	0.176
8554	91730	0.144	0.112	0.184	0.256
8554	91730	0.112	0.032	0.176	0.144
8554	91730	0.104	0.048	0.16	0.152
8554	91730	0.088	0.112	0.216	0.2
8554	91730	0.12	0.136	0.224	0.256
8554	91730	0.12	0.168	0.288	0.288
8554	91730	0.088	0.248	0.368	0.336
8554	91730	0.088	0.096	0.184	0.184
8554	91730	0.136	0.072	0.16	0.208
8554	91730	0.104	0.008	0.128	0.096
8554	91730	0.08	0.088	0.192	0.168
8554	91730	0.104	0.056	0.136	0.16
8554	91730	0.12	0.232	0.336	0.352
8554	91730	0.104	0.136	0.256	0.24
8554	91730	0.136	0.36	0.464	0.496
8554	91730	0.12	0.392	0.528	0.512
8554	91730	0.096	0.008	0.112	0.088
8554	91730	0.104	0.096	0.192	0.2
8554	91730	0.128	0.104	0.208	0.232
8554	91730	0.128	0.184	0.312	0.312
8554	91730	0.12	0.296	0.424	0.416
8554	91730	0.128	0.216	0.336	0.344
8554	91730	0.144	0.328	0.456	0.472
8554	91730	0.128	0.136	0.28	0.264
8554	91730	0.12	0.04	0.088	0.08
8554	91760	0.232	0.0	0.0	0.0
8554	91760	0.104	0.072	0.16	0.032
8554	91760	0.112	0.112	0.216	0.224
8554	91760	0.153	0.047	0.159	0.2
8554	91760	0.136	0.04	0.113	0.096
8554	91760	0.129	0.255	0.391	0.384
8554	91760	0.104	0.352	0.481	0.456
8554	91760	0.112	0.048	0.152	0.16
8554	91760	0.127	0.176	0.288	0.303
8554	91760	0.137	0.128	0.255	0.265
8554	91760	0.168	0.136	0.273	0.304
8554	91760	0.128	0.336	0.504	0.464
8554	91760	0.12	0.095	0.223	0.215
8554	91760	0.176	0.353	0.473	0.529
8554	91760	0.111	0.04	0.136	0.071
8554	91760	0.111	0.129	0.24	0.24
8554	91760	0.137	0.36	0.471	0.497
8554	91760	0.112	0.024	0.113	0.088
8554	91760	0.121	0.047	0.159	0.168
8554	91760	0.088	0.552	0.673	0.64
8554	91760	0.168	0.584	0.672	0.752
8554	91760	0.136	0.032	0.2	0.168
8554	91760	0.104	0.68	0.816	0.784
8554	91760	0.0	0.0	0.0	0.0
8554	91760	0.0	0.0	0.0	0.0
8554	91760	0.0	0.0	0.0	0.0
8554	91760	0.0	0.0	0.0	0.0
8554	91760	0.0	0.0	0.0	0.0
8554	91760	0.0	0.0	0.0	0.0
8554	91760	0.0	0.0	0.0	0.0
8554	91760	0.0	0.0	0.0	0.0
8554	91760	0.0	0.0	0.0	0.0
8554	91760	0.0	0.0	0.0	0.0
8554	91760	0.0	0.0	0.0	0.0
8554	91760	0.0	0.0	0.0	0.0
8554	91760	0.0	0.0	0.0	0.0
8554	91760	0.0	0.0	0.0	0.0
8554	91760	0.0	0.0	0.0	0.0
8554	91760	0.0	0.0	0.0	0.0
8554	91760	0.0	0.0	0.0	0.0
8554	91760	0.0	0.0	0.0	0.0
8554	91760	0.0	0.0	0.0	0.0
8554	91760	0.0	0.0	0.0	0.0
8554	91760	0.0	0.0	0.0	0.0
8554	91760	0.0	0.0	0.0	0.0
8554	91760	0.0	0.0	0.0	0.0
8554	91760	0.0	0.0	0.0	0.0
8554	91760	0.0	0.0	0.0	0.0
8554	91760	0.0	0.0	0.0	0.0
8554	91760	0.0	0.0	0.0	0.0
8554	91760	0.0	0.0	0.0	0.0
8554	91760	0.0	0.0	0.0	0.0
8554	91760	0.0	0.0	0.0	0.0
8554	91760	0.0	0.0	0.0	0.0
8554	91760	0.0	0.0	0.0	0.0
8554	91760	0.0	0.0	0.0	0.0
8554	91760	0.0	0.0	0.0	0.0
8554	91760	0.0	0.0	0.0	0.0
8554	91760	0.0	0.0	0.0	0.0
8554	91760	0.0	0.0	0.0	0.0
8554	91760	0.0	0.0	0.0	0.0
8554	91760	0.0	0.0	0.0	0.0
8554	91760	0.0	0.0	0.0	0.0
8554	91760	0.0	0.0	0.0	0.0
8554	91760	0.0	0.0	0.0	0.0
8554	91760	0.0	0.0	0.0	0.0
8554	91760	0.0	0.0	0.0	0.0
8554	91760	0.0	0.0	0.0	0.0
8554	91760	0.0	0.0	0.0	0.0
8554	91760	0.0	0.0	0.0	0.0
8554	91768	0.233	0.0	0.0	0.0
8554	91768	0.096	0.121	0.112	0.025
8554	91768	0.081	0.08	0.176	0.161
8554	91768	0.088	0.248	0.329	0.336
8554	91768	0.136	0.112	0.2	0.248
8554	91768	0.088	0.048	0.184	0.136
8554	91768	0.104	0.175	0.263	0.279
8554	91768	0.104	0.081	0.185	0.185
8554	91768	0.144	0.048	0.152	0.192
8554	91768	0.105	0.263	0.407	0.368
8554	91768	0.111	0.288	0.393	0.399
8554	91768	0.079	0.273	0.384	0.352
8554	91768	0.087	0.089	0.168	0.176
8554	91768	0.144	0.008	0.095	0.152
8554	91768	0.111	0.009	0.153	0.12
8554	91768	0.104	0.112	0.223	0.216
8554	91768	0.183	0.049	0.153	0.232
8554	91768	0.096	0.016	0.199	0.112
8554	91768	0.111	0.265	0.361	0.376
8554	91768	0.152	0.032	0.143	0.184
8554	91768	0.112	0.16	0.312	0.272
8554	91768	0.152	0.024	0.136	0.176
8554	91768	0.12	0.224	0.376	0.344
8554	91768	0.088	0.208	0.328	0.296
8554	91768	0.096	0.08	0.168	0.176
8554	91768	0.128	0.048	0.144	0.176
8554	91768	0.104	0.016	0.144	0.12
8554	91768	0.112	0.136	0.24	0.248
8554	91768	0.12	0.144	0.256	0.264
8554	91768	0.096	0.104	0.224	0.2
8554	91768	0.104	0.128	0.224	0.232
8554	91768	0.144	0.4	0.504	0.544
8554	91768	0.12	0.296	0.44	0.416
8554	91768	0.088	0.12	0.24	0.208
8554	91768	0.104	0.12	0.208	0.224
8554	91768	0.152	0.728	0.832	0.88
8554	91768	0.088	0.064	0.216	0.152
8554	91768	0.104	0.12	0.208	0.224
8554	91768	0.12	0.144	0.248	0.264
8554	91768	0.128	0.648	0.768	0.776
8554	91768	0.096	0.472	0.6	0.568
8554	91768	0.08	0.104	0.2	0.184
8554	91768	0.12	0.08	0.16	0.2
8554	91768	0.2	0.24	0.36	0.44
8554	91768	0.144	0.016	0.184	0.128
8554	91768	0.088	0.472	0.616	0.56
8554	91768	0.08	0.072	0.16	0.152
8554	91768	0.088	0.28	0.36	0.368
8554	91768	0.112	0.128	0.216	0.24
8554	91768	0.168	0.176	0.288	0.344
8554	91768	0.136	0.08	0.248	0.216
8554	91768	0.128	0.448	0.584	0.576
8554	91768	0.136	0.032	0.16	0.168
8554	91768	0.144	0.272	0.408	0.416
8554	91768	0.095	0.128	0.272	0.223
8554	91768	0.096	0.153	0.248	0.249
8554	91768	0.12	0.192	0.288	0.312
8554	91768	0.08	0.624	0.744	0.704
8554	91768	0.0	0.0	0.0	0.0
8554	91768	0.0	0.0	0.0	0.0
8554	91768	0.0	0.0	0.0	0.0
8554	91768	0.0	0.0	0.0	0.0
8554	91768	0.0	0.0	0.0	0.0
8554	91768	0.0	0.0	0.0	0.0
8554	91768	0.0	0.0	0.0	0.0
8554	91768	0.0	0.0	0.0	0.0
8554	91768	0.0	0.0	0.0	0.0
8554	91768	0.0	0.0	0.0	0.0
8554	91768	0.0	0.0	0.0	0.0
8554	91768	0.0	0.0	0.0	0.0
8554	91789	0.224	0.0	0.0	0.0
8554	91789	0.096	0.088	0.136	0.008
8554	91789	0.104	0.136	0.232	0.24
8554	91789	0.112	0.184	0.288	0.296
8554	91789	0.096	0.416	0.528	0.512
8554	91789	0.088	0.104	0.2	0.192
8554	91789	0.112	0.088	0.176	0.2
8554	91789	0.072	0.048	0.16	0.12
8554	91789	0.112	0.128	0.2	0.24
8554	91789	0.104	0.104	0.216	0.208
8554	91789	0.12	0.048	0.152	0.168
8554	91789	0.122	0.222	0.342	0.344
8554	91789	0.096	0.248	0.37	0.344
8554	91789	0.104	0.072	0.168	0.176
8554	91789	0.128	0.12	0.224	0.248
8554	91789	0.12	0.064	0.192	0.184
8554	91789	0.168	0.304	0.424	0.472
8554	91789	0.104	0.248	0.416	0.352
8554	91789	0.104	0.04	0.144	0.144
8554	91789	0.088	0.104	0.208	0.192
8554	91789	0.08	0.08	0.168	0.16
8554	91789	0.136	0.024	0.104	0.16
8554	91789	0.136	0.08	0.216	0.216
8554	91789	0.144	0.208	0.344	0.352
8554	91789	0.088	0.152	0.296	0.24
8554	91789	0.12	0.087	0.175	0.207
8554	91789	0.096	0.089	0.209	0.185
8554	91789	0.128	0.376	0.472	0.504
8554	91789	0.136	0.544	0.672	0.68
8554	91789	0.128	0.304	0.44	0.432
8554	91789	0.144	0.064	0.192	0.208
8554	91789	0.12	0.304	0.448	0.424
8554	91789	0.136	0.248	0.368	0.384
8554	91789	0.12	0.032	0.168	0.152
8554	91789	0.104	0.128	0.248	0.232
8554	91789	0.104	0.232	0.336	0.336
8554	91789	0.16	0.032	0.136	0.192
8554	91789	0.096	0.04	0.12	0.056
8554	91789	0.12	0.2	0.296	0.32
8554	91789	0.12	0.144	0.264	0.264
8554	91789	0.08	0.12	0.24	0.2
8554	91789	0.08	0.328	0.408	0.408
8554	91789	0.096	0.096	0.176	0.192
8554	91789	0.176	0.704	0.8	0.88
8554	91789	0.096	0.416	0.592	0.512
8554	91789	0.112	0.112	0.208	0.224
8554	91789	0.105	0.175	0.287	0.28
8554	91789	0.12	0.08	0.185	0.2
8554	91789	0.104	0.76	0.88	0.864
8554	91789	0.104	0.544	0.648	0.648
8554	91789	0.144	0.048	0.152	0.192
8554	91789	0.136	0.32	0.464	0.456
8554	91789	0.103	0.448	0.584	0.551
8554	91789	0.161	0.008	0.111	0.169
8554	91789	0.128	0.207	0.368	0.335
8554	91789	0.145	0.24	0.368	0.385
8554	91789	0.104	0.223	0.368	0.327
8554	91789	0.12	0.121	0.225	0.241
8554	91789	0.119	0.048	0.168	0.167
8554	91789	0.169	0.048	0.167	0.217
8554	91789	0.12	0.024	0.193	0.144
8554	91789	0.104	0.072	0.192	0.176
8554	91789	0.064	0.128	0.232	0.192
8554	91789	0.112	0.104	0.168	0.216
8554	91789	0.136	0.008	0.12	0.144
8554	91789	0.104	0.049	0.087	0.055
8554	91789	0.112	0.169	0.273	0.281
8554	91789	0.115	0.011	0.101	0.104
8554	91789	0.214	0.304	0.419	0.518
8554	91789	0.128	0.03	0.184	0.098
8554	91810	0.225	0.0	0.0	0.0
8554	91810	0.106	0.105	0.12	0.001
8554	91810	0.128	0.086	0.192	0.214
8554	91810	0.088	0.096	0.224	0.184
8554	91810	0.128	0.128	0.216	0.256
8554	91810	0.12	0.104	0.232	0.224
8554	91810	0.136	0.168	0.288	0.304
8554	91810	0.177	0.432	0.568	0.609
8554	91810	0.16	0.015	0.192	0.175
8554	91810	0.12	0.008	0.168	0.128
8554	91810	0.136	0.136	0.256	0.272
8554	91810	0.143	0.025	0.161	0.168
8554	91810	0.176	0.096	0.239	0.272
8554	91810	0.128	0.376	0.552	0.504
8554	91810	0.136	0.016	0.144	0.152
8554	91810	0.12	0.088	0.224	0.208
8554	91810	0.12	0.152	0.272	0.272
8554	91810	0.144	0.2	0.32	0.344
8554	91810	0.072	0.088	0.232	0.16
8554	91810	0.096	0.248	0.32	0.344
8554	91810	0.104	0.28	0.376	0.384
8554	91810	0.08	0.168	0.272	0.248
8554	91810	0.12	0.112	0.192	0.232
8554	91810	0.104	0.08	0.2	0.184
8554	91810	0.152	0.128	0.232	0.28
8554	91810	0.104	0.536	0.688	0.64
8554	91810	0.128	0.064	0.168	0.192
8554	91810	0.088	0.128	0.256	0.216
8554	91810	0.096	0.112	0.2	0.208
8554	91810	0.2	0.136	0.232	0.336
8554	91810	0.112	0.128	0.072	0.016
8554	91810	0.112	0.128	0.24	0.24
8554	91810	0.112	0.032	0.144	0.144
8554	91810	0.152	0.016	0.128	0.168
8554	91810	0.128	0.04	0.112	0.088
8554	91810	0.159	0.048	0.176	0.207
8554	91810	0.12	0.249	0.408	0.369
8554	91810	0.105	0.32	0.44	0.425
8554	91810	0.127	0.0	0.105	0.127
8554	91810	0.112	0.112	0.239	0.224
8554	91810	0.096	0.096	0.208	0.192
8554	91810	0.104	0.112	0.208	0.216
8554	91810	0.088	0.16	0.264	0.248
8554	91810	0.088	0.096	0.184	0.184
8554	91810	0.136	0.04	0.128	0.176
8554	91810	0.12	0.008	0.144	0.128
8554	91810	0.136	0.496	0.616	0.632
8554	91810	0.104	0.424	0.56	0.528
8554	91810	0.088	0.16	0.264	0.248
8554	91810	0.08	0.92	1.008	1.0
8554	91810	0.113	0.239	0.319	0.352
8554	91810	0.152	0.16	0.273	0.312
8554	91810	0.161	0.071	0.223	0.232
8554	91810	0.096	0.496	0.657	0.592
8554	91810	0.104	0.12	0.216	0.224
8554	91810	0.088	0.12	0.224	0.208
8554	91810	0.104	0.088	0.176	0.192
8554	91810	0.088	0.256	0.36	0.344
8554	91810	0.128	0.072	0.16	0.2
8554	91810	0.08	0.008	0.12	0.072
8554	91810	0.08	0.376	0.456	0.456
8554	91810	0.0	0.0	0.0	0.0
8554	91810	0.0	0.0	0.0	0.0
8554	91810	0.0	0.0	0.0	0.0
8554	91810	0.0	0.0	0.0	0.0
8554	91810	0.0	0.0	0.0	0.0
8554	91810	0.0	0.0	0.0	0.0
8554	91810	0.0	0.0	0.0	0.0
8554	91810	0.0	0.0	0.0	0.0
8554	91810	0.0	0.0	0.0	0.0
8554	91833	0.28	0.0	0.0	0.0
8554	91833	0.105	0.104	0.176	0.001
8554	91833	0.128	0.079	0.184	0.207
8554	91833	0.152	0.056	0.184	0.208
8554	91833	0.096	0.048	0.104	0.048
8554	91833	0.12	0.064	0.16	0.184
8554	91833	0.096	0.048	0.168	0.144
8554	91833	0.088	0.16	0.256	0.248
8554	91833	0.096	0.08	0.168	0.176
8554	91833	0.136	0.08	0.176	0.216
8554	91833	0.136	0.128	0.264	0.264
8554	91833	0.088	0.36	0.496	0.448
8554	91833	0.112	0.128	0.216	0.24
8554	91833	0.096	0.144	0.256	0.24
8554	91833	0.112	0.096	0.192	0.208
8554	91833	0.111	0.192	0.304	0.303
8554	91833	0.128	0.473	0.584	0.601
8554	91833	0.136	0.16	0.288	0.296
8554	91833	0.144	0.112	0.248	0.256
8554	91833	0.136	0.312	0.456	0.448
8554	91833	0.144	0.192	0.328	0.336
8554	91833	0.12	0.016	0.16	0.136
8554	91833	0.112	0.096	0.216	0.208
8554	91833	0.161	0.247	0.359	0.408
8554	91833	0.112	0.024	0.185	0.136
8554	91833	0.136	0.264	0.376	0.4
8554	91833	0.104	0.504	0.64	0.608
8554	91833	0.152	0.048	0.152	0.2
8554	91833	0.112	0.04	0.112	0.072
8554	91833	0.128	0.36	0.472	0.488
8554	91833	0.104	0.256	0.384	0.36
8554	91833	0.112	0.152	0.256	0.264
8554	91833	0.104	0.088	0.2	0.192
8554	91833	0.096	0.168	0.272	0.264
8554	91833	0.112	0.856	0.952	0.968
8554	91833	0.095	0.824	0.936	0.919
8554	91833	0.12	0.289	0.384	0.409
8554	91833	0.136	0.096	0.216	0.232
8554	91833	0.104	0.016	0.152	0.12
8554	91833	0.0	0.0	0.0	0.0
8554	91833	0.0	0.0	0.0	0.0
8554	91833	0.0	0.0	0.0	0.0
8554	91833	0.0	0.0	0.0	0.0
8554	91833	0.0	0.0	0.0	0.0
8554	91833	0.0	0.0	0.0	0.0
8554	91833	0.0	0.0	0.0	0.0
8554	91833	0.0	0.0	0.0	0.0
8554	91833	0.0	0.0	0.0	0.0
8554	91833	0.0	0.0	0.0	0.0
8554	91833	0.0	0.0	0.0	0.0
8554	91833	0.0	0.0	0.0	0.0
8554	91833	0.0	0.0	0.0	0.0
8554	91833	0.0	0.0	0.0	0.0
8554	91833	0.0	0.0	0.0	0.0
8554	91833	0.0	0.0	0.0	0.0
8554	91833	0.0	0.0	0.0	0.0
8554	91833	0.0	0.0	0.0	0.0
8554	91833	0.0	0.0	0.0	0.0
8554	91833	0.0	0.0	0.0	0.0
8554	91833	0.0	0.0	0.0	0.0
8554	91833	0.0	0.0	0.0	0.0
8554	91833	0.0	0.0	0.0	0.0
8554	91833	0.0	0.0	0.0	0.0
8554	91833	0.0	0.0	0.0	0.0
8554	91833	0.0	0.0	0.0	0.0
8554	91833	0.0	0.0	0.0	0.0
8554	91833	0.0	0.0	0.0	0.0
8554	91833	0.0	0.0	0.0	0.0
8554	91833	0.0	0.0	0.0	0.0
8554	91833	0.0	0.0	0.0	0.0
8554	91847	0.272	0.0	0.0	0.0
8554	91847	0.104	0.112	0.16	0.008
8554	91847	0.104	0.096	0.2	0.2
8554	91847	0.112	0.064	0.168	0.176
8554	91847	0.055	0.12	0.232	0.175
8554	91847	0.128	0.153	0.208	0.281
8554	91847	0.144	0.064	0.192	0.208
8554	91847	0.169	0.009	0.135	0.16
8554	91847	0.176	0.128	0.297	0.304
8554	91847	0.143	0.296	0.472	0.439
8554	91847	0.136	0.007	0.136	0.129
8554	91847	0.103	0.096	0.232	0.199
8554	91847	0.096	0.097	0.2	0.193
8554	91847	0.096	0.064	0.16	0.16
8554	91847	0.096	0.32	0.416	0.416
8554	91847	0.128	0.368	0.464	0.496
8554	91847	0.144	0.088	0.216	0.232
8554	91847	0.112	0.007	0.151	0.119
8554	91847	0.127	0.153	0.265	0.28
8554	91847	0.112	0.016	0.111	0.096
8554	91847	0.12	0.137	0.249	0.257
8554	91847	0.144	0.247	0.367	0.391
8554	91847	0.116	0.173	0.317	0.289
8554	91847	0.104	0.159	0.275	0.263
8554	91847	0.144	0.064	0.168	0.208
8554	91847	0.048	0.112	0.256	0.16
8554	91847	0.184	0.456	0.504	0.64
8554	91847	0.096	0.84	1.024	0.936
8554	91847	0.088	0.128	0.224	0.216
8554	91847	0.095	0.808	0.896	0.903
8554	91847	0.096	0.129	0.224	0.225
8554	91847	0.088	0.064	0.16	0.152
8554	91847	0.128	0.088	0.176	0.216
8554	91847	0.16	0.064	0.192	0.224
8554	91847	0.127	0.017	0.177	0.144
8554	91847	0.144	0.48	0.607	0.624
8554	91847	0.119	0.001	0.145	0.12
8554	91847	0.104	0.072	0.191	0.176
8554	91847	0.112	0.376	0.48	0.488
8554	91847	0.096	0.072	0.184	0.168
8554	91847	0.136	0.048	0.144	0.184
8554	91847	0.184	0.64	0.776	0.824
8554	91847	0.12	0.264	0.448	0.384
8554	91847	0.112	0.328	0.448	0.44
8554	91847	0.0	0.0	0.0	0.0
8554	91847	0.0	0.0	0.0	0.0
8554	91847	0.0	0.0	0.0	0.0
8554	91847	0.0	0.0	0.0	0.0
8554	91847	0.0	0.0	0.0	0.0
8554	91847	0.0	0.0	0.0	0.0
8554	91847	0.0	0.0	0.0	0.0
8554	91847	0.0	0.0	0.0	0.0
8554	91847	0.0	0.0	0.0	0.0
8554	91847	0.0	0.0	0.0	0.0
8554	91847	0.0	0.0	0.0	0.0
8554	91847	0.0	0.0	0.0	0.0
8554	91847	0.0	0.0	0.0	0.0
8554	91847	0.0	0.0	0.0	0.0
8554	91847	0.0	0.0	0.0	0.0
8554	91847	0.0	0.0	0.0	0.0
8554	91847	0.0	0.0	0.0	0.0
8554	91847	0.0	0.0	0.0	0.0
8554	91847	0.0	0.0	0.0	0.0
8554	91847	0.0	0.0	0.0	0.0
8554	91847	0.0	0.0	0.0	0.0
8554	91847	0.0	0.0	0.0	0.0
8554	91847	0.0	0.0	0.0	0.0
8554	91847	0.0	0.0	0.0	0.0
8554	91847	0.0	0.0	0.0	0.0
8554	91847	0.0	0.0	0.0	0.0
8554	91864	0.232	0.0	0.0	0.0
8554	91864	0.104	0.12	0.112	0.016
8554	91864	0.088	0.144	0.248	0.232
8554	91864	0.112	0.384	0.472	0.496
8554	91864	0.144	0.12	0.232	0.264
8554	91864	0.128	0.216	0.36	0.344
8554	91864	0.136	0.216	0.344	0.352
8554	91864	0.088	0.024	0.112	0.064
8554	91864	0.136	0.08	0.168	0.216
8554	91864	0.088	0.048	0.184	0.136
8554	91864	0.072	0.16	0.248	0.232
8554	91864	0.096	0.088	0.16	0.184
8554	91864	0.152	0.104	0.2	0.256
8554	91864	0.095	0.232	0.384	0.327
8554	91864	0.136	0.328	0.423	0.464
8554	91864	0.104	0.112	0.248	0.216
8554	91864	0.12	0.105	0.209	0.225
8554	91864	0.087	0.096	0.216	0.183
8554	91864	0.128	0.097	0.184	0.225
8554	91864	0.12	0.096	0.224	0.216
8554	91864	0.152	0.192	0.312	0.344
8554	91864	0.12	0.2	0.352	0.32
8554	91864	0.128	0.232	0.352	0.36
8554	91864	0.112	0.12	0.248	0.232
8554	91864	0.104	0.08	0.192	0.184
8554	91864	0.176	0.064	0.168	0.24
8554	91864	0.155	0.005	0.181	0.16
8554	91864	0.096	0.512	0.667	0.608
8554	91864	0.136	0.08	0.176	0.216
8554	91864	0.136	0.12	0.256	0.256
8554	91864	0.136	0.384	0.52	0.52
8554	91864	0.152	0.088	0.224	0.24
8554	91864	0.136	0.048	0.2	0.184
8554	91864	0.152	0.12	0.256	0.272
8554	91864	0.16	0.04	0.192	0.2
8554	91864	0.168	0.192	0.352	0.36
8554	91864	0.152	0.144	0.312	0.296
8554	91864	0.107	0.061	0.213	0.168
8554	91864	0.128	0.12	0.227	0.248
8554	91864	0.128	0.376	0.504	0.504
8554	91864	0.088	0.16	0.288	0.248
8554	91864	0.0	0.0	0.0	0.0
8554	91864	0.0	0.0	0.0	0.0
8554	91864	0.0	0.0	0.0	0.0
8554	91864	0.0	0.0	0.0	0.0
8554	91864	0.0	0.0	0.0	0.0
8554	91864	0.0	0.0	0.0	0.0
8554	91864	0.0	0.0	0.0	0.0
8554	91864	0.0	0.0	0.0	0.0
8554	91864	0.0	0.0	0.0	0.0
8554	91864	0.0	0.0	0.0	0.0
8554	91864	0.0	0.0	0.0	0.0
8554	91864	0.0	0.0	0.0	0.0
8554	91864	0.0	0.0	0.0	0.0
8554	91864	0.0	0.0	0.0	0.0
8554	91864	0.0	0.0	0.0	0.0
8554	91864	0.0	0.0	0.0	0.0
8554	91864	0.0	0.0	0.0	0.0
8554	91864	0.0	0.0	0.0	0.0
8554	91864	0.0	0.0	0.0	0.0
8554	91864	0.0	0.0	0.0	0.0
8554	91864	0.0	0.0	0.0	0.0
8554	91864	0.0	0.0	0.0	0.0
8554	91864	0.0	0.0	0.0	0.0
8554	91864	0.0	0.0	0.0	0.0
8554	91864	0.0	0.0	0.0	0.0
8554	91864	0.0	0.0	0.0	0.0
8554	91864	0.0	0.0	0.0	0.0
8554	91864	0.0	0.0	0.0	0.0
8554	91864	0.0	0.0	0.0	0.0
8554	91877	0.353	0.0	0.0	0.0
8554	91877	0.176	0.088	0.265	0.088
8554	91877	0.152	0.12	0.296	0.272
8554	91877	0.16	0.072	0.224	0.232
8554	91877	0.111	0.168	0.328	0.279
8554	91877	0.208	0.105	0.216	0.313
8554	91877	0.128	0.128	0.336	0.256
8554	91877	0.096	0.0	0.128	0.096
8554	91877	0.168	0.088	0.184	0.256
8554	91877	0.144	0.048	0.216	0.192
8554	91877	0.12	0.08	0.224	0.2
8554	91877	0.144	0.144	0.264	0.288
8554	91877	0.144	0.16	0.304	0.304
8554	91877	0.152	0.2	0.344	0.352
8554	91877	0.048	0.44	0.592	0.488
8554	91877	0.192	0.336	0.384	0.528
8554	91877	0.111	0.016	0.176	0.095
8554	91877	0.112	0.153	0.264	0.265
8554	91877	0.144	0.344	0.456	0.488
8554	91877	0.137	0.647	0.791	0.784
8554	91877	0.089	0.151	0.288	0.24
8554	91877	0.256	0.2	0.289	0.456
8554	91877	0.151	0.064	0.192	0.087
8554	91877	0.0	0.0	0.0	0.0
8554	91877	0.0	0.0	0.0	0.0
8554	91877	0.0	0.0	0.0	0.0
8554	91877	0.0	0.0	0.0	0.0
8554	91877	0.0	0.0	0.0	0.0
8554	91877	0.0	0.0	0.0	0.0
8554	91877	0.0	0.0	0.0	0.0
8554	91877	0.0	0.0	0.0	0.0
8554	91877	0.0	0.0	0.0	0.0
8554	91877	0.0	0.0	0.0	0.0
8554	91877	0.0	0.0	0.0	0.0
8554	91877	0.0	0.0	0.0	0.0
8554	91877	0.0	0.0	0.0	0.0
8554	91877	0.0	0.0	0.0	0.0
8554	91877	0.0	0.0	0.0	0.0
8554	91877	0.0	0.0	0.0	0.0
8554	91877	0.0	0.0	0.0	0.0
8554	91877	0.0	0.0	0.0	0.0
8554	91877	0.0	0.0	0.0	0.0
8554	91877	0.0	0.0	0.0	0.0
8554	91877	0.0	0.0	0.0	0.0
8554	91877	0.0	0.0	0.0	0.0
8554	91877	0.0	0.0	0.0	0.0
8554	91877	0.0	0.0	0.0	0.0
8554	91877	0.0	0.0	0.0	0.0
8554	91877	0.0	0.0	0.0	0.0
8554	91877	0.0	0.0	0.0	0.0
8554	91877	0.0	0.0	0.0	0.0
8554	91877	0.0	0.0	0.0	0.0
8554	91877	0.0	0.0	0.0	0.0
8554	91877	0.0	0.0	0.0	0.0
8554	91877	0.0	0.0	0.0	0.0
8554	91877	0.0	0.0	0.0	0.0
8554	91877	0.0	0.0	0.0	0.0
8554	91877	0.0	0.0	0.0	0.0
8554	91877	0.0	0.0	0.0	0.0
8554	91877	0.0	0.0	0.0	0.0
8554	91877	0.0	0.0	0.0	0.0
8554	91877	0.0	0.0	0.0	0.0
8554	91877	0.0	0.0	0.0	0.0
8554	91877	0.0	0.0	0.0	0.0
8554	91877	0.0	0.0	0.0	0.0
8554	91877	0.0	0.0	0.0	0.0
8554	91877	0.0	0.0	0.0	0.0
8554	91877	0.0	0.0	0.0	0.0
8554	91877	0.0	0.0	0.0	0.0
8554	91877	0.0	0.0	0.0	0.0
8554	91887	0.297	0.0	0.0	0.0
8554	91887	0.097	0.089	0.208	0.008
8554	91887	0.103	0.088	0.185	0.191
8554	91887	0.152	0.016	0.087	0.136
8554	91887	0.113	0.056	0.208	0.169
8554	91887	0.128	0.039	0.152	0.167
8554	91887	0.112	0.257	0.385	0.369
8554	91887	0.137	0.111	0.223	0.248
8554	91887	0.152	0.096	0.233	0.248
8554	91887	0.144	0.144	0.296	0.288
8554	91887	0.112	0.272	0.416	0.384
8554	91887	0.095	0.424	0.536	0.519
8554	91887	0.12	1.401	1.496	1.521
8554	91887	0.152	0.176	0.296	0.328
8554	91887	0.079	1.032	1.184	1.111
8554	91887	0.16	0.04	0.119	0.2
8554	91887	0.104	0.008	0.168	0.112
8554	91887	0.152	0.232	0.336	0.384
8554	91887	0.096	0.744	0.896	0.84
8554	91887	0.152	0.072	0.168	0.224
8554	91887	0.088	0.08	0.232	0.168
8554	91887	0.088	0.512	0.6	0.6
8554	91887	0.104	0.456	0.544	0.56
8554	91887	0.104	0.112	0.216	0.216
8554	91887	0.128	0.088	0.192	0.216
8554	91887	0.112	0.144	0.272	0.256
8554	91887	0.144	0.288	0.4	0.432
8554	91887	0.128	0.4	0.544	0.528
8554	91887	0.112	0.032	0.16	0.144
8554	91887	0.103	0.232	0.344	0.335
8554	91887	0.096	0.065	0.168	0.161
8554	91887	0.128	0.168	0.264	0.296
8554	91887	0.136	0.096	0.224	0.232
8554	91887	0.12	0.736	0.872	0.856
8554	91887	0.112	0.144	0.264	0.256
8554	91887	0.12	0.104	0.216	0.224
8554	91887	0.078	0.256	0.376	0.334
8554	91887	0.152	0.458	0.536	0.61
8554	91887	0.096	0.32	0.472	0.416
8554	91887	0.152	0.048	0.144	0.2
8554	91887	0.112	0.144	0.296	0.256
8554	91887	0.12	0.456	0.568	0.576
8554	91887	0.136	0.12	0.24	0.256
8554	91887	0.16	0.96	1.096	1.12
8554	91887	0.128	0.088	0.248	0.216
8554	91887	0.184	0.232	0.36	0.416
8554	91887	0.12	0.08	0.264	0.2
8554	91887	0.16	0.152	0.272	0.312
8554	91887	0.144	0.416	0.576	0.56
8554	91887	0.144	0.288	0.432	0.432
8554	91887	0.096	0.248	0.392	0.344
8554	91887	0.136	0.104	0.2	0.24
8554	91887	0.096	0.216	0.352	0.312
8554	91887	0.0	0.0	0.0	0.0
8554	91887	0.0	0.0	0.0	0.0
8554	91887	0.0	0.0	0.0	0.0
8554	91887	0.0	0.0	0.0	0.0
8554	91887	0.0	0.0	0.0	0.0
8554	91887	0.0	0.0	0.0	0.0
8554	91887	0.0	0.0	0.0	0.0
8554	91887	0.0	0.0	0.0	0.0
8554	91887	0.0	0.0	0.0	0.0
8554	91887	0.0	0.0	0.0	0.0
8554	91887	0.0	0.0	0.0	0.0
8554	91887	0.0	0.0	0.0	0.0
8554	91887	0.0	0.0	0.0	0.0
8554	91887	0.0	0.0	0.0	0.0
8554	91887	0.0	0.0	0.0	0.0
8554	91887	0.0	0.0	0.0	0.0
8554	91887	0.0	0.0	0.0	0.0
8554	91909	0.392	0.0	0.0	0.0
8554	91909	0.096	0.128	0.264	0.032
8554	91909	0.104	0.088	0.184	0.192
8554	91909	0.176	0.016	0.12	0.192
8554	91909	0.104	0.024	0.152	0.08
8554	91909	0.216	0.176	0.28	0.392
8554	91909	0.104	0.048	0.168	0.056
8554	91909	0.12	0.104	0.208	0.224
8554	91909	0.111	0.073	0.193	0.184
8554	91909	0.136	0.12	0.231	0.256
8554	91909	0.168	0.208	0.344	0.376
8554	91909	0.16	0.144	0.312	0.304
8554	91909	0.128	0.208	0.368	0.336
8554	91909	0.112	0.12	0.248	0.232
8554	91909	0.104	0.088	0.2	0.192
8554	91909	0.064	0.224	0.328	0.288
8554	91909	0.136	0.184	0.248	0.32
8554	91909	0.16	0.208	0.344	0.368
8554	91909	0.136	0.328	0.488	0.464
8554	91909	0.128	0.024	0.16	0.152
8554	91909	0.12	0.256	0.384	0.376
8554	91909	0.144	0.376	0.496	0.52
8554	91909	0.128	0.2	0.344	0.328
8554	91909	0.104	0.128	0.256	0.232
8554	91909	0.112	0.088	0.192	0.2
8554	91909	0.168	0.04	0.152	0.208
8554	91909	0.144	0.008	0.176	0.152
8554	91909	0.128	0.184	0.328	0.312
8554	91909	0.16	0.488	0.616	0.648
8554	91909	0.16	0.2	0.36	0.36
8554	91909	0.088	0.224	0.384	0.312
8554	91909	0.128	0.088	0.176	0.216
8554	91909	0.064	0.064	0.192	0.128
8554	91909	0.12	0.416	0.48	0.536
8554	91909	0.095	0.256	0.376	0.351
8554	91909	0.096	0.073	0.168	0.169
8554	91909	0.112	0.112	0.208	0.224
8554	91909	0.152	0.144	0.256	0.296
8554	91909	0.104	0.024	0.128	0.08
8554	91909	0.112	0.264	0.368	0.376
8554	91909	0.167	0.008	0.12	0.175
8554	91909	0.104	0.033	0.2	0.137
8554	91909	0.132	0.076	0.18	0.208
8554	91909	0.128	0.264	0.396	0.392
8554	91909	0.136	0.36	0.488	0.496
8554	91909	0.112	0.088	0.224	0.2
8554	91909	0.168	0.112	0.224	0.28
8554	91909	0.095	0.016	0.152	0.079
8554	91909	0.113	0.128	0.223	0.241
8554	91909	0.249	0.087	0.2	0.336
8554	91909	0.128	0.192	0.057	0.064
8554	91909	0.336	0.176	0.304	0.512
8554	91909	0.111	0.168	0.168	0.057
8554	91909	0.104	0.665	0.776	0.769
8554	91909	0.088	0.2	0.304	0.288
8554	91909	0.144	0.032	0.12	0.176
8554	91909	0.104	0.048	0.096	0.056
8554	91909	0.128	0.168	0.272	0.296
8554	91909	0.136	0.072	0.2	0.208
8554	91909	0.088	0.304	0.44	0.392
8554	91909	0.0	0.0	0.0	0.0
8554	91909	0.0	0.0	0.0	0.0
8554	91909	0.0	0.0	0.0	0.0
8554	91909	0.0	0.0	0.0	0.0
8554	91909	0.0	0.0	0.0	0.0
8554	91909	0.0	0.0	0.0	0.0
8554	91909	0.0	0.0	0.0	0.0
8554	91909	0.0	0.0	0.0	0.0
8554	91909	0.0	0.0	0.0	0.0
8554	91909	0.0	0.0	0.0	0.0
8554	91929	0.303	0.0	0.0	0.0
8554	91929	0.104	0.175	0.128	0.071
8554	91929	0.121	0.135	0.239	0.256
8554	91929	0.145	0.047	0.168	0.192
8554	91929	0.12	0.056	0.089	0.064
8554	91929	0.135	0.072	0.192	0.207
8554	91929	0.144	0.032	0.167	0.176
8554	91929	0.095	0.073	0.217	0.168
8554	91929	0.152	0.057	0.152	0.209
8554	91929	0.103	0.008	0.16	0.111
8554	91929	0.104	0.177	0.28	0.281
8554	91929	0.119	0.128	0.232	0.247
8554	91929	0.184	0.121	0.24	0.305
8554	91929	0.144	0.12	0.304	0.264
8554	91929	0.185	0.079	0.223	0.264
8554	91929	0.095	0.216	0.401	0.311
8554	91929	0.112	0.121	0.216	0.233
8554	91929	0.16	0.064	0.176	0.224
8554	91929	0.096	0.009	0.151	0.087
8554	91929	0.176	0.08	0.176	0.256
8554	91929	0.104	0.112	0.064	0.008
8554	91929	0.12	0.089	0.193	0.209
8554	91929	0.104	0.12	0.24	0.224
8554	91929	0.136	0.08	0.184	0.216
8554	91929	0.096	0.144	0.28	0.24
8554	91929	0.087	0.464	0.56	0.551
8554	91929	0.0	0.0	0.0	0.0
8554	91929	0.0	0.0	0.0	0.0
8554	91929	0.0	0.0	0.0	0.0
8554	91929	0.0	0.0	0.0	0.0
8554	91929	0.0	0.0	0.0	0.0
8554	91929	0.0	0.0	0.0	0.0
8554	91929	0.0	0.0	0.0	0.0
8554	91929	0.0	0.0	0.0	0.0
8554	91929	0.0	0.0	0.0	0.0
8554	91929	0.0	0.0	0.0	0.0
8554	91929	0.0	0.0	0.0	0.0
8554	91929	0.0	0.0	0.0	0.0
8554	91929	0.0	0.0	0.0	0.0
8554	91929	0.0	0.0	0.0	0.0
8554	91929	0.0	0.0	0.0	0.0
8554	91929	0.0	0.0	0.0	0.0
8554	91929	0.0	0.0	0.0	0.0
8554	91929	0.0	0.0	0.0	0.0
8554	91929	0.0	0.0	0.0	0.0
8554	91929	0.0	0.0	0.0	0.0
8554	91929	0.0	0.0	0.0	0.0
8554	91929	0.0	0.0	0.0	0.0
8554	91929	0.0	0.0	0.0	0.0
8554	91929	0.0	0.0	0.0	0.0
8554	91929	0.0	0.0	0.0	0.0
8554	91929	0.0	0.0	0.0	0.0
8554	91929	0.0	0.0	0.0	0.0
8554	91929	0.0	0.0	0.0	0.0
8554	91929	0.0	0.0	0.0	0.0
8554	91929	0.0	0.0	0.0	0.0
8554	91929	0.0	0.0	0.0	0.0
8554	91929	0.0	0.0	0.0	0.0
8554	91929	0.0	0.0	0.0	0.0
8554	91929	0.0	0.0	0.0	0.0
8554	91929	0.0	0.0	0.0	0.0
8554	91929	0.0	0.0	0.0	0.0
8554	91929	0.0	0.0	0.0	0.0
8554	91929	0.0	0.0	0.0	0.0
8554	91929	0.0	0.0	0.0	0.0
8554	91929	0.0	0.0	0.0	0.0
8554	91929	0.0	0.0	0.0	0.0
8554	91929	0.0	0.0	0.0	0.0
8554	91929	0.0	0.0	0.0	0.0
8554	91929	0.0	0.0	0.0	0.0
8554	91937	0.32	0.0	0.0	0.0
8554	91937	0.16	0.088	0.232	0.072
8554	91937	0.088	0.112	0.272	0.2
8554	91937	0.096	0.072	0.16	0.168
8554	91937	0.12	0.312	0.408	0.432
8554	91937	0.064	0.272	0.392	0.336
8554	91937	0.208	0.24	0.304	0.448
8554	91937	0.144	0.072	0.28	0.216
8554	91937	0.12	0.384	0.528	0.504
8554	91937	0.112	0.04	0.16	0.152
8554	91937	0.12	0.048	0.16	0.168
8554	91937	0.095	0.433	0.553	0.528
8554	91937	0.136	0.096	0.191	0.232
8554	91937	0.128	0.08	0.216	0.208
8554	91937	0.144	0.144	0.272	0.288
8554	91937	0.104	0.424	0.568	0.528
8554	91937	0.12	0.224	0.328	0.344
8554	91937	0.144	0.048	0.168	0.192
8554	91937	0.208	0.112	0.256	0.32
8554	91937	0.152	0.088	0.12	0.064
8554	91937	0.096	0.408	0.56	0.504
8554	91937	0.112	0.104	0.2	0.216
8554	91937	0.136	0.208	0.32	0.344
8554	91937	0.119	0.257	0.393	0.376
8554	91937	0.224	0.104	0.223	0.328
8554	91937	0.136	0.104	0.12	0.032
8554	91937	0.16	0.088	0.224	0.248
8554	91937	0.144	0.008	0.168	0.152
8554	91937	0.144	0.176	0.32	0.32
8554	91937	0.16	0.096	0.24	0.256
8554	91937	0.144	0.264	0.424	0.408
8554	91937	0.136	0.24	0.384	0.376
8554	91937	0.104	0.56	0.696	0.664
8554	91937	0.176	0.304	0.408	0.48
8554	91937	0.16	0.048	0.224	0.208
8554	91937	0.184	0.136	0.296	0.32
8554	91937	0.216	0.528	0.712	0.744
8554	91937	0.152	0.136	0.08	0.016
8554	91937	0.128	0.096	0.248	0.224
8554	91937	0.128	0.128	0.256	0.256
8554	91937	0.184	0.056	0.184	0.24
8554	91937	0.136	0.056	0.128	0.08
8554	91937	0.16	0.168	0.304	0.328
8554	91937	0.12	0.216	0.376	0.336
8554	91937	0.144	0.016	0.136	0.16
8554	91937	0.128	0.176	0.32	0.304
8554	91937	0.104	0.056	0.184	0.16
8554	91937	0.088	0.264	0.368	0.352
8554	91937	0.0	0.0	0.0	0.0
8554	91937	0.0	0.0	0.0	0.0
8554	91937	0.0	0.0	0.0	0.0
8554	91937	0.0	0.0	0.0	0.0
8554	91937	0.0	0.0	0.0	0.0
8554	91937	0.0	0.0	0.0	0.0
8554	91937	0.0	0.0	0.0	0.0
8554	91937	0.0	0.0	0.0	0.0
8554	91937	0.0	0.0	0.0	0.0
8554	91937	0.0	0.0	0.0	0.0
8554	91937	0.0	0.0	0.0	0.0
8554	91937	0.0	0.0	0.0	0.0
8554	91937	0.0	0.0	0.0	0.0
8554	91937	0.0	0.0	0.0	0.0
8554	91937	0.0	0.0	0.0	0.0
8554	91937	0.0	0.0	0.0	0.0
8554	91937	0.0	0.0	0.0	0.0
8554	91937	0.0	0.0	0.0	0.0
8554	91937	0.0	0.0	0.0	0.0
8554	91937	0.0	0.0	0.0	0.0
8554	91937	0.0	0.0	0.0	0.0
8554	91937	0.0	0.0	0.0	0.0
8554	91957	0.28	0.0	0.0	0.0
8554	91957	0.104	0.128	0.152	0.024
8554	91957	0.104	0.088	0.192	0.192
8554	91957	0.16	0.048	0.056	0.112
8554	91957	0.136	0.048	0.208	0.184
8554	91957	0.16	0.016	0.152	0.176
8554	91957	0.128	0.68	0.84	0.808
8554	91957	0.168	0.128	0.256	0.296
8554	91957	0.216	0.144	0.312	0.36
8554	91957	0.12	0.304	0.52	0.424
8554	91957	0.128	0.096	0.216	0.224
8554	91957	0.12	0.072	0.2	0.192
8554	91957	0.176	0.088	0.208	0.264
8554	91957	0.136	0.256	0.432	0.392
8554	91957	0.176	0.12	0.256	0.296
8554	91957	0.152	0.032	0.208	0.184
8554	91957	0.136	0.184	0.336	0.32
8554	91957	0.12	0.464	0.6	0.584
8554	91957	0.144	0.128	0.248	0.272
8554	91957	0.143	0.192	0.336	0.335
8554	91957	0.16	0.289	0.432	0.449
8554	91957	0.16	0.744	0.904	0.904
8554	91957	0.129	0.127	0.287	0.256
8554	91957	0.168	0.016	0.145	0.184
8554	91957	0.16	0.48	0.648	0.64
8554	91957	0.152	0.6	0.76	0.752
8554	91957	0.163	0.168	0.32	0.331
8554	91957	0.111	0.027	0.136	0.084
8554	91957	0.231	0.353	0.464	0.584
8554	91957	0.176	0.097	0.328	0.273
8554	91957	0.136	0.24	0.416	0.376
8554	91957	0.128	0.048	0.184	0.176
8554	91957	0.135	0.016	0.144	0.151
8554	91957	0.128	0.105	0.24	0.233
8554	91957	0.096	0.16	0.288	0.256
8554	91957	0.104	0.12	0.216	0.224
8554	91957	0.088	0.112	0.216	0.2
8554	91957	0.096	0.064	0.152	0.16
8554	91957	0.144	0.136	0.232	0.28
8554	91957	0.177	0.207	0.351	0.384
8554	91957	0.12	0.303	0.48	0.423
8554	91957	0.112	0.177	0.297	0.289
8554	91957	0.12	0.04	0.152	0.16
8554	91957	0.104	0.08	0.2	0.184
8554	91957	0.113	0.087	0.191	0.2
8554	91957	0.169	0.047	0.16	0.216
8554	91957	0.16	0.04	0.209	0.2
8554	91957	0.12	0.009	0.151	0.111
8554	91957	0.16	0.129	0.249	0.289
8554	91957	0.12	0.304	0.464	0.424
8554	91957	0.128	0.544	0.664	0.672
8554	91957	0.152	0.208	0.336	0.36
8554	91957	0.192	0.552	0.704	0.744
8554	91957	0.16	0.008	0.2	0.168
8554	91957	0.096	0.136	0.296	0.232
8554	91957	0.0	0.0	0.0	0.0
8554	91957	0.0	0.0	0.0	0.0
8554	91957	0.0	0.0	0.0	0.0
8554	91957	0.0	0.0	0.0	0.0
8554	91957	0.0	0.0	0.0	0.0
8554	91957	0.0	0.0	0.0	0.0
8554	91957	0.0	0.0	0.0	0.0
8554	91957	0.0	0.0	0.0	0.0
8554	91957	0.0	0.0	0.0	0.0
8554	91957	0.0	0.0	0.0	0.0
8554	91957	0.0	0.0	0.0	0.0
8554	91957	0.0	0.0	0.0	0.0
8554	91957	0.0	0.0	0.0	0.0
8554	91957	0.0	0.0	0.0	0.0
8554	91957	0.0	0.0	0.0	0.0
8554	91972	0.273	0.0	0.0	0.0
8554	91972	0.128	0.113	0.16	0.015
8554	91972	0.112	0.081	0.209	0.193
8554	91972	0.12	0.063	0.175	0.183
8554	91972	0.168	0.041	0.161	0.209
8554	91972	0.135	0.016	0.184	0.151
8554	91972	0.128	0.264	0.399	0.392
8554	91972	0.111	0.201	0.329	0.312
8554	91972	0.136	0.104	0.215	0.24
8554	91972	0.096	0.096	0.232	0.192
8554	91972	0.128	0.12	0.216	0.248
8554	91972	0.128	0.056	0.184	0.184
8554	91972	0.128	0.488	0.616	0.616
8554	91972	0.112	0.024	0.152	0.136
8554	91972	0.135	0.169	0.281	0.304
8554	91972	0.088	0.072	0.207	0.16
8554	91972	0.088	0.128	0.216	0.216
8554	91972	0.08	0.072	0.16	0.152
8554	91972	0.128	0.248	0.328	0.376
8554	91972	0.104	0.344	0.472	0.448
8554	91972	0.128	0.048	0.152	0.176
8554	91972	0.112	0.072	0.2	0.184
8554	91972	0.128	0.224	0.336	0.352
8554	91972	0.16	0.088	0.216	0.248
8554	91972	0.152	0.12	0.28	0.272
8554	91972	0.12	0.208	0.36	0.328
8554	91972	0.136	0.888	1.008	1.024
8554	91972	0.112	0.008	0.128	0.104
8554	91972	0.104	0.608	0.72	0.712
8554	91972	0.152	0.064	0.168	0.216
8554	91972	0.16	0.056	0.208	0.216
8554	91972	0.112	0.416	0.576	0.528
8554	91972	0.12	0.08	0.192	0.2
8554	91972	0.128	0.224	0.344	0.352
8554	91972	0.128	0.088	0.216	0.216
8554	91972	0.152	0.176	0.304	0.328
8554	91972	0.12	0.352	0.504	0.472
8554	91972	0.152	0.24	0.36	0.392
8554	91972	0.088	0.12	0.272	0.208
8554	91972	0.088	0.072	0.16	0.16
8554	91972	0.128	0.104	0.192	0.232
8554	91972	0.12	0.056	0.184	0.176
8554	91972	0.176	0.184	0.304	0.36
8554	91972	0.088	0.008	0.168	0.08
8554	91972	0.128	0.568	0.656	0.696
8554	91972	0.12	0.064	0.192	0.184
8554	91972	0.144	0.512	0.632	0.656
8554	91972	0.112	0.016	0.128	0.096
8554	91972	0.136	0.256	0.368	0.392
8554	91972	0.192	0.4	0.536	0.592
8554	91972	0.12	0.368	0.56	0.488
8554	91972	0.104	0.072	0.192	0.176
8554	91972	0.08	0.24	0.344	0.32
8554	91972	0.088	0.104	0.184	0.192
8554	91972	0.088	0.696	0.784	0.784
8554	91972	0.0	0.0	0.0	0.0
8554	91972	0.0	0.0	0.0	0.0
8554	91972	0.0	0.0	0.0	0.0
8554	91972	0.0	0.0	0.0	0.0
8554	91972	0.0	0.0	0.0	0.0
8554	91972	0.0	0.0	0.0	0.0
8554	91972	0.0	0.0	0.0	0.0
8554	91972	0.0	0.0	0.0	0.0
8554	91972	0.0	0.0	0.0	0.0
8554	91972	0.0	0.0	0.0	0.0
8554	91972	0.0	0.0	0.0	0.0
8554	91972	0.0	0.0	0.0	0.0
8554	91972	0.0	0.0	0.0	0.0
8554	91972	0.0	0.0	0.0	0.0
8554	91972	0.0	0.0	0.0	0.0
