PARTICIPANT_ID	TEST_SECTION_ID	HOLD_LATENCY	INTERKEY_LATENCY	PRESS_LATENCY	RELEASE_LATENCY
8613	92473	0.182	0.0	0.0	0.0
8613	92473	0.128	0.048	0.134	0.08
8613	92473	0.147	0.44	0.568	0.587
8613	92473	0.097	0.326	0.473	0.423
8613	92473	0.092	0.018	0.115	0.11
8613	92473	0.162	0.108	0.2	0.27
8613	92473	0.09	0.57	0.732	0.66
8613	92473	0.031	0.327	0.417	0.358
8613	92473	0.106	0.352	0.383	0.458
8613	92473	0.076	0.286	0.392	0.362
8613	92473	0.16	0.788	0.864	0.948
8613	92473	0.081	0.451	0.611	0.532
8613	92473	0.131	0.148	0.229	0.279
8613	92473	0.118	0.045	0.176	0.163
8613	92473	0.112	0.09	0.208	0.202
8613	92473	0.086	0.273	0.385	0.359
8613	92473	0.113	0.08	0.166	0.193
8613	92473	0.069	0.266	0.379	0.335
8613	92473	0.104	0.209	0.278	0.313
8613	92473	0.16	0.167	0.271	0.327
8613	92473	0.102	0.267	0.427	0.369
8613	92473	0.147	0.031	0.133	0.178
8613	92473	0.111	0.032	0.179	0.143
8613	92473	0.107	0.22	0.331	0.327
8613	92473	0.168	0.024	0.131	0.192
8613	92473	0.082	0.141	0.309	0.223
8613	92473	0.108	1.157	1.239	1.265
8613	92473	0.119	0.153	0.261	0.272
8613	92473	0.048	0.263	0.382	0.311
8613	92473	0.17	0.2	0.248	0.37
8613	92473	0.113	0.585	0.755	0.698
8613	92473	0.106	0.453	0.566	0.559
8613	92473	0.08	0.453	0.559	0.533
8613	92473	0.122	0.11	0.19	0.232
8613	92473	0.081	0.236	0.358	0.317
8613	92473	0.101	0.75	0.831	0.851
8613	92473	0.101	0.419	0.52	0.52
8613	92473	0.09	0.697	0.798	0.787
8613	92473	0.15	0.031	0.121	0.181
8613	92473	0.14	0.242	0.392	0.382
8613	92473	0.086	0.185	0.325	0.271
8613	92473	0.152	0.539	0.625	0.691
8613	92473	0.0	0.0	0.0	0.0
8613	92473	0.0	0.0	0.0	0.0
8613	92473	0.0	0.0	0.0	0.0
8613	92473	0.0	0.0	0.0	0.0
8613	92473	0.0	0.0	0.0	0.0
8613	92473	0.0	0.0	0.0	0.0
8613	92473	0.0	0.0	0.0	0.0
8613	92473	0.0	0.0	0.0	0.0
8613	92473	0.0	0.0	0.0	0.0
8613	92473	0.0	0.0	0.0	0.0
8613	92473	0.0	0.0	0.0	0.0
8613	92473	0.0	0.0	0.0	0.0
8613	92473	0.0	0.0	0.0	0.0
8613	92473	0.0	0.0	0.0	0.0
8613	92473	0.0	0.0	0.0	0.0
8613	92473	0.0	0.0	0.0	0.0
8613	92473	0.0	0.0	0.0	0.0
8613	92473	0.0	0.0	0.0	0.0
8613	92473	0.0	0.0	0.0	0.0
8613	92473	0.0	0.0	0.0	0.0
8613	92473	0.0	0.0	0.0	0.0
8613	92473	0.0	0.0	0.0	0.0
8613	92473	0.0	0.0	0.0	0.0
8613	92473	0.0	0.0	0.0	0.0
8613	92473	0.0	0.0	0.0	0.0
8613	92473	0.0	0.0	0.0	0.0
8613	92473	0.0	0.0	0.0	0.0
8613	92473	0.0	0.0	0.0	0.0
8613	92494	0.62	0.0	0.0	0.0
8613	92494	0.17	0.098	0.522	0.072
8613	92494	0.115	0.345	0.515	0.46
8613	92494	0.161	0.379	0.494	0.54
8613	92494	0.112	0.368	0.529	0.48
8613	92494	0.172	0.169	0.281	0.341
8613	92494	0.117	0.044	0.216	0.161
8613	92494	0.169	0.085	0.202	0.254
8613	92494	0.12	0.684	0.853	0.804
8613	92494	0.134	0.144	0.264	0.278
8613	92494	0.115	0.402	0.536	0.517
8613	92494	0.143	0.086	0.201	0.229
8613	92494	0.114	0.374	0.517	0.488
8613	92494	0.145	0.085	0.199	0.23
8613	92494	0.106	0.2	0.345	0.306
8613	92494	0.138	0.171	0.277	0.309
8613	92494	0.057	0.463	0.601	0.52
8613	92494	0.072	0.091	0.148	0.163
8613	92494	0.08	0.248	0.32	0.328
8613	92494	0.139	0.234	0.314	0.373
8613	92494	0.113	0.707	0.846	0.82
8613	92494	0.158	0.038	0.151	0.196
8613	92494	0.141	0.051	0.209	0.192
8613	92494	0.112	1.059	1.2	1.171
8613	92494	0.155	0.072	0.184	0.227
8613	92494	0.12	0.48	0.635	0.6
8613	92494	0.128	0.133	0.253	0.261
8613	92494	0.123	0.061	0.189	0.184
8613	92494	0.128	0.227	0.35	0.355
8613	92494	0.093	0.081	0.209	0.174
8613	92494	0.129	0.262	0.355	0.391
8613	92494	0.131	0.016	0.145	0.147
8613	92494	0.134	0.319	0.45	0.453
8613	92494	0.121	0.168	0.302	0.289
8613	92494	0.119	0.698	0.819	0.817
8613	92494	0.101	0.081	0.2	0.182
8613	92494	0.122	0.432	0.533	0.554
8613	92494	0.126	0.072	0.194	0.198
8613	92494	0.088	0.409	0.535	0.497
8613	92494	0.0	0.0	0.0	0.0
8613	92494	0.0	0.0	0.0	0.0
8613	92494	0.0	0.0	0.0	0.0
8613	92494	0.0	0.0	0.0	0.0
8613	92494	0.0	0.0	0.0	0.0
8613	92494	0.0	0.0	0.0	0.0
8613	92494	0.0	0.0	0.0	0.0
8613	92494	0.0	0.0	0.0	0.0
8613	92494	0.0	0.0	0.0	0.0
8613	92494	0.0	0.0	0.0	0.0
8613	92494	0.0	0.0	0.0	0.0
8613	92494	0.0	0.0	0.0	0.0
8613	92494	0.0	0.0	0.0	0.0
8613	92494	0.0	0.0	0.0	0.0
8613	92494	0.0	0.0	0.0	0.0
8613	92494	0.0	0.0	0.0	0.0
8613	92494	0.0	0.0	0.0	0.0
8613	92494	0.0	0.0	0.0	0.0
8613	92494	0.0	0.0	0.0	0.0
8613	92494	0.0	0.0	0.0	0.0
8613	92494	0.0	0.0	0.0	0.0
8613	92494	0.0	0.0	0.0	0.0
8613	92494	0.0	0.0	0.0	0.0
8613	92494	0.0	0.0	0.0	0.0
8613	92494	0.0	0.0	0.0	0.0
8613	92494	0.0	0.0	0.0	0.0
8613	92494	0.0	0.0	0.0	0.0
8613	92494	0.0	0.0	0.0	0.0
8613	92494	0.0	0.0	0.0	0.0
8613	92494	0.0	0.0	0.0	0.0
8613	92494	0.0	0.0	0.0	0.0
8613	92519	0.127	0.0	0.0	0.0
8613	92519	0.096	1.033	1.16	1.129
8613	92519	0.272	0.065	0.161	0.337
8613	92519	0.109	0.279	0.551	0.388
8613	92519	0.118	0.541	0.65	0.659
8613	92519	0.366	0.041	0.159	0.407
8613	92519	0.13	0.216	0.15	0.086
8613	92519	0.105	0.647	0.777	0.752
8613	92519	0.147	0.104	0.209	0.251
8613	92519	0.096	0.348	0.495	0.444
8613	92519	0.149	0.216	0.312	0.365
8613	92519	0.087	0.661	0.81	0.748
8613	92519	0.103	0.017	0.07	0.086
8613	92519	0.107	0.12	0.223	0.227
8613	92519	0.127	0.28	0.387	0.407
8613	92519	0.094	0.217	0.344	0.311
8613	92519	0.104	0.367	0.461	0.471
8613	92519	0.161	0.112	0.216	0.273
8613	92519	0.13	0.047	0.208	0.177
8613	92519	0.097	0.726	0.856	0.823
8613	92519	0.114	0.03	0.127	0.144
8613	92519	0.104	0.039	0.153	0.143
8613	92519	0.163	0.456	0.56	0.619
8613	92519	0.122	0.079	0.242	0.201
8613	92519	0.121	0.059	0.181	0.18
8613	92519	0.133	0.09	0.211	0.223
8613	92519	0.11	0.13	0.263	0.24
8613	92519	0.116	0.04	0.15	0.156
8613	92519	0.147	0.084	0.2	0.231
8613	92519	0.108	0.329	0.476	0.437
8613	92519	0.077	0.412	0.52	0.489
8613	92519	0.135	0.656	0.733	0.791
8613	92519	0.132	0.495	0.63	0.627
8613	92519	0.134	0.295	0.427	0.429
8613	92519	0.119	0.553	0.687	0.672
8613	92519	0.145	0.32	0.439	0.465
8613	92519	0.124	0.471	0.616	0.595
8613	92519	0.207	1.197	1.321	1.404
8613	92519	0.0	0.0	0.0	0.0
8613	92519	0.0	0.0	0.0	0.0
8613	92519	0.0	0.0	0.0	0.0
8613	92519	0.0	0.0	0.0	0.0
8613	92519	0.0	0.0	0.0	0.0
8613	92519	0.0	0.0	0.0	0.0
8613	92519	0.0	0.0	0.0	0.0
8613	92519	0.0	0.0	0.0	0.0
8613	92519	0.0	0.0	0.0	0.0
8613	92519	0.0	0.0	0.0	0.0
8613	92519	0.0	0.0	0.0	0.0
8613	92519	0.0	0.0	0.0	0.0
8613	92519	0.0	0.0	0.0	0.0
8613	92519	0.0	0.0	0.0	0.0
8613	92519	0.0	0.0	0.0	0.0
8613	92519	0.0	0.0	0.0	0.0
8613	92519	0.0	0.0	0.0	0.0
8613	92519	0.0	0.0	0.0	0.0
8613	92519	0.0	0.0	0.0	0.0
8613	92519	0.0	0.0	0.0	0.0
8613	92519	0.0	0.0	0.0	0.0
8613	92519	0.0	0.0	0.0	0.0
8613	92519	0.0	0.0	0.0	0.0
8613	92519	0.0	0.0	0.0	0.0
8613	92519	0.0	0.0	0.0	0.0
8613	92519	0.0	0.0	0.0	0.0
8613	92519	0.0	0.0	0.0	0.0
8613	92519	0.0	0.0	0.0	0.0
8613	92519	0.0	0.0	0.0	0.0
8613	92519	0.0	0.0	0.0	0.0
8613	92519	0.0	0.0	0.0	0.0
8613	92519	0.0	0.0	0.0	0.0
8613	92533	0.305	0.0	0.0	0.0
8613	92533	0.119	0.065	0.24	0.054
8613	92533	0.145	0.6	0.719	0.745
8613	92533	0.368	0.0	0.145	0.368
8613	92533	0.112	0.176	0.192	0.064
8613	92533	0.129	0.391	0.503	0.52
8613	92533	0.095	0.33	0.459	0.425
8613	92533	0.133	0.154	0.249	0.287
8613	92533	0.107	0.633	0.766	0.74
8613	92533	0.086	0.599	0.706	0.685
8613	92533	0.116	0.159	0.245	0.275
8613	92533	0.063	0.79	0.906	0.853
8613	92533	0.103	0.274	0.337	0.377
8613	92533	0.136	0.014	0.117	0.15
8613	92533	0.113	0.431	0.567	0.544
8613	92533	0.112	0.176	0.289	0.288
8613	92533	0.119	0.106	0.218	0.225
8613	92533	0.143	3.543	3.662	3.686
8613	92533	0.152	0.137	0.28	0.289
8613	92533	0.169	0.048	0.2	0.217
8613	92533	0.126	0.241	0.41	0.367
8613	92533	0.089	0.104	0.23	0.193
8613	92533	0.082	0.423	0.512	0.505
8613	92533	0.142	0.176	0.258	0.318
8613	92533	0.08	0.648	0.79	0.728
8613	92533	0.087	0.18	0.26	0.267
8613	92533	0.061	0.192	0.279	0.253
8613	92533	0.081	0.088	0.149	0.169
8613	92533	0.048	0.455	0.536	0.503
8613	92533	0.12	0.32	0.368	0.44
8613	92533	0.079	0.195	0.315	0.274
8613	92533	0.091	0.115	0.194	0.206
8613	92533	0.117	0.075	0.166	0.192
8613	92533	0.092	0.176	0.293	0.268
8613	92533	0.108	0.49	0.582	0.598
8613	92533	0.138	0.091	0.199	0.229
8613	92533	0.143	0.017	0.155	0.16
8613	92533	0.056	0.145	0.288	0.201
8613	92533	0.078	0.094	0.15	0.172
8613	92533	0.027	0.092	0.17	0.119
8613	92533	0.138	0.029	0.056	0.167
8613	92533	0.15	0.693	0.831	0.843
8613	92533	0.104	0.178	0.328	0.282
8613	92533	0.158	0.203	0.307	0.361
8613	92533	0.11	1.483	1.641	1.593
8613	92533	0.158	0.928	1.038	1.086
8613	92533	0.116	0.483	0.641	0.599
8613	92533	0.042	0.8	0.916	0.842
8613	92533	0.159	1.602	1.644	1.761
8613	92533	0.035	0.807	0.966	0.842
8613	92533	0.127	0.278	0.313	0.405
8613	92533	0.065	0.128	0.255	0.193
8613	92533	0.092	1.028	1.093	1.12
8613	92533	0.159	0.688	0.78	0.847
8613	92533	0.094	0.514	0.673	0.608
8613	92533	0.121	0.12	0.214	0.241
8613	92533	0.112	0.479	0.6	0.591
8613	92533	0.121	0.113	0.225	0.234
8613	92533	0.1	0.068	0.189	0.168
8613	92533	0.119	0.207	0.307	0.326
8613	92533	0.075	0.105	0.224	0.18
8613	92533	0.139	0.252	0.327	0.391
8613	92533	0.155	0.021	0.16	0.176
8613	92533	0.135	0.63	0.785	0.765
8613	92533	0.108	0.116	0.251	0.224
8613	92533	0.108	0.076	0.184	0.184
8613	92533	0.165	0.221	0.329	0.386
8613	92533	0.127	0.354	0.519	0.481
8613	92533	0.153	0.125	0.252	0.278
8613	92533	0.127	0.129	0.282	0.256
8613	92561	0.131	0.0	0.0	0.0
8613	92561	0.12	0.032	0.163	0.152
8613	92561	0.156	0.04	0.16	0.196
8613	92561	0.072	3.283	3.439	3.355
8613	92561	0.031	0.192	0.264	0.223
8613	92561	0.093	0.147	0.178	0.24
8613	92561	1.189	0.37	0.463	1.559
8613	92561	0.223	0.271	0.918	0.048
8613	92561	0.152	0.728	0.951	0.88
8613	92561	0.113	0.008	0.16	0.121
8613	92561	0.087	0.308	0.421	0.395
8613	92561	0.148	0.092	0.179	0.24
8613	92561	0.12	0.118	0.266	0.238
8613	92561	0.132	0.122	0.242	0.254
8613	92561	0.132	0.028	0.16	0.16
8613	92561	0.189	0.2	0.332	0.389
8613	92561	0.087	0.037	0.226	0.124
8613	92561	0.158	0.034	0.121	0.192
8613	92561	0.145	0.055	0.213	0.2
8613	92561	0.07	0.305	0.45	0.375
8613	92561	0.12	0.028	0.098	0.148
8613	92561	0.124	0.102	0.222	0.226
8613	92561	0.096	0.556	0.68	0.652
8613	92561	0.135	0.679	0.775	0.814
8613	92561	0.078	0.114	0.249	0.192
8613	92561	0.156	0.24	0.318	0.396
8613	92561	0.088	0.44	0.596	0.528
8613	92561	0.11	0.124	0.212	0.234
8613	92561	0.139	0.099	0.209	0.238
8613	92561	0.093	0.359	0.498	0.452
8613	92561	0.128	0.12	0.213	0.248
8613	92561	0.08	0.46	0.588	0.54
8613	92561	0.162	0.044	0.124	0.206
8613	92561	0.141	0.065	0.227	0.206
8613	92561	0.085	0.555	0.696	0.64
8613	92561	0.078	0.093	0.178	0.171
8613	92561	0.112	0.278	0.356	0.39
8613	92561	0.094	0.137	0.249	0.231
8613	92561	0.093	0.796	0.89	0.889
8613	92561	0.08	0.152	0.245	0.232
8613	92561	0.146	0.576	0.656	0.722
8613	92561	4.115	2.992	3.138	7.107
8613	92561	0.159	3.621	0.494	3.462
8613	92561	0.173	0.601	0.76	0.774
8613	92561	0.119	0.339	0.512	0.458
8613	92561	0.142	0.476	0.595	0.618
8613	92561	0.145	0.143	0.285	0.288
8613	92561	0.159	0.415	0.56	0.574
8613	92561	0.161	0.197	0.356	0.358
8613	92561	0.0	0.0	0.0	0.0
8613	92561	0.0	0.0	0.0	0.0
8613	92561	0.0	0.0	0.0	0.0
8613	92561	0.0	0.0	0.0	0.0
8613	92561	0.0	0.0	0.0	0.0
8613	92561	0.0	0.0	0.0	0.0
8613	92561	0.0	0.0	0.0	0.0
8613	92561	0.0	0.0	0.0	0.0
8613	92561	0.0	0.0	0.0	0.0
8613	92561	0.0	0.0	0.0	0.0
8613	92561	0.0	0.0	0.0	0.0
8613	92561	0.0	0.0	0.0	0.0
8613	92561	0.0	0.0	0.0	0.0
8613	92561	0.0	0.0	0.0	0.0
8613	92561	0.0	0.0	0.0	0.0
8613	92561	0.0	0.0	0.0	0.0
8613	92561	0.0	0.0	0.0	0.0
8613	92561	0.0	0.0	0.0	0.0
8613	92561	0.0	0.0	0.0	0.0
8613	92561	0.0	0.0	0.0	0.0
8613	92561	0.0	0.0	0.0	0.0
8613	92576	0.746	0.0	0.0	0.0
8613	92576	0.121	0.169	0.577	0.048
8613	92576	0.2	0.619	0.74	0.819
8613	92576	0.548	0.088	0.288	0.636
8613	92576	0.095	0.243	0.305	0.148
8613	92576	0.119	0.588	0.683	0.707
8613	92576	0.174	0.146	0.265	0.32
8613	92576	0.11	0.367	0.541	0.477
8613	92576	0.096	0.152	0.262	0.248
8613	92576	0.152	0.088	0.184	0.24
8613	92576	0.117	0.118	0.27	0.235
8613	92576	0.125	0.121	0.238	0.246
8613	92576	0.101	0.436	0.561	0.537
8613	92576	0.115	0.018	0.119	0.133
8613	92576	0.155	0.369	0.484	0.524
8613	92576	0.104	0.472	0.627	0.576
8613	92576	0.115	0.158	0.262	0.273
8613	92576	0.104	0.613	0.728	0.717
8613	92576	0.16	0.088	0.192	0.248
8613	92576	0.096	0.072	0.232	0.168
8613	92576	0.168	0.232	0.328	0.4
8613	92576	0.103	0.04	0.208	0.143
8613	92576	0.088	0.209	0.312	0.297
8613	92576	0.097	0.008	0.08	0.089
8613	92576	0.06	0.382	0.479	0.442
8613	92576	0.087	0.093	0.153	0.18
8613	92576	0.137	0.12	0.207	0.257
8613	92576	0.12	0.072	0.209	0.192
8613	92576	0.142	2.049	2.169	2.191
8613	92576	0.12	0.073	0.215	0.193
8613	92576	0.109	0.087	0.207	0.196
8613	92576	0.12	0.211	0.32	0.331
8613	92576	0.146	0.152	0.272	0.298
8613	92576	0.141	0.049	0.195	0.19
8613	92576	0.12	0.384	0.525	0.504
8613	92576	0.12	0.048	0.168	0.168
8613	92576	0.121	0.09	0.21	0.211
8613	92576	0.097	3.261	3.382	3.358
8613	92576	0.093	0.178	0.275	0.271
8613	92576	0.084	0.508	0.601	0.592
8613	92576	0.129	0.067	0.151	0.196
8613	92576	0.127	0.102	0.231	0.229
8613	92576	0.125	0.09	0.217	0.215
8613	92576	0.146	0.36	0.485	0.506
8613	92576	0.112	0.07	0.216	0.182
8613	92576	0.125	0.208	0.32	0.333
8613	92576	0.137	0.276	0.401	0.413
8613	92576	0.088	0.192	0.329	0.28
8613	92576	0.143	0.223	0.311	0.366
8613	92576	0.135	0.809	0.952	0.944
8613	92576	0.086	0.459	0.594	0.545
8613	92576	0.083	0.097	0.183	0.18
8613	92576	0.089	0.165	0.248	0.254
8613	92576	0.083	0.14	0.229	0.223
8613	92576	0.117	0.612	0.695	0.729
8613	92576	0.865	1.205	1.322	2.07
8613	92576	0.148	0.663	1.528	0.811
8613	92576	0.116	1.267	1.415	1.383
8613	92576	0.102	0.341	0.457	0.443
8613	92576	0.085	0.366	0.468	0.451
8613	92576	0.063	0.152	0.237	0.215
8613	92576	0.111	0.274	0.337	0.385
8613	92576	0.108	0.667	0.778	0.775
8613	92576	0.131	0.301	0.409	0.432
8613	92576	0.116	0.184	0.315	0.3
8613	92576	0.075	0.012	0.104	0.063
8613	92576	0.111	1.032	1.107	1.143
8613	92576	0.104	0.062	0.173	0.166
8613	92576	0.12	0.128	0.232	0.248
8613	92576	0.058	0.142	0.262	0.2
8613	92596	0.368	0.0	0.0	0.0
8613	92596	0.137	0.128	0.24	0.009
8613	92596	0.126	0.681	0.818	0.807
8613	92596	0.08	0.384	0.51	0.464
8613	92596	0.136	0.08	0.16	0.216
8613	92596	0.148	0.292	0.428	0.44
8613	92596	0.12	0.08	0.228	0.2
8613	92596	0.095	0.464	0.584	0.559
8613	92596	0.095	0.066	0.161	0.161
8613	92596	0.15	0.104	0.199	0.254
8613	92596	0.046	0.844	0.994	0.89
8613	92596	0.117	0.114	0.16	0.231
8613	92596	0.069	0.449	0.566	0.518
8613	92596	0.063	0.244	0.313	0.307
8613	92596	0.063	0.097	0.16	0.16
8613	92596	0.087	0.297	0.36	0.384
8613	92596	0.166	0.09	0.177	0.256
8613	92596	0.137	0.177	0.343	0.314
8613	92596	0.109	0.03	0.167	0.139
8613	92596	0.143	0.044	0.153	0.187
8613	92596	0.089	0.744	0.887	0.833
8613	92596	0.16	0.087	0.176	0.247
8613	92596	0.099	0.154	0.314	0.253
8613	92596	0.114	0.122	0.221	0.236
8613	92596	0.11	0.105	0.219	0.215
8613	92596	0.125	0.072	0.182	0.197
8613	92596	0.127	0.076	0.201	0.203
8613	92596	0.12	0.152	0.279	0.272
8613	92596	0.12	0.088	0.208	0.208
8613	92596	0.09	0.56	0.68	0.65
8613	92596	0.091	0.11	0.2	0.201
8613	92596	0.08	0.269	0.36	0.349
8613	92596	0.11	0.306	0.386	0.416
8613	92596	0.117	0.099	0.209	0.216
8613	92596	0.123	0.235	0.352	0.358
8613	92596	0.12	0.146	0.269	0.266
8613	92596	0.096	0.336	0.456	0.432
8613	92596	0.13	0.342	0.438	0.472
8613	92596	0.125	0.171	0.301	0.296
8613	92596	0.085	0.315	0.44	0.4
8613	92596	0.117	0.136	0.221	0.253
8613	92596	0.109	0.238	0.355	0.347
8613	92596	0.079	0.074	0.183	0.153
8613	92596	0.114	0.527	0.606	0.641
8613	92596	0.0	0.0	0.0	0.0
8613	92596	0.0	0.0	0.0	0.0
8613	92596	0.0	0.0	0.0	0.0
8613	92596	0.0	0.0	0.0	0.0
8613	92596	0.0	0.0	0.0	0.0
8613	92596	0.0	0.0	0.0	0.0
8613	92596	0.0	0.0	0.0	0.0
8613	92596	0.0	0.0	0.0	0.0
8613	92596	0.0	0.0	0.0	0.0
8613	92596	0.0	0.0	0.0	0.0
8613	92596	0.0	0.0	0.0	0.0
8613	92596	0.0	0.0	0.0	0.0
8613	92596	0.0	0.0	0.0	0.0
8613	92596	0.0	0.0	0.0	0.0
8613	92596	0.0	0.0	0.0	0.0
8613	92596	0.0	0.0	0.0	0.0
8613	92596	0.0	0.0	0.0	0.0
8613	92596	0.0	0.0	0.0	0.0
8613	92596	0.0	0.0	0.0	0.0
8613	92596	0.0	0.0	0.0	0.0
8613	92596	0.0	0.0	0.0	0.0
8613	92596	0.0	0.0	0.0	0.0
8613	92596	0.0	0.0	0.0	0.0
8613	92596	0.0	0.0	0.0	0.0
8613	92596	0.0	0.0	0.0	0.0
8613	92596	0.0	0.0	0.0	0.0
8613	92604	0.232	0.0	0.0	0.0
8613	92604	0.136	0.072	0.16	0.064
8613	92604	0.151	0.433	0.569	0.584
8613	92604	0.102	0.713	0.864	0.815
8613	92604	0.081	0.183	0.285	0.264
8613	92604	0.103	0.354	0.435	0.457
8613	92604	0.111	0.232	0.335	0.343
8613	92604	0.136	0.2	0.311	0.336
8613	92604	0.134	0.034	0.17	0.168
8613	92604	0.129	0.073	0.207	0.202
8613	92604	0.12	0.695	0.824	0.815
8613	92604	0.119	0.321	0.441	0.44
8613	92604	0.111	0.425	0.544	0.536
8613	92604	0.085	0.099	0.21	0.184
8613	92604	0.131	0.376	0.461	0.507
8613	92604	0.113	0.029	0.16	0.142
8613	92604	0.156	0.167	0.28	0.323
8613	92604	0.12	0.188	0.344	0.308
8613	92604	0.124	0.076	0.196	0.2
8613	92604	0.096	0.08	0.204	0.176
8613	92604	0.142	0.042	0.138	0.184
8613	92604	0.138	0.115	0.257	0.253
8613	92604	0.122	0.163	0.301	0.285
8613	92604	0.104	0.238	0.36	0.342
8613	92604	0.121	0.096	0.2	0.217
8613	92604	0.054	0.321	0.442	0.375
8613	92604	0.112	0.432	0.486	0.544
8613	92604	0.11	0.018	0.13	0.128
8613	92604	0.098	0.472	0.582	0.57
8613	92604	0.122	0.135	0.233	0.257
8613	92604	0.097	0.589	0.711	0.686
8613	92604	0.096	0.207	0.304	0.303
8613	92604	0.07	0.106	0.202	0.176
8613	92604	0.128	0.192	0.262	0.32
8613	92604	0.088	0.216	0.344	0.304
8613	92604	0.113	0.104	0.192	0.217
8613	92604	0.095	0.088	0.201	0.183
8613	92604	0.084	0.212	0.307	0.296
8613	92604	0.101	1.316	1.4	1.417
8613	92604	0.113	0.552	0.653	0.665
8613	92604	0.117	0.153	0.266	0.27
8613	92604	0.128	0.216	0.333	0.344
8613	92604	0.08	0.584	0.712	0.664
8613	92604	0.136	0.065	0.145	0.201
8613	92604	0.114	0.143	0.279	0.257
8613	92604	0.094	0.232	0.346	0.326
8613	92604	0.094	0.171	0.265	0.265
8613	92604	0.138	0.632	0.726	0.77
8613	92604	0.103	0.319	0.457	0.422
8613	92604	0.082	0.959	1.062	1.041
8613	92604	0.12	0.085	0.167	0.205
8613	92604	0.103	0.417	0.537	0.52
8613	92604	0.109	0.36	0.463	0.469
8613	92604	0.104	0.468	0.577	0.572
8613	92604	0.072	0.32	0.424	0.392
8613	92604	0.112	0.096	0.168	0.208
8613	92604	0.088	0.2	0.312	0.288
8613	92604	0.092	0.766	0.854	0.858
8613	92604	0.112	0.134	0.226	0.246
8613	92604	0.128	0.816	0.928	0.944
8613	92604	0.144	0.696	0.824	0.84
8613	92604	0.0	0.0	0.0	0.0
8613	92604	0.0	0.0	0.0	0.0
8613	92604	0.0	0.0	0.0	0.0
8613	92604	0.0	0.0	0.0	0.0
8613	92604	0.0	0.0	0.0	0.0
8613	92604	0.0	0.0	0.0	0.0
8613	92604	0.0	0.0	0.0	0.0
8613	92604	0.0	0.0	0.0	0.0
8613	92604	0.0	0.0	0.0	0.0
8613	92618	0.4	0.0	0.0	0.0
8613	92618	0.205	0.181	0.219	0.024
8613	92618	0.111	0.265	0.47	0.376
8613	92618	0.138	0.152	0.263	0.29
8613	92618	0.133	0.03	0.168	0.163
8613	92618	0.13	0.067	0.2	0.197
8613	92618	0.16	0.942	1.072	1.102
8613	92618	0.163	0.137	0.297	0.3
8613	92618	0.143	0.069	0.232	0.212
8613	92618	0.18	0.208	0.351	0.388
8613	92618	0.076	0.926	1.106	1.002
8613	92618	0.128	0.058	0.134	0.186
8613	92618	0.128	0.2	0.328	0.328
8613	92618	0.129	0.343	0.471	0.472
8613	92618	0.118	0.094	0.223	0.212
8613	92618	0.071	0.388	0.506	0.459
8613	92618	0.12	0.099	0.17	0.219
8613	92618	0.145	0.254	0.374	0.399
8613	92618	0.08	0.334	0.479	0.414
8613	92618	0.111	0.137	0.217	0.248
8613	92618	0.136	0.089	0.2	0.225
8613	92618	0.12	0.087	0.223	0.207
8613	92618	0.152	0.048	0.168	0.2
8613	92618	0.093	0.915	1.067	1.008
8613	92618	0.143	0.057	0.15	0.2
8613	92618	0.151	0.049	0.192	0.2
8613	92618	0.041	0.248	0.399	0.289
8613	92618	0.058	0.783	0.824	0.841
8613	92618	0.038	0.129	0.187	0.167
8613	92618	0.025	0.104	0.142	0.129
8613	92618	0.061	0.434	0.459	0.495
8613	92618	0.037	0.109	0.17	0.146
8613	92618	0.102	0.232	0.269	0.334
8613	92618	0.075	0.192	0.294	0.267
8613	92618	0.1	0.513	0.588	0.613
8613	92618	0.11	0.032	0.132	0.142
8613	92618	0.124	0.126	0.236	0.25
8613	92618	0.089	0.071	0.195	0.16
8613	92618	0.098	0.12	0.209	0.218
8613	92618	1.287	1.175	1.273	2.462
8613	92618	0.096	0.776	0.511	0.68
8613	92618	0.106	0.32	0.416	0.426
8613	92618	0.0	0.0	0.0	0.0
8613	92618	0.0	0.0	0.0	0.0
8613	92618	0.0	0.0	0.0	0.0
8613	92618	0.0	0.0	0.0	0.0
8613	92618	0.0	0.0	0.0	0.0
8613	92618	0.0	0.0	0.0	0.0
8613	92618	0.0	0.0	0.0	0.0
8613	92618	0.0	0.0	0.0	0.0
8613	92618	0.0	0.0	0.0	0.0
8613	92618	0.0	0.0	0.0	0.0
8613	92618	0.0	0.0	0.0	0.0
8613	92618	0.0	0.0	0.0	0.0
8613	92618	0.0	0.0	0.0	0.0
8613	92618	0.0	0.0	0.0	0.0
8613	92618	0.0	0.0	0.0	0.0
8613	92618	0.0	0.0	0.0	0.0
8613	92618	0.0	0.0	0.0	0.0
8613	92618	0.0	0.0	0.0	0.0
8613	92618	0.0	0.0	0.0	0.0
8613	92618	0.0	0.0	0.0	0.0
8613	92618	0.0	0.0	0.0	0.0
8613	92618	0.0	0.0	0.0	0.0
8613	92618	0.0	0.0	0.0	0.0
8613	92618	0.0	0.0	0.0	0.0
8613	92618	0.0	0.0	0.0	0.0
8613	92618	0.0	0.0	0.0	0.0
8613	92618	0.0	0.0	0.0	0.0
8613	92618	0.0	0.0	0.0	0.0
8613	92630	0.207	0.0	0.0	0.0
8613	92630	0.089	0.04	0.167	0.049
8613	92630	0.127	0.17	0.259	0.297
8613	92630	0.128	0.543	0.67	0.671
8613	92630	0.16	0.072	0.2	0.232
8613	92630	0.173	0.626	0.786	0.799
8613	92630	0.101	0.219	0.392	0.32
8613	92630	0.134	0.09	0.191	0.224
8613	92630	0.074	0.412	0.546	0.486
8613	92630	0.094	0.303	0.377	0.397
8613	92630	0.135	0.078	0.172	0.213
8613	92630	0.132	0.08	0.215	0.212
8613	92630	0.12	0.628	0.76	0.748
8613	92630	0.139	0.052	0.172	0.191
8613	92630	0.084	0.037	0.176	0.121
8613	92630	0.15	0.08	0.164	0.23
8613	92630	0.113	0.172	0.322	0.285
8613	92630	0.087	0.046	0.159	0.133
8613	92630	0.097	0.051	0.138	0.148
8613	92630	0.062	0.044	0.141	0.106
8613	92630	0.131	0.215	0.277	0.346
8613	92630	0.096	0.313	0.444	0.409
8613	92630	0.128	0.1	0.196	0.228
8613	92630	0.104	0.022	0.15	0.126
8613	92630	0.162	0.184	0.288	0.346
8613	92630	1.269	0.759	0.921	2.028
8613	92630	0.087	0.663	0.606	0.576
8613	92630	0.106	0.122	0.209	0.228
8613	92630	0.122	0.563	0.669	0.685
8613	92630	0.085	0.312	0.434	0.397
8613	92630	0.105	0.076	0.161	0.181
8613	92630	0.112	0.077	0.182	0.189
8613	92630	0.114	0.298	0.41	0.412
8613	92630	0.062	0.334	0.448	0.396
8613	92630	0.071	0.14	0.202	0.211
8613	92630	0.082	0.133	0.204	0.215
8613	92630	0.147	0.339	0.421	0.486
8613	92630	0.099	1.048	1.195	1.147
8613	92630	0.124	0.081	0.18	0.205
8613	92630	0.127	0.161	0.285	0.288
8613	92630	0.119	0.04	0.167	0.159
8613	92630	0.125	0.108	0.227	0.233
8613	92630	0.107	0.928	1.053	1.035
8613	92630	0.108	0.252	0.359	0.36
8613	92630	0.121	0.4	0.508	0.521
8613	92630	0.12	0.139	0.26	0.259
8613	92630	0.111	0.201	0.321	0.312
8613	92630	0.086	0.142	0.253	0.228
8613	92630	0.046	0.566	0.652	0.612
8613	92630	0.115	0.069	0.115	0.184
8613	92630	0.102	0.144	0.259	0.246
8613	92630	0.162	0.157	0.259	0.319
8613	92630	0.151	0.486	0.648	0.637
8613	92630	0.141	0.422	0.573	0.563
8613	92630	0.59	0.0	0.141	0.59
8613	92630	0.155	0.139	0.451	0.016
8613	92630	0.119	0.434	0.589	0.553
8613	92630	0.128	0.164	0.283	0.292
8613	92630	0.165	0.106	0.234	0.271
8613	92630	0.102	0.435	0.6	0.537
8613	92630	0.096	0.216	0.318	0.312
8613	92630	0.125	0.072	0.168	0.197
8613	92630	0.178	0.123	0.248	0.301
8613	92630	0.115	0.454	0.632	0.569
8613	92630	0.134	0.021	0.136	0.155
8613	92630	0.14	0.046	0.18	0.186
8613	92630	0.072	0.432	0.572	0.504
8613	92630	0.104	0.169	0.241	0.273
8613	92630	0.115	0.416	0.52	0.531
8613	92630	0.152	0.04	0.155	0.192
8613	92648	0.167	0.0	0.0	0.0
8613	92648	0.136	0.042	0.125	0.094
8613	92648	0.139	0.159	0.295	0.298
8613	92648	0.129	0.111	0.25	0.24
8613	92648	0.331	0.88	1.009	1.211
8613	92648	0.149	0.12	0.211	0.029
8613	92648	0.097	0.244	0.393	0.341
8613	92648	0.113	0.104	0.201	0.217
8613	92648	0.12	0.442	0.555	0.562
8613	92648	0.148	0.114	0.234	0.262
8613	92648	0.144	0.109	0.257	0.253
8613	92648	0.051	0.115	0.029	0.064
8613	92648	0.12	1.0	1.051	1.12
8613	92648	0.162	0.768	0.888	0.93
8613	92648	0.094	0.616	0.778	0.71
8613	92648	0.09	0.05	0.144	0.14
8613	92648	0.085	0.043	0.133	0.128
8613	92648	0.109	0.052	0.137	0.161
8613	92648	0.138	0.702	0.811	0.84
8613	92648	0.13	0.001	0.139	0.131
8613	92648	0.162	0.147	0.277	0.309
8613	92648	0.126	0.713	0.875	0.839
8613	92648	0.177	0.124	0.25	0.301
8613	92648	0.083	0.742	0.919	0.825
8613	92648	0.12	0.048	0.131	0.168
8613	92648	0.118	0.063	0.183	0.181
8613	92648	0.123	0.371	0.489	0.494
8613	92648	0.14	0.294	0.417	0.434
8613	92648	0.12	0.121	0.261	0.241
8613	92648	0.165	0.193	0.313	0.358
8613	92648	0.16	0.484	0.649	0.644
8613	92648	0.16	0.136	0.296	0.296
8613	92648	0.156	0.066	0.226	0.222
8613	92648	0.129	0.37	0.526	0.499
8613	92648	0.154	0.581	0.71	0.735
8613	92648	0.087	0.008	0.162	0.095
8613	92648	0.121	0.119	0.206	0.24
8613	92648	0.095	0.574	0.695	0.669
8613	92648	0.109	0.485	0.58	0.594
8613	92648	0.095	0.642	0.751	0.737
8613	92648	0.127	0.113	0.208	0.24
8613	92648	0.148	0.161	0.288	0.309
8613	92648	0.104	0.26	0.408	0.364
8613	92648	0.109	0.198	0.302	0.307
8613	92648	0.125	0.29	0.399	0.415
8613	92648	0.132	0.113	0.238	0.245
8613	92648	0.079	0.049	0.181	0.128
8613	92648	0.117	0.144	0.223	0.261
8613	92648	0.148	0.604	0.721	0.752
8613	92648	0.139	0.128	0.276	0.267
8613	92648	0.084	0.222	0.361	0.306
8613	92648	0.119	0.518	0.602	0.637
8613	92648	0.0	0.0	0.0	0.0
8613	92648	0.0	0.0	0.0	0.0
8613	92648	0.0	0.0	0.0	0.0
8613	92648	0.0	0.0	0.0	0.0
8613	92648	0.0	0.0	0.0	0.0
8613	92648	0.0	0.0	0.0	0.0
8613	92648	0.0	0.0	0.0	0.0
8613	92648	0.0	0.0	0.0	0.0
8613	92648	0.0	0.0	0.0	0.0
8613	92648	0.0	0.0	0.0	0.0
8613	92648	0.0	0.0	0.0	0.0
8613	92648	0.0	0.0	0.0	0.0
8613	92648	0.0	0.0	0.0	0.0
8613	92648	0.0	0.0	0.0	0.0
8613	92648	0.0	0.0	0.0	0.0
8613	92648	0.0	0.0	0.0	0.0
8613	92648	0.0	0.0	0.0	0.0
8613	92648	0.0	0.0	0.0	0.0
8613	92667	0.28	0.0	0.0	0.0
8613	92667	0.159	0.05	0.23	0.109
8613	92667	0.134	0.268	0.427	0.402
8613	92667	0.08	0.042	0.176	0.122
8613	92667	0.081	0.264	0.344	0.345
8613	92667	0.086	0.072	0.153	0.158
8613	92667	0.144	0.314	0.4	0.458
8613	92667	0.174	0.106	0.25	0.28
8613	92667	0.166	0.149	0.323	0.315
8613	92667	0.12	0.122	0.288	0.242
8613	92667	0.144	0.346	0.466	0.49
8613	92667	0.121	0.07	0.214	0.191
8613	92667	0.123	0.159	0.28	0.282
8613	92667	0.144	0.56	0.683	0.704
8613	92667	0.119	0.264	0.408	0.383
8613	92667	0.141	0.049	0.168	0.19
8613	92667	0.118	0.522	0.663	0.64
8613	92667	0.111	0.29	0.408	0.401
8613	92667	0.094	0.409	0.52	0.503
8613	92667	0.115	0.066	0.16	0.181
8613	92667	0.119	0.166	0.281	0.285
8613	92667	0.16	0.119	0.238	0.279
8613	92667	0.168	0.395	0.555	0.563
8613	92667	0.119	0.07	0.238	0.189
8613	92667	0.161	0.36	0.479	0.521
8613	92667	0.089	0.038	0.199	0.127
8613	92667	0.141	0.17	0.259	0.311
8613	92667	0.121	0.84	0.981	0.961
8613	92667	0.113	0.074	0.195	0.187
8613	92667	0.128	0.093	0.206	0.221
8613	92667	0.106	0.233	0.361	0.339
8613	92667	0.117	0.101	0.207	0.218
8613	92667	0.101	0.182	0.299	0.283
8613	92667	0.12	0.111	0.212	0.231
8613	92667	0.089	0.297	0.417	0.386
8613	92667	0.12	0.135	0.224	0.255
8613	92667	0.115	0.081	0.201	0.196
8613	92667	0.119	0.044	0.159	0.163
8613	92667	0.1	0.097	0.216	0.197
8613	92667	0.102	0.32	0.42	0.422
8613	92667	0.1	0.042	0.144	0.142
8613	92667	0.125	0.075	0.175	0.2
8613	92667	0.128	0.128	0.253	0.256
8613	92667	0.12	0.112	0.24	0.232
8613	92667	0.133	0.099	0.219	0.232
8613	92667	0.119	0.441	0.574	0.56
8613	92667	0.177	0.079	0.198	0.256
8613	92667	0.115	0.104	0.281	0.219
8613	92667	0.112	0.261	0.376	0.373
8613	92667	0.135	0.017	0.129	0.152
8613	92667	0.131	0.104	0.239	0.235
8613	92667	0.113	0.685	0.816	0.798
8613	92667	0.161	0.08	0.193	0.241
8613	92667	0.084	0.042	0.203	0.126
8613	92667	0.118	0.11	0.194	0.228
8613	92667	0.138	0.06	0.178	0.198
8613	92667	0.084	0.89	1.028	0.974
8613	92667	0.077	0.28	0.364	0.357
8613	92667	0.1	0.131	0.208	0.231
8613	92667	0.12	0.38	0.48	0.5
8613	92667	0.128	0.112	0.232	0.24
8613	92667	0.119	0.474	0.602	0.593
8613	92667	0.109	0.04	0.159	0.149
8613	92667	0.15	0.069	0.178	0.219
8613	92667	0.112	0.32	0.47	0.432
8613	92667	0.15	0.287	0.399	0.437
8613	92667	0.112	0.09	0.24	0.202
8613	92667	0.121	0.217	0.329	0.338
8613	92667	0.123	0.187	0.308	0.31
8613	92667	0.139	0.55	0.673	0.689
8613	92685	0.319	0.0	0.0	0.0
8613	92685	0.099	0.068	0.251	0.031
8613	92685	0.099	0.322	0.421	0.421
8613	92685	0.08	0.369	0.468	0.449
8613	92685	0.119	0.104	0.184	0.223
8613	92685	0.14	0.056	0.175	0.196
8613	92685	0.133	0.127	0.267	0.26
8613	92685	0.11	0.162	0.295	0.272
8613	92685	0.129	0.111	0.221	0.24
8613	92685	0.094	0.86	0.989	0.954
8613	92685	0.175	0.054	0.148	0.229
8613	92685	0.058	0.087	0.262	0.145
8613	92685	0.063	0.889	0.947	0.952
8613	92685	0.12	0.473	0.536	0.593
8613	92685	0.066	0.403	0.523	0.469
8613	92685	0.103	0.243	0.309	0.346
8613	92685	0.117	0.102	0.205	0.219
8613	92685	0.098	0.533	0.65	0.631
8613	92685	0.116	0.096	0.194	0.212
8613	92685	0.083	0.243	0.359	0.326
8613	92685	0.034	0.284	0.367	0.318
8613	92685	0.071	0.106	0.14	0.177
8613	92685	0.139	0.168	0.239	0.307
8613	92685	0.146	0.238	0.377	0.384
8613	92685	0.12	0.156	0.302	0.276
8613	92685	0.095	0.566	0.686	0.661
8613	92685	0.117	0.118	0.213	0.235
8613	92685	0.073	0.15	0.267	0.223
8613	92685	0.096	0.672	0.745	0.768
8613	92685	0.091	0.295	0.391	0.386
8613	92685	0.108	0.665	0.756	0.773
8613	92685	0.082	0.454	0.562	0.536
8613	92685	0.088	0.131	0.213	0.219
8613	92685	0.127	0.134	0.222	0.261
8613	92685	0.113	0.256	0.383	0.369
8613	92685	0.103	0.288	0.401	0.391
8613	92685	0.073	0.866	0.969	0.939
8613	92685	0.114	0.458	0.531	0.572
8613	92685	0.154	0.249	0.363	0.403
8613	92685	0.12	0.23	0.384	0.35
8613	92685	0.112	0.275	0.395	0.387
8613	92685	0.1	0.089	0.201	0.189
8613	92685	0.134	0.12	0.22	0.254
8613	92685	0.162	0.087	0.221	0.249
8613	92685	0.135	0.161	0.323	0.296
8613	92685	0.146	0.192	0.327	0.338
8613	92685	0.127	0.095	0.241	0.222
8613	92685	0.136	0.21	0.337	0.346
8613	92685	0.151	0.08	0.216	0.231
8613	92685	0.15	0.394	0.545	0.544
8613	92685	0.15	0.049	0.199	0.199
8613	92685	0.121	0.208	0.358	0.329
8613	92685	0.153	0.175	0.296	0.328
8613	92685	0.119	0.168	0.321	0.287
8613	92685	0.098	0.376	0.495	0.474
8613	92685	0.141	0.081	0.179	0.222
8613	92685	0.068	0.572	0.713	0.64
8613	92685	0.113	0.378	0.446	0.491
8613	92685	0.09	0.102	0.215	0.192
8613	92685	0.12	0.269	0.359	0.389
8613	92685	0.136	0.099	0.219	0.235
8613	92685	0.134	0.032	0.168	0.166
8613	92685	0.088	0.127	0.261	0.215
8613	92685	0.158	0.308	0.396	0.466
8613	92685	0.097	0.159	0.317	0.256
8613	92685	0.111	0.104	0.201	0.215
8613	92685	0.137	0.077	0.188	0.214
8613	92685	0.103	0.077	0.214	0.18
8613	92685	0.104	0.26	0.363	0.364
8613	92685	0.168	0.268	0.372	0.436
8613	92816	0.271	0.0	0.0	0.0
8613	92816	0.138	0.08	0.191	0.058
8613	92816	0.081	0.94	1.078	1.021
8613	92816	0.355	0.121	0.202	0.476
8613	92816	0.16	0.156	0.199	0.004
8613	92816	0.174	2.344	2.504	2.518
8613	92816	0.127	0.595	0.769	0.722
8613	92816	0.137	0.08	0.207	0.217
8613	92816	0.115	0.343	0.48	0.458
8613	92816	0.114	0.91	1.025	1.024
8613	92816	0.125	0.073	0.187	0.198
8613	92816	0.144	0.304	0.429	0.448
8613	92816	0.113	0.0	0.144	0.113
8613	92816	0.1	0.08	0.193	0.18
8613	92816	0.098	0.275	0.375	0.373
8613	92816	0.105	0.054	0.152	0.159
8613	92816	0.112	0.015	0.12	0.127
8613	92816	0.04	0.104	0.216	0.144
8613	92816	0.092	0.425	0.465	0.517
8613	92816	0.135	0.244	0.336	0.379
8613	92816	0.126	0.377	0.512	0.503
8613	92816	0.117	0.228	0.354	0.345
8613	92816	0.096	0.353	0.47	0.449
8613	92816	0.091	0.073	0.169	0.164
8613	92816	0.079	0.084	0.175	0.163
8613	92816	0.11	0.617	0.696	0.727
8613	92816	0.107	0.073	0.183	0.18
8613	92816	0.13	0.133	0.24	0.263
8613	92816	0.105	0.07	0.2	0.175
8613	92816	0.077	0.095	0.2	0.172
8613	92816	0.089	0.307	0.384	0.396
8613	92816	0.103	0.096	0.185	0.199
8613	92816	0.131	0.185	0.288	0.316
8613	92816	0.091	0.036	0.167	0.127
8613	92816	0.141	0.504	0.595	0.645
8613	92816	0.0	0.0	0.0	0.0
8613	92816	0.0	0.0	0.0	0.0
8613	92816	0.0	0.0	0.0	0.0
8613	92816	0.0	0.0	0.0	0.0
8613	92816	0.0	0.0	0.0	0.0
8613	92816	0.0	0.0	0.0	0.0
8613	92816	0.0	0.0	0.0	0.0
8613	92816	0.0	0.0	0.0	0.0
8613	92816	0.0	0.0	0.0	0.0
8613	92816	0.0	0.0	0.0	0.0
8613	92816	0.0	0.0	0.0	0.0
8613	92816	0.0	0.0	0.0	0.0
8613	92816	0.0	0.0	0.0	0.0
8613	92816	0.0	0.0	0.0	0.0
8613	92816	0.0	0.0	0.0	0.0
8613	92816	0.0	0.0	0.0	0.0
8613	92816	0.0	0.0	0.0	0.0
8613	92816	0.0	0.0	0.0	0.0
8613	92816	0.0	0.0	0.0	0.0
8613	92816	0.0	0.0	0.0	0.0
8613	92816	0.0	0.0	0.0	0.0
8613	92816	0.0	0.0	0.0	0.0
8613	92816	0.0	0.0	0.0	0.0
8613	92816	0.0	0.0	0.0	0.0
8613	92816	0.0	0.0	0.0	0.0
8613	92816	0.0	0.0	0.0	0.0
8613	92816	0.0	0.0	0.0	0.0
8613	92816	0.0	0.0	0.0	0.0
8613	92816	0.0	0.0	0.0	0.0
8613	92816	0.0	0.0	0.0	0.0
8613	92816	0.0	0.0	0.0	0.0
8613	92816	0.0	0.0	0.0	0.0
8613	92816	0.0	0.0	0.0	0.0
8613	92816	0.0	0.0	0.0	0.0
8613	92816	0.0	0.0	0.0	0.0
8613	92828	0.223	0.0	0.0	0.0
8613	92828	0.137	0.049	0.174	0.088
8613	92828	0.095	0.442	0.579	0.537
8613	92828	0.136	0.159	0.254	0.295
8613	92828	0.121	0.064	0.2	0.185
8613	92828	0.086	0.2	0.321	0.286
8613	92828	0.101	0.112	0.198	0.213
8613	92828	0.12	0.1	0.201	0.22
8613	92828	0.102	0.665	0.785	0.767
8613	92828	0.128	0.049	0.151	0.177
8613	92828	0.141	0.415	0.543	0.556
8613	92828	0.08	0.284	0.425	0.364
8613	92828	0.096	0.119	0.199	0.215
8613	92828	0.081	0.505	0.601	0.586
8613	92828	0.129	0.28	0.361	0.409
8613	92828	0.087	0.102	0.231	0.189
8613	92828	0.076	0.053	0.14	0.129
8613	92828	0.096	0.048	0.124	0.144
8613	92828	0.128	0.271	0.367	0.399
8613	92828	0.088	0.104	0.232	0.192
8613	92828	0.092	0.268	0.356	0.36
8613	92828	0.12	0.066	0.158	0.186
8613	92828	0.108	0.074	0.194	0.182
8613	92828	0.112	0.481	0.589	0.593
8613	92828	0.111	0.517	0.629	0.628
8613	92828	0.082	0.125	0.236	0.207
8613	92828	0.434	0.19	0.272	0.624
8613	92828	0.128	0.139	0.295	0.011
8613	92828	0.133	0.539	0.667	0.672
8613	92828	0.009	0.338	0.471	0.347
8613	92828	0.131	0.432	0.441	0.563
8613	92828	0.123	0.082	0.213	0.205
8613	92828	0.098	0.045	0.168	0.143
8613	92828	0.14	0.85	0.948	0.99
8613	92828	0.0	0.0	0.0	0.0
8613	92828	0.0	0.0	0.0	0.0
8613	92828	0.0	0.0	0.0	0.0
8613	92828	0.0	0.0	0.0	0.0
8613	92828	0.0	0.0	0.0	0.0
8613	92828	0.0	0.0	0.0	0.0
8613	92828	0.0	0.0	0.0	0.0
8613	92828	0.0	0.0	0.0	0.0
8613	92828	0.0	0.0	0.0	0.0
8613	92828	0.0	0.0	0.0	0.0
8613	92828	0.0	0.0	0.0	0.0
8613	92828	0.0	0.0	0.0	0.0
8613	92828	0.0	0.0	0.0	0.0
8613	92828	0.0	0.0	0.0	0.0
8613	92828	0.0	0.0	0.0	0.0
8613	92828	0.0	0.0	0.0	0.0
8613	92828	0.0	0.0	0.0	0.0
8613	92828	0.0	0.0	0.0	0.0
8613	92828	0.0	0.0	0.0	0.0
8613	92828	0.0	0.0	0.0	0.0
8613	92828	0.0	0.0	0.0	0.0
8613	92828	0.0	0.0	0.0	0.0
8613	92828	0.0	0.0	0.0	0.0
8613	92828	0.0	0.0	0.0	0.0
8613	92828	0.0	0.0	0.0	0.0
8613	92828	0.0	0.0	0.0	0.0
8613	92828	0.0	0.0	0.0	0.0
8613	92828	0.0	0.0	0.0	0.0
8613	92828	0.0	0.0	0.0	0.0
8613	92828	0.0	0.0	0.0	0.0
8613	92828	0.0	0.0	0.0	0.0
8613	92828	0.0	0.0	0.0	0.0
8613	92828	0.0	0.0	0.0	0.0
8613	92828	0.0	0.0	0.0	0.0
8613	92828	0.0	0.0	0.0	0.0
8613	92828	0.0	0.0	0.0	0.0
