PARTICIPANT_ID	TEST_SECTION_ID	HOLD_LATENCY	INTERKEY_LATENCY	PRESS_LATENCY	RELEASE_LATENCY
8817	94979	0.011	0.0	0.0	0.0
8817	94979	0.217	0.086	0.097	0.303
8817	94979	0.107	1.218	1.435	1.325
8817	94979	0.146	0.081	0.188	0.227
8817	94979	0.107	0.051	0.197	0.158
8817	94979	0.691	0.479	0.586	1.17
8817	94979	0.12	0.113	0.578	0.007
8817	94979	0.185	0.221	0.341	0.406
8817	94979	0.141	0.134	0.319	0.275
8817	94979	0.144	0.094	0.235	0.238
8817	94979	0.144	0.322	0.466	0.466
8817	94979	0.142	0.078	0.222	0.22
8817	94979	0.109	0.015	0.157	0.124
8817	94979	0.144	0.568	0.677	0.712
8817	94979	0.11	0.261	0.405	0.371
8817	94979	0.143	0.156	0.266	0.299
8817	94979	0.143	0.095	0.238	0.238
8817	94979	0.109	0.049	0.192	0.158
8817	94979	0.184	0.625	0.734	0.809
8817	94979	0.133	0.006	0.19	0.139
8817	94979	0.216	0.134	0.267	0.35
8817	94979	0.109	0.015	0.231	0.124
8817	94979	0.11	0.301	0.41	0.411
8817	94979	0.144	0.378	0.488	0.522
8817	94979	0.108	0.017	0.161	0.125
8817	94979	0.142	0.105	0.213	0.247
8817	94979	0.11	0.13	0.272	0.24
8817	94979	0.142	0.652	0.762	0.794
8817	94979	0.178	0.154	0.296	0.332
8817	94979	0.15	0.109	0.069	0.041
8817	94979	0.112	0.139	0.289	0.251
8817	94979	0.104	0.16	0.272	0.264
8817	94979	0.209	0.16	0.264	0.369
8817	94979	0.094	0.01	0.219	0.104
8817	94979	0.111	0.136	0.23	0.247
8817	94979	0.188	0.929	1.04	1.117
8817	94979	0.11	0.042	0.146	0.068
8817	94979	0.106	0.633	0.743	0.739
8817	94979	0.0	0.0	0.0	0.0
8817	94979	0.0	0.0	0.0	0.0
8817	94979	0.0	0.0	0.0	0.0
8817	94979	0.0	0.0	0.0	0.0
8817	94979	0.0	0.0	0.0	0.0
8817	94979	0.0	0.0	0.0	0.0
8817	94979	0.0	0.0	0.0	0.0
8817	94979	0.0	0.0	0.0	0.0
8817	94979	0.0	0.0	0.0	0.0
8817	94979	0.0	0.0	0.0	0.0
8817	94979	0.0	0.0	0.0	0.0
8817	94979	0.0	0.0	0.0	0.0
8817	94979	0.0	0.0	0.0	0.0
8817	94979	0.0	0.0	0.0	0.0
8817	94979	0.0	0.0	0.0	0.0
8817	94979	0.0	0.0	0.0	0.0
8817	94979	0.0	0.0	0.0	0.0
8817	94979	0.0	0.0	0.0	0.0
8817	94979	0.0	0.0	0.0	0.0
8817	94979	0.0	0.0	0.0	0.0
8817	94979	0.0	0.0	0.0	0.0
8817	94979	0.0	0.0	0.0	0.0
8817	94979	0.0	0.0	0.0	0.0
8817	94979	0.0	0.0	0.0	0.0
8817	94979	0.0	0.0	0.0	0.0
8817	94979	0.0	0.0	0.0	0.0
8817	94979	0.0	0.0	0.0	0.0
8817	94979	0.0	0.0	0.0	0.0
8817	94979	0.0	0.0	0.0	0.0
8817	94979	0.0	0.0	0.0	0.0
8817	94979	0.0	0.0	0.0	0.0
8817	94979	0.0	0.0	0.0	0.0
8817	95049	0.435	0.0	0.0	0.0
8817	95049	0.189	0.181	0.254	0.008
8817	95049	0.145	0.329	0.518	0.474
8817	95049	0.145	0.111	0.256	0.256
8817	95049	0.146	0.604	0.749	0.75
8817	95049	0.11	0.137	0.283	0.247
8817	95049	0.11	0.144	0.254	0.254
8817	95049	0.182	0.117	0.227	0.299
8817	95049	0.107	0.084	0.266	0.191
8817	95049	0.11	0.534	0.641	0.644
8817	95049	0.182	0.256	0.366	0.438
8817	95049	0.183	0.014	0.196	0.197
8817	95049	0.141	0.42	0.603	0.561
8817	95049	0.108	0.304	0.445	0.412
8817	95049	0.179	0.112	0.22	0.291
8817	95049	0.181	0.315	0.494	0.496
8817	95049	0.111	1.057	1.238	1.168
8817	95049	0.141	0.54	0.651	0.681
8817	95049	0.145	0.244	0.385	0.389
8817	95049	0.108	0.418	0.563	0.526
8817	95049	0.183	0.372	0.48	0.555
8817	95049	0.172	0.005	0.188	0.177
8817	95049	0.179	0.355	0.527	0.534
8817	95049	0.109	0.054	0.233	0.163
8817	95049	0.109	0.927	1.036	1.036
8817	95049	0.146	0.292	0.401	0.438
8817	95049	0.141	0.004	0.15	0.145
8817	95049	0.143	0.04	0.101	0.103
8817	95049	0.146	0.026	0.169	0.172
8817	95049	0.108	0.151	0.297	0.259
8817	95049	0.178	0.406	0.514	0.584
8817	95049	0.146	0.018	0.196	0.164
8817	95049	0.143	0.397	0.543	0.54
8817	95049	0.144	0.005	0.148	0.149
8817	95049	0.142	1.188	1.332	1.33
8817	95049	0.141	0.758	0.9	0.899
8817	95049	0.144	0.025	0.166	0.169
8817	95049	0.144	0.029	0.173	0.173
8817	95049	0.143	0.052	0.196	0.195
8817	95049	0.11	0.101	0.244	0.211
8817	95049	0.145	0.755	0.865	0.9
8817	95049	0.107	0.16	0.305	0.267
8817	95049	0.108	0.26	0.367	0.368
8817	95049	0.143	0.079	0.187	0.222
8817	95049	0.106	0.182	0.325	0.288
8817	95049	0.145	0.09	0.196	0.235
8817	95049	0.325	0.345	0.49	0.67
8817	95049	0.109	0.039	0.286	0.07
8817	95049	0.0	0.0	0.0	0.0
8817	95049	0.0	0.0	0.0	0.0
8817	95049	0.0	0.0	0.0	0.0
8817	95049	0.0	0.0	0.0	0.0
8817	95049	0.0	0.0	0.0	0.0
8817	95049	0.0	0.0	0.0	0.0
8817	95049	0.0	0.0	0.0	0.0
8817	95049	0.0	0.0	0.0	0.0
8817	95049	0.0	0.0	0.0	0.0
8817	95049	0.0	0.0	0.0	0.0
8817	95049	0.0	0.0	0.0	0.0
8817	95049	0.0	0.0	0.0	0.0
8817	95049	0.0	0.0	0.0	0.0
8817	95049	0.0	0.0	0.0	0.0
8817	95049	0.0	0.0	0.0	0.0
8817	95049	0.0	0.0	0.0	0.0
8817	95049	0.0	0.0	0.0	0.0
8817	95049	0.0	0.0	0.0	0.0
8817	95049	0.0	0.0	0.0	0.0
8817	95049	0.0	0.0	0.0	0.0
8817	95049	0.0	0.0	0.0	0.0
8817	95049	0.0	0.0	0.0	0.0
8817	95062	0.293	0.0	0.0	0.0
8817	95062	0.144	0.078	0.215	0.066
8817	95062	0.178	0.054	0.198	0.232
8817	95062	0.145	0.77	0.948	0.915
8817	95062	0.109	0.499	0.644	0.608
8817	95062	0.109	0.768	0.877	0.877
8817	95062	0.108	0.102	0.211	0.21
8817	95062	0.106	0.511	0.619	0.617
8817	95062	0.106	0.264	0.37	0.37
8817	95062	1.157	0.306	0.412	1.463
8817	95062	0.071	0.615	0.542	0.544
8817	95062	0.109	0.505	0.576	0.614
8817	95062	0.144	0.757	0.866	0.901
8817	95062	0.106	0.109	0.253	0.215
8817	95062	0.145	0.176	0.282	0.321
8817	95062	0.141	0.125	0.27	0.266
8817	95062	0.147	0.103	0.244	0.25
8817	95062	0.109	0.08	0.227	0.189
8817	95062	0.179	1.033	1.142	1.212
8817	95062	0.14	0.125	0.304	0.265
8817	95062	0.182	0.045	0.185	0.227
8817	95062	0.106	0.071	0.111	0.035
8817	95062	0.151	0.344	0.45	0.495
8817	95062	0.22	0.057	0.208	0.277
8817	95062	0.11	0.154	0.374	0.264
8817	95062	0.107	0.506	0.616	0.613
8817	95062	0.144	0.396	0.503	0.54
8817	95062	0.109	0.123	0.267	0.232
8817	95062	0.11	0.457	0.566	0.567
8817	95062	0.144	0.076	0.186	0.22
8817	95062	0.14	0.005	0.149	0.145
8817	95062	0.435	0.773	0.913	1.208
8817	95062	0.065	0.004	0.439	0.069
8817	95062	0.0	0.0	0.0	0.0
8817	95062	0.0	0.0	0.0	0.0
8817	95062	0.0	0.0	0.0	0.0
8817	95062	0.0	0.0	0.0	0.0
8817	95062	0.0	0.0	0.0	0.0
8817	95062	0.0	0.0	0.0	0.0
8817	95062	0.0	0.0	0.0	0.0
8817	95062	0.0	0.0	0.0	0.0
8817	95062	0.0	0.0	0.0	0.0
8817	95062	0.0	0.0	0.0	0.0
8817	95062	0.0	0.0	0.0	0.0
8817	95062	0.0	0.0	0.0	0.0
8817	95062	0.0	0.0	0.0	0.0
8817	95062	0.0	0.0	0.0	0.0
8817	95062	0.0	0.0	0.0	0.0
8817	95062	0.0	0.0	0.0	0.0
8817	95062	0.0	0.0	0.0	0.0
8817	95062	0.0	0.0	0.0	0.0
8817	95062	0.0	0.0	0.0	0.0
8817	95062	0.0	0.0	0.0	0.0
8817	95062	0.0	0.0	0.0	0.0
8817	95062	0.0	0.0	0.0	0.0
8817	95062	0.0	0.0	0.0	0.0
8817	95062	0.0	0.0	0.0	0.0
8817	95062	0.0	0.0	0.0	0.0
8817	95062	0.0	0.0	0.0	0.0
8817	95062	0.0	0.0	0.0	0.0
8817	95062	0.0	0.0	0.0	0.0
8817	95062	0.0	0.0	0.0	0.0
8817	95062	0.0	0.0	0.0	0.0
8817	95062	0.0	0.0	0.0	0.0
8817	95062	0.0	0.0	0.0	0.0
8817	95062	0.0	0.0	0.0	0.0
8817	95062	0.0	0.0	0.0	0.0
8817	95062	0.0	0.0	0.0	0.0
8817	95062	0.0	0.0	0.0	0.0
8817	95062	0.0	0.0	0.0	0.0
8817	95079	0.474	0.0	0.0	0.0
8817	95079	0.147	0.182	0.292	0.035
8817	95079	0.141	0.123	0.27	0.264
8817	95079	0.107	0.675	0.816	0.782
8817	95079	0.109	0.143	0.25	0.252
8817	95079	0.145	0.522	0.631	0.667
8817	95079	0.072	0.571	0.716	0.643
8817	95079	0.11	1.183	1.255	1.293
8817	95079	0.109	0.072	0.182	0.181
8817	95079	0.074	0.649	0.758	0.723
8817	95079	0.076	0.208	0.282	0.284
8817	95079	0.11	0.225	0.301	0.335
8817	95079	0.142	0.084	0.194	0.226
8817	95079	0.11	0.123	0.265	0.233
8817	95079	0.178	0.176	0.286	0.354
8817	95079	0.183	0.02	0.198	0.203
8817	95079	0.18	0.067	0.25	0.247
8817	95079	0.111	0.078	0.258	0.189
8817	95079	0.144	0.141	0.252	0.285
8817	95079	0.181	0.088	0.232	0.269
8817	95079	0.102	0.005	0.186	0.107
8817	95079	0.144	0.047	0.149	0.191
8817	95079	0.106	0.037	0.181	0.143
8817	95079	0.145	0.947	1.053	1.092
8817	95079	0.103	0.005	0.15	0.108
8817	95079	0.142	0.072	0.175	0.214
8817	95079	0.147	0.039	0.181	0.186
8817	95079	0.112	0.04	0.187	0.152
8817	95079	0.141	0.528	0.64	0.669
8817	95079	0.113	0.08	0.221	0.193
8817	95079	0.109	0.081	0.194	0.19
8817	95079	0.362	0.846	0.955	1.208
8817	95079	0.181	0.11	0.252	0.071
8817	95079	0.139	0.006	0.187	0.145
8817	95079	0.145	0.026	0.165	0.171
8817	95079	0.107	0.484	0.629	0.591
8817	95079	0.111	0.069	0.176	0.18
8817	95079	0.109	0.088	0.199	0.197
8817	95079	0.362	0.639	0.748	1.001
8817	95079	0.117	0.11	0.252	0.007
8817	95079	0.0	0.0	0.0	0.0
8817	95079	0.0	0.0	0.0	0.0
8817	95079	0.0	0.0	0.0	0.0
8817	95079	0.0	0.0	0.0	0.0
8817	95079	0.0	0.0	0.0	0.0
8817	95079	0.0	0.0	0.0	0.0
8817	95079	0.0	0.0	0.0	0.0
8817	95079	0.0	0.0	0.0	0.0
8817	95079	0.0	0.0	0.0	0.0
8817	95079	0.0	0.0	0.0	0.0
8817	95079	0.0	0.0	0.0	0.0
8817	95079	0.0	0.0	0.0	0.0
8817	95079	0.0	0.0	0.0	0.0
8817	95079	0.0	0.0	0.0	0.0
8817	95079	0.0	0.0	0.0	0.0
8817	95079	0.0	0.0	0.0	0.0
8817	95079	0.0	0.0	0.0	0.0
8817	95079	0.0	0.0	0.0	0.0
8817	95079	0.0	0.0	0.0	0.0
8817	95079	0.0	0.0	0.0	0.0
8817	95079	0.0	0.0	0.0	0.0
8817	95079	0.0	0.0	0.0	0.0
8817	95079	0.0	0.0	0.0	0.0
8817	95079	0.0	0.0	0.0	0.0
8817	95079	0.0	0.0	0.0	0.0
8817	95079	0.0	0.0	0.0	0.0
8817	95079	0.0	0.0	0.0	0.0
8817	95079	0.0	0.0	0.0	0.0
8817	95079	0.0	0.0	0.0	0.0
8817	95079	0.0	0.0	0.0	0.0
8817	95094	0.402	0.0	0.0	0.0
8817	95094	0.181	0.078	0.324	0.103
8817	95094	0.142	0.022	0.203	0.164
8817	95094	0.11	0.059	0.201	0.169
8817	95094	0.145	0.305	0.415	0.45
8817	95094	0.108	0.085	0.23	0.193
8817	95094	0.11	0.115	0.223	0.225
8817	95094	0.11	0.044	0.154	0.154
8817	95094	0.111	0.134	0.244	0.245
8817	95094	0.18	0.107	0.218	0.287
8817	95094	0.142	0.05	0.23	0.192
8817	95094	0.215	0.346	0.488	0.561
8817	95094	0.144	0.022	0.237	0.166
8817	95094	0.107	0.096	0.24	0.203
8817	95094	0.144	0.579	0.686	0.723
8817	95094	0.107	0.071	0.215	0.178
8817	95094	0.11	0.14	0.247	0.25
8817	95094	0.112	1.103	1.213	1.215
8817	95094	0.108	0.148	0.26	0.256
8817	95094	0.147	0.088	0.196	0.235
8817	95094	0.108	0.263	0.41	0.371
8817	95094	0.145	0.096	0.204	0.241
8817	95094	0.109	0.166	0.311	0.275
8817	95094	0.182	0.099	0.208	0.281
8817	95094	0.143	0.038	0.144	0.105
8817	95094	0.146	0.023	0.166	0.169
8817	95094	0.107	0.039	0.185	0.146
8817	95094	0.144	0.587	0.694	0.731
8817	95094	0.112	0.072	0.216	0.184
8817	95094	0.11	0.07	0.182	0.18
8817	95094	0.144	0.291	0.401	0.435
8817	95094	0.073	0.091	0.235	0.164
8817	95094	0.474	0.675	0.748	1.149
8817	95094	0.113	0.078	0.396	0.035
8817	95094	0.144	0.308	0.421	0.452
8817	95094	0.147	0.124	0.268	0.271
8817	95094	0.11	0.141	0.288	0.251
8817	95094	0.143	0.135	0.245	0.278
8817	95094	0.181	0.035	0.178	0.216
8817	95094	0.104	0.082	0.263	0.186
8817	95094	0.075	0.491	0.595	0.566
8817	95094	0.0	0.0	0.0	0.0
8817	95094	0.0	0.0	0.0	0.0
8817	95094	0.0	0.0	0.0	0.0
8817	95094	0.0	0.0	0.0	0.0
8817	95094	0.0	0.0	0.0	0.0
8817	95094	0.0	0.0	0.0	0.0
8817	95094	0.0	0.0	0.0	0.0
8817	95094	0.0	0.0	0.0	0.0
8817	95094	0.0	0.0	0.0	0.0
8817	95094	0.0	0.0	0.0	0.0
8817	95094	0.0	0.0	0.0	0.0
8817	95094	0.0	0.0	0.0	0.0
8817	95094	0.0	0.0	0.0	0.0
8817	95094	0.0	0.0	0.0	0.0
8817	95094	0.0	0.0	0.0	0.0
8817	95094	0.0	0.0	0.0	0.0
8817	95094	0.0	0.0	0.0	0.0
8817	95094	0.0	0.0	0.0	0.0
8817	95094	0.0	0.0	0.0	0.0
8817	95094	0.0	0.0	0.0	0.0
8817	95094	0.0	0.0	0.0	0.0
8817	95094	0.0	0.0	0.0	0.0
8817	95094	0.0	0.0	0.0	0.0
8817	95094	0.0	0.0	0.0	0.0
8817	95094	0.0	0.0	0.0	0.0
8817	95094	0.0	0.0	0.0	0.0
8817	95094	0.0	0.0	0.0	0.0
8817	95094	0.0	0.0	0.0	0.0
8817	95094	0.0	0.0	0.0	0.0
8817	95105	0.54	0.0	0.0	0.0
8817	95105	0.15	0.143	0.397	0.007
8817	95105	0.18	0.069	0.219	0.249
8817	95105	0.136	0.006	0.186	0.142
8817	95105	0.142	0.05	0.186	0.192
8817	95105	0.142	0.141	0.283	0.283
8817	95105	0.143	0.16	0.302	0.303
8817	95105	0.109	0.155	0.298	0.264
8817	95105	0.086	0.104	0.213	0.19
8817	95105	0.075	0.156	0.242	0.231
8817	95105	0.178	0.455	0.53	0.633
8817	95105	0.107	0.018	0.196	0.125
8817	95105	0.107	0.124	0.231	0.231
8817	95105	0.109	0.061	0.168	0.17
8817	95105	0.112	0.124	0.233	0.236
8817	95105	0.223	0.069	0.181	0.292
8817	95105	0.142	0.04	0.183	0.102
8817	95105	0.181	0.026	0.168	0.207
8817	95105	0.141	0.038	0.143	0.103
8817	95105	0.107	0.133	0.274	0.24
8817	95105	0.139	0.509	0.616	0.648
8817	95105	0.107	0.112	0.251	0.219
8817	95105	0.144	0.048	0.155	0.192
8817	95105	0.148	0.127	0.271	0.275
8817	95105	0.144	0.089	0.237	0.233
8817	95105	0.141	0.02	0.164	0.161
8817	95105	0.146	0.132	0.273	0.278
8817	95105	0.11	0.265	0.411	0.375
8817	95105	0.185	0.304	0.414	0.489
8817	95105	0.139	0.005	0.19	0.144
8817	95105	0.107	0.112	0.251	0.219
8817	95105	0.186	0.193	0.3	0.379
8817	95105	0.108	0.076	0.11	0.032
8817	95105	0.145	0.097	0.205	0.242
8817	95105	0.183	0.403	0.548	0.586
8817	95105	0.109	0.038	0.145	0.071
8817	95105	0.143	0.143	0.252	0.286
8817	95105	0.108	0.11	0.253	0.218
8817	95105	0.11	0.098	0.206	0.208
8817	95105	0.142	0.621	0.731	0.763
8817	95105	0.14	0.005	0.147	0.145
8817	95105	0.146	0.04	0.1	0.106
8817	95105	0.107	0.004	0.15	0.111
8817	95105	0.147	0.707	0.814	0.854
8817	95105	0.18	0.108	0.255	0.288
8817	95105	0.106	0.057	0.237	0.163
8817	95105	0.113	0.168	0.274	0.281
8817	95105	0.146	0.105	0.218	0.251
8817	95105	0.22	2.104	2.25	2.324
8817	95105	0.101	0.005	0.225	0.106
8817	95105	0.143	0.07	0.171	0.213
8817	95105	0.076	0.088	0.231	0.164
8817	95105	0.182	1.246	1.322	1.428
8817	95105	0.099	0.072	0.254	0.171
8817	95105	0.104	0.108	0.207	0.212
8817	95105	0.178	0.467	0.571	0.645
8817	95105	0.146	0.072	0.25	0.218
8817	95105	0.144	0.211	0.357	0.355
8817	95105	0.141	0.049	0.193	0.19
8817	95105	0.145	0.029	0.17	0.174
8817	95105	0.108	0.08	0.225	0.188
8817	95105	0.141	0.101	0.209	0.242
8817	95105	0.105	0.797	0.938	0.902
8817	95105	0.0	0.0	0.0	0.0
8817	95105	0.0	0.0	0.0	0.0
8817	95105	0.0	0.0	0.0	0.0
8817	95105	0.0	0.0	0.0	0.0
8817	95105	0.0	0.0	0.0	0.0
8817	95105	0.0	0.0	0.0	0.0
8817	95105	0.0	0.0	0.0	0.0
8817	95118	0.507	0.0	0.0	0.0
8817	95118	0.113	0.107	0.4	0.006
8817	95118	0.144	0.107	0.22	0.251
8817	95118	0.178	0.389	0.533	0.567
8817	95118	0.151	0.092	0.27	0.243
8817	95118	0.111	0.041	0.11	0.07
8817	95118	0.109	0.106	0.217	0.215
8817	95118	0.143	0.512	0.621	0.655
8817	95118	0.178	0.125	0.268	0.303
8817	95118	0.109	0.078	0.256	0.187
8817	95118	0.11	0.239	0.348	0.349
8817	95118	0.149	0.357	0.467	0.506
8817	95118	0.101	0.004	0.153	0.105
8817	95118	0.178	0.13	0.231	0.308
8817	95118	0.103	0.005	0.183	0.108
8817	95118	0.107	0.112	0.215	0.219
8817	95118	0.11	0.501	0.608	0.611
8817	95118	0.179	0.049	0.159	0.228
8817	95118	0.145	0.087	0.266	0.232
8817	95118	0.143	0.396	0.541	0.539
8817	95118	0.11	0.123	0.266	0.233
8817	95118	0.108	0.19	0.3	0.298
8817	95118	0.182	0.234	0.342	0.416
8817	95118	0.178	0.019	0.201	0.197
8817	95118	0.147	0.015	0.193	0.162
8817	95118	0.331	0.061	0.208	0.392
8817	95118	0.144	0.043	0.288	0.101
8817	95118	0.109	0.153	0.297	0.262
8817	95118	0.181	0.298	0.407	0.479
8817	95118	0.144	0.008	0.189	0.152
8817	95118	0.147	0.346	0.49	0.493
8817	95118	0.107	0.035	0.182	0.142
8817	95118	0.107	0.169	0.276	0.276
8817	95118	0.146	0.125	0.232	0.271
8817	95118	0.178	0.159	0.305	0.337
8817	95118	0.109	0.384	0.562	0.493
8817	95118	0.184	0.978	1.087	1.162
8817	95118	0.106	0.036	0.148	0.07
8817	95118	0.141	0.158	0.264	0.299
8817	95118	0.146	0.059	0.2	0.205
8817	95118	0.111	0.161	0.307	0.272
8817	95118	0.147	1.615	1.726	1.762
8817	95118	0.135	0.007	0.154	0.142
8817	95118	0.141	0.007	0.142	0.148
8817	95118	0.179	0.02	0.161	0.199
8817	95118	0.109	0.016	0.195	0.125
8817	95118	0.109	0.156	0.265	0.265
8817	95118	0.141	0.42	0.529	0.561
8817	95118	0.143	0.061	0.202	0.204
8817	95118	0.107	0.006	0.149	0.113
8817	95118	0.11	0.196	0.303	0.306
8817	95118	0.148	0.125	0.235	0.273
8817	95118	0.146	0.125	0.273	0.271
8817	95118	0.107	0.108	0.254	0.215
8817	95118	0.182	0.259	0.366	0.441
8817	95118	0.102	0.005	0.187	0.107
8817	95118	0.146	0.295	0.397	0.441
8817	95118	0.111	0.038	0.184	0.149
8817	95118	0.107	0.07	0.181	0.177
8817	95118	0.146	0.162	0.269	0.308
8817	95118	0.108	0.272	0.418	0.38
8817	95118	0.256	0.305	0.413	0.561
8817	95118	0.143	0.073	0.183	0.07
8817	95118	0.145	0.316	0.459	0.461
8817	95118	0.073	0.256	0.401	0.329
8817	95118	0.109	0.896	0.969	1.005
8817	95118	0.107	0.261	0.37	0.368
8817	95118	0.074	0.627	0.734	0.701
8817	95118	0.0	0.0	0.0	0.0
8817	95118	0.0	0.0	0.0	0.0
8817	95135	0.686	0.0	0.0	0.0
8817	95135	0.151	0.182	0.504	0.031
8817	95135	0.144	0.176	0.327	0.32
8817	95135	0.177	0.068	0.212	0.245
8817	95135	0.14	0.004	0.181	0.144
8817	95135	0.11	0.041	0.181	0.151
8817	95135	0.179	0.667	0.777	0.846
8817	95135	0.145	0.075	0.254	0.22
8817	95135	0.144	0.051	0.196	0.195
8817	95135	0.18	0.069	0.213	0.249
8817	95135	0.073	0.034	0.214	0.107
8817	95135	0.797	0.394	0.467	1.191
8817	95135	0.077	0.112	0.685	0.035
8817	95135	0.108	0.455	0.532	0.563
8817	95135	0.11	0.318	0.426	0.428
8817	95135	0.078	0.882	0.992	0.96
8817	95135	0.072	0.103	0.181	0.175
8817	95135	1.548	0.45	0.522	1.998
8817	95135	0.075	0.066	1.482	0.009
8817	95135	0.074	0.988	1.063	1.062
8817	95135	0.073	0.187	0.261	0.26
8817	95135	0.104	0.253	0.326	0.357
8817	95135	0.112	0.455	0.559	0.567
8817	95135	0.148	0.743	0.855	0.891
8817	95135	0.145	0.096	0.244	0.241
8817	95135	0.143	0.097	0.242	0.24
8817	95135	0.184	0.026	0.169	0.21
8817	95135	0.065	0.005	0.189	0.07
8817	95135	0.184	0.382	0.447	0.566
8817	95135	0.099	0.001	0.185	0.1
8817	95135	0.099	0.103	0.202	0.202
8817	95135	0.147	0.168	0.267	0.315
8817	95135	0.144	0.127	0.274	0.271
8817	95135	0.142	0.069	0.213	0.211
8817	95135	0.144	0.087	0.229	0.231
8817	95135	0.179	0.076	0.22	0.255
8817	95135	0.144	0.692	0.871	0.836
8817	95135	0.109	0.385	0.529	0.494
8817	95135	0.109	0.867	0.976	0.976
8817	95135	0.179	0.033	0.142	0.212
8817	95135	0.141	0.351	0.53	0.492
8817	95135	0.144	0.042	0.183	0.186
8817	95135	0.145	0.056	0.2	0.201
8817	95135	0.111	0.268	0.413	0.379
8817	95135	0.183	0.166	0.277	0.349
8817	95135	0.137	0.005	0.188	0.142
8817	95135	0.146	0.011	0.148	0.157
8817	95135	0.065	0.005	0.151	0.07
8817	95135	0.217	0.65	0.715	0.867
8817	95135	0.181	0.34	0.557	0.521
8817	95135	0.287	0.564	0.745	0.851
8817	95135	0.18	0.191	0.478	0.371
8817	95135	0.187	0.03	0.21	0.217
8817	95135	0.214	0.622	0.809	0.836
8817	95135	0.179	0.96	1.174	1.139
8817	95135	0.146	0.118	0.297	0.264
8817	95135	0.142	0.463	0.609	0.605
8817	95135	0.139	0.155	0.297	0.294
8817	95135	0.105	0.052	0.191	0.157
8817	95135	0.183	0.189	0.294	0.372
8817	95135	0.1	0.005	0.188	0.105
8817	95135	0.11	0.291	0.391	0.401
8817	95135	0.145	0.07	0.18	0.215
8817	95135	0.111	0.23	0.375	0.341
8817	95135	0.107	0.139	0.25	0.246
8817	95135	0.141	0.261	0.368	0.402
8817	95135	0.181	0.052	0.193	0.233
8817	95135	0.18	0.056	0.237	0.236
8817	95135	0.17	0.006	0.186	0.176
8817	95135	0.109	0.006	0.176	0.115
8817	95157	0.796	0.0	0.0	0.0
8817	95157	0.149	0.294	0.502	0.145
8817	95157	0.141	0.427	0.576	0.568
8817	95157	0.18	0.037	0.178	0.217
8817	95157	0.147	0.375	0.555	0.522
8817	95157	0.11	0.149	0.296	0.259
8817	95157	0.147	0.2	0.31	0.347
8817	95157	0.179	0.132	0.279	0.311
8817	95157	0.144	0.022	0.201	0.166
8817	95157	0.1	0.004	0.148	0.104
8817	95157	0.217	0.252	0.352	0.469
8817	95157	0.146	0.05	0.267	0.196
8817	95157	0.147	0.029	0.175	0.176
8817	95157	0.145	0.134	0.281	0.279
8817	95157	0.105	0.059	0.204	0.164
8817	95157	0.181	0.124	0.229	0.305
8817	95157	0.11	0.369	0.55	0.479
8817	95157	0.179	1.014	1.124	1.193
8817	95157	0.181	1.239	1.418	1.42
8817	95157	0.18	0.545	0.726	0.725
8817	95157	0.141	0.084	0.264	0.225
8817	95157	0.141	0.172	0.313	0.313
8817	95157	0.18	0.927	1.068	1.107
8817	95157	0.07	0.153	0.333	0.223
8817	95157	0.109	0.094	0.164	0.203
8817	95157	0.106	0.204	0.313	0.31
8817	95157	0.107	0.264	0.37	0.371
8817	95157	0.18	0.592	0.699	0.772
8817	95157	0.11	0.02	0.2	0.13
8817	95157	0.148	0.127	0.237	0.275
8817	95157	0.178	0.741	0.889	0.919
8817	95157	0.181	0.125	0.303	0.306
8817	95157	0.137	0.005	0.186	0.142
8817	95157	0.145	0.383	0.52	0.528
8817	95157	0.181	0.278	0.423	0.459
8817	95157	0.145	0.019	0.2	0.164
8817	95157	0.141	0.088	0.233	0.229
8817	95157	0.176	0.235	0.376	0.411
8817	95157	0.113	0.035	0.211	0.148
8817	95157	0.147	0.353	0.466	0.5
8817	95157	0.145	0.036	0.183	0.181
8817	95157	0.175	0.022	0.167	0.197
8817	95157	0.11	0.076	0.251	0.186
8817	95157	0.141	0.397	0.507	0.538
8817	95157	0.152	0.012	0.153	0.164
8817	95157	0.181	0.041	0.111	0.14
8817	95157	0.101	0.005	0.186	0.106
8817	95157	0.144	0.438	0.539	0.582
8817	95157	0.143	0.053	0.197	0.196
8817	95157	0.182	0.271	0.414	0.453
8817	95157	0.184	0.077	0.259	0.261
8817	95157	0.135	0.005	0.189	0.14
8817	95157	0.181	0.952	1.087	1.133
8817	95157	0.107	0.051	0.232	0.158
8817	95157	0.145	0.101	0.208	0.246
8817	95157	0.145	0.097	0.242	0.242
8817	95157	0.171	0.006	0.151	0.177
8817	95157	0.183	0.02	0.191	0.203
8817	95157	0.109	0.438	0.621	0.547
8817	95157	0.105	0.171	0.28	0.276
8817	95157	0.146	0.46	0.565	0.606
8817	95157	0.146	0.108	0.254	0.254
8817	95157	0.147	0.167	0.313	0.314
8817	95157	0.142	0.056	0.203	0.198
8817	95157	0.147	0.114	0.256	0.261
8817	95157	0.104	0.541	0.688	0.645
8817	95157	0.0	0.0	0.0	0.0
8817	95157	0.0	0.0	0.0	0.0
8817	95157	0.0	0.0	0.0	0.0
8817	95157	0.0	0.0	0.0	0.0
8817	95169	0.473	0.0	0.0	0.0
8817	95169	0.157	0.15	0.323	0.007
8817	95169	0.144	0.144	0.301	0.288
8817	95169	0.11	0.071	0.215	0.181
8817	95169	0.182	0.615	0.725	0.797
8817	95169	0.18	0.799	0.981	0.979
8817	95169	0.364	0.14	0.32	0.504
8817	95169	0.147	0.113	0.251	0.034
8817	95169	0.141	0.123	0.27	0.264
8817	95169	0.144	0.184	0.325	0.328
8817	95169	0.146	0.853	0.997	0.999
8817	95169	0.182	0.122	0.268	0.304
8817	95169	0.108	0.118	0.3	0.226
8817	95169	0.109	0.235	0.343	0.344
8817	95169	0.145	0.411	0.52	0.556
8817	95169	0.147	0.168	0.313	0.315
8817	95169	0.102	0.005	0.152	0.107
8817	95169	0.108	0.283	0.385	0.391
8817	95169	0.108	0.113	0.221	0.221
8817	95169	0.109	0.09	0.198	0.199
8817	95169	0.146	0.401	0.51	0.547
8817	95169	0.146	0.02	0.166	0.166
8817	95169	0.102	0.004	0.15	0.106
8817	95169	0.18	0.123	0.225	0.303
8817	95169	0.185	0.098	0.278	0.283
8817	95169	0.173	0.002	0.187	0.175
8817	95169	0.066	0.004	0.177	0.07
8817	95169	0.143	0.524	0.59	0.667
8817	95169	0.139	0.067	0.21	0.206
8817	95169	0.181	0.163	0.302	0.344
8817	95169	0.126	0.097	0.278	0.223
8817	95169	0.143	0.286	0.412	0.429
8817	95169	0.145	0.108	0.251	0.253
8817	95169	0.107	0.027	0.172	0.134
8817	95169	0.255	0.166	0.273	0.421
8817	95169	0.105	0.035	0.22	0.07
8817	95169	0.145	0.129	0.234	0.274
8817	95169	0.185	0.403	0.548	0.588
8817	95169	0.073	0.043	0.142	0.03
8817	95169	0.107	0.822	0.895	0.929
8817	95169	0.0	0.0	0.0	0.0
8817	95169	0.0	0.0	0.0	0.0
8817	95169	0.0	0.0	0.0	0.0
8817	95169	0.0	0.0	0.0	0.0
8817	95169	0.0	0.0	0.0	0.0
8817	95169	0.0	0.0	0.0	0.0
8817	95169	0.0	0.0	0.0	0.0
8817	95169	0.0	0.0	0.0	0.0
8817	95169	0.0	0.0	0.0	0.0
8817	95169	0.0	0.0	0.0	0.0
8817	95169	0.0	0.0	0.0	0.0
8817	95169	0.0	0.0	0.0	0.0
8817	95169	0.0	0.0	0.0	0.0
8817	95169	0.0	0.0	0.0	0.0
8817	95169	0.0	0.0	0.0	0.0
8817	95169	0.0	0.0	0.0	0.0
8817	95169	0.0	0.0	0.0	0.0
8817	95169	0.0	0.0	0.0	0.0
8817	95169	0.0	0.0	0.0	0.0
8817	95169	0.0	0.0	0.0	0.0
8817	95169	0.0	0.0	0.0	0.0
8817	95169	0.0	0.0	0.0	0.0
8817	95169	0.0	0.0	0.0	0.0
8817	95169	0.0	0.0	0.0	0.0
8817	95169	0.0	0.0	0.0	0.0
8817	95169	0.0	0.0	0.0	0.0
8817	95169	0.0	0.0	0.0	0.0
8817	95169	0.0	0.0	0.0	0.0
8817	95169	0.0	0.0	0.0	0.0
8817	95169	0.0	0.0	0.0	0.0
8817	95176	0.545	0.0	0.0	0.0
8817	95176	0.113	0.078	0.467	0.035
8817	95176	0.109	0.083	0.196	0.192
8817	95176	0.148	0.09	0.199	0.238
8817	95176	0.217	0.229	0.377	0.446
8817	95176	0.135	0.006	0.223	0.141
8817	95176	0.146	0.099	0.234	0.245
8817	95176	0.11	0.028	0.174	0.138
8817	95176	0.145	0.165	0.275	0.31
8817	95176	0.146	0.005	0.15	0.151
8817	95176	0.18	0.188	0.334	0.368
8817	95176	0.107	0.233	0.413	0.34
8817	95176	0.182	0.064	0.171	0.246
8817	95176	0.098	0.006	0.188	0.104
8817	95176	0.145	0.475	0.573	0.62
8817	95176	0.147	0.029	0.174	0.176
8817	95176	0.107	0.045	0.192	0.152
8817	95176	0.147	0.665	0.772	0.812
8817	95176	0.102	0.005	0.152	0.107
8817	95176	0.109	0.069	0.171	0.178
8817	95176	0.33	0.683	0.792	1.013
8817	95176	0.121	0.113	0.217	0.008
8817	95176	0.144	0.177	0.298	0.321
8817	95176	0.184	0.293	0.437	0.477
8817	95176	0.139	0.005	0.189	0.144
8817	95176	0.144	0.494	0.633	0.638
8817	95176	0.108	0.131	0.275	0.239
8817	95176	0.142	0.374	0.482	0.516
8817	95176	0.176	0.005	0.147	0.181
8817	95176	0.102	0.005	0.181	0.107
8817	95176	0.072	0.419	0.521	0.491
8817	95176	0.0	0.0	0.0	0.0
8817	95176	0.0	0.0	0.0	0.0
8817	95176	0.0	0.0	0.0	0.0
8817	95176	0.0	0.0	0.0	0.0
8817	95176	0.0	0.0	0.0	0.0
8817	95176	0.0	0.0	0.0	0.0
8817	95176	0.0	0.0	0.0	0.0
8817	95176	0.0	0.0	0.0	0.0
8817	95176	0.0	0.0	0.0	0.0
8817	95176	0.0	0.0	0.0	0.0
8817	95176	0.0	0.0	0.0	0.0
8817	95176	0.0	0.0	0.0	0.0
8817	95176	0.0	0.0	0.0	0.0
8817	95176	0.0	0.0	0.0	0.0
8817	95176	0.0	0.0	0.0	0.0
8817	95176	0.0	0.0	0.0	0.0
8817	95176	0.0	0.0	0.0	0.0
8817	95176	0.0	0.0	0.0	0.0
8817	95176	0.0	0.0	0.0	0.0
8817	95176	0.0	0.0	0.0	0.0
8817	95176	0.0	0.0	0.0	0.0
8817	95176	0.0	0.0	0.0	0.0
8817	95176	0.0	0.0	0.0	0.0
8817	95176	0.0	0.0	0.0	0.0
8817	95176	0.0	0.0	0.0	0.0
8817	95176	0.0	0.0	0.0	0.0
8817	95176	0.0	0.0	0.0	0.0
8817	95176	0.0	0.0	0.0	0.0
8817	95176	0.0	0.0	0.0	0.0
8817	95176	0.0	0.0	0.0	0.0
8817	95176	0.0	0.0	0.0	0.0
8817	95176	0.0	0.0	0.0	0.0
8817	95176	0.0	0.0	0.0	0.0
8817	95176	0.0	0.0	0.0	0.0
8817	95176	0.0	0.0	0.0	0.0
8817	95176	0.0	0.0	0.0	0.0
8817	95176	0.0	0.0	0.0	0.0
8817	95176	0.0	0.0	0.0	0.0
8817	95176	0.0	0.0	0.0	0.0
8817	95182	0.435	0.0	0.0	0.0
8817	95182	0.072	0.109	0.326	0.037
8817	95182	0.147	0.121	0.193	0.268
8817	95182	0.176	0.006	0.153	0.182
8817	95182	0.101	0.004	0.18	0.105
8817	95182	0.11	0.09	0.191	0.2
8817	95182	0.178	0.329	0.439	0.507
8817	95182	0.145	0.223	0.401	0.368
8817	95182	0.141	0.019	0.164	0.16
8817	95182	0.29	0.192	0.333	0.482
8817	95182	0.186	0.039	0.251	0.147
8817	95182	0.218	0.063	0.249	0.281
8817	95182	0.066	0.005	0.223	0.071
8817	95182	0.146	0.355	0.421	0.501
8817	95182	0.175	0.004	0.15	0.179
8817	95182	0.142	0.005	0.18	0.147
8817	95182	0.171	0.006	0.148	0.177
8817	95182	0.073	0.15	0.321	0.223
8817	95182	0.0	0.0	0.0	0.0
8817	95182	0.0	0.0	0.0	0.0
8817	95182	0.0	0.0	0.0	0.0
8817	95182	0.0	0.0	0.0	0.0
8817	95182	0.0	0.0	0.0	0.0
8817	95182	0.0	0.0	0.0	0.0
8817	95182	0.0	0.0	0.0	0.0
8817	95182	0.0	0.0	0.0	0.0
8817	95182	0.0	0.0	0.0	0.0
8817	95182	0.0	0.0	0.0	0.0
8817	95182	0.0	0.0	0.0	0.0
8817	95182	0.0	0.0	0.0	0.0
8817	95182	0.0	0.0	0.0	0.0
8817	95182	0.0	0.0	0.0	0.0
8817	95182	0.0	0.0	0.0	0.0
8817	95182	0.0	0.0	0.0	0.0
8817	95182	0.0	0.0	0.0	0.0
8817	95182	0.0	0.0	0.0	0.0
8817	95182	0.0	0.0	0.0	0.0
8817	95182	0.0	0.0	0.0	0.0
8817	95182	0.0	0.0	0.0	0.0
8817	95182	0.0	0.0	0.0	0.0
8817	95182	0.0	0.0	0.0	0.0
8817	95182	0.0	0.0	0.0	0.0
8817	95182	0.0	0.0	0.0	0.0
8817	95182	0.0	0.0	0.0	0.0
8817	95182	0.0	0.0	0.0	0.0
8817	95182	0.0	0.0	0.0	0.0
8817	95182	0.0	0.0	0.0	0.0
8817	95182	0.0	0.0	0.0	0.0
8817	95182	0.0	0.0	0.0	0.0
8817	95182	0.0	0.0	0.0	0.0
8817	95182	0.0	0.0	0.0	0.0
8817	95182	0.0	0.0	0.0	0.0
8817	95182	0.0	0.0	0.0	0.0
8817	95182	0.0	0.0	0.0	0.0
8817	95182	0.0	0.0	0.0	0.0
8817	95182	0.0	0.0	0.0	0.0
8817	95182	0.0	0.0	0.0	0.0
8817	95182	0.0	0.0	0.0	0.0
8817	95182	0.0	0.0	0.0	0.0
8817	95182	0.0	0.0	0.0	0.0
8817	95182	0.0	0.0	0.0	0.0
8817	95182	0.0	0.0	0.0	0.0
8817	95182	0.0	0.0	0.0	0.0
8817	95182	0.0	0.0	0.0	0.0
8817	95182	0.0	0.0	0.0	0.0
8817	95182	0.0	0.0	0.0	0.0
8817	95182	0.0	0.0	0.0	0.0
8817	95182	0.0	0.0	0.0	0.0
8817	95182	0.0	0.0	0.0	0.0
8817	95182	0.0	0.0	0.0	0.0
8817	95187	0.4	0.0	0.0	0.0
8817	95187	0.218	0.073	0.327	0.145
8817	95187	0.141	0.004	0.222	0.145
8817	95187	0.213	0.003	0.144	0.216
8817	95187	0.1	0.002	0.215	0.102
8817	95187	0.146	0.216	0.316	0.362
8817	95187	0.209	0.006	0.152	0.215
8817	95187	0.106	0.343	0.552	0.449
8817	95187	0.107	0.186	0.292	0.293
8817	95187	0.182	0.039	0.146	0.221
8817	95187	0.075	0.032	0.214	0.107
8817	95187	0.183	0.572	0.647	0.755
8817	95187	0.142	0.085	0.268	0.227
8817	95187	0.217	0.077	0.219	0.294
8817	95187	0.075	0.18	0.037	0.105
8817	95187	0.108	0.247	0.322	0.355
8817	95187	0.105	0.192	0.3	0.297
8817	95187	0.149	0.663	0.768	0.812
8817	95187	0.145	0.067	0.216	0.212
8817	95187	0.147	0.149	0.294	0.296
8817	95187	0.107	0.335	0.482	0.442
8817	95187	0.148	0.228	0.335	0.376
8817	95187	0.067	0.003	0.151	0.07
8817	95187	0.142	0.103	0.17	0.245
8817	95187	0.072	0.192	0.334	0.264
8817	95187	0.107	0.261	0.333	0.368
8817	95187	0.105	0.114	0.221	0.219
8817	95187	0.143	0.101	0.206	0.244
8817	95187	0.142	0.431	0.574	0.573
8817	95187	0.107	0.21	0.352	0.317
8817	95187	0.146	0.237	0.344	0.383
8817	95187	0.141	0.014	0.16	0.155
8817	95187	0.113	0.234	0.375	0.347
8817	95187	0.11	1.048	1.161	1.158
8817	95187	0.221	0.107	0.217	0.328
8817	95187	0.11	0.098	0.319	0.208
8817	95187	0.104	0.435	0.545	0.539
8817	95187	0.147	0.035	0.139	0.182
8817	95187	0.145	0.08	0.227	0.225
8817	95187	0.107	0.156	0.301	0.263
8817	95187	0.11	0.105	0.212	0.215
8817	95187	0.11	0.59	0.7	0.7
8817	95187	0.141	0.112	0.222	0.253
8817	95187	0.18	0.045	0.186	0.225
8817	95187	0.184	0.017	0.197	0.201
8817	95187	0.144	0.024	0.208	0.168
8817	95187	0.141	3.654	3.798	3.795
8817	95187	0.215	0.135	0.276	0.35
8817	95187	0.183	0.716	0.931	0.899
8817	95187	0.142	0.476	0.659	0.618
8817	95187	0.146	0.088	0.23	0.234
8817	95187	0.215	0.038	0.184	0.253
8817	95187	0.147	0.848	1.063	0.995
8817	95187	0.097	0.004	0.151	0.101
8817	95187	0.181	0.091	0.188	0.272
8817	95187	0.136	0.005	0.186	0.141
8817	95187	0.147	0.103	0.239	0.25
8817	95187	0.145	0.344	0.491	0.489
8817	95187	0.143	0.038	0.183	0.181
8817	95187	0.141	0.225	0.368	0.366
8817	95187	0.145	0.52	0.661	0.665
8817	95187	0.144	0.073	0.218	0.217
8817	95187	0.143	0.101	0.245	0.244
8817	95187	0.141	0.175	0.318	0.316
8817	95187	0.144	0.097	0.238	0.241
8817	95187	0.141	0.133	0.277	0.274
8817	95187	0.104	0.453	0.594	0.557
8817	95187	0.0	0.0	0.0	0.0
8817	95187	0.0	0.0	0.0	0.0
8817	95187	0.0	0.0	0.0	0.0
8817	95231	0.324	0.0	0.0	0.0
8817	95231	0.178	0.145	0.179	0.033
8817	95231	0.255	0.105	0.283	0.36
8817	95231	0.142	0.632	0.887	0.774
8817	95231	0.144	0.14	0.282	0.284
8817	95231	0.143	0.136	0.28	0.279
8817	95231	0.22	0.777	0.92	0.997
8817	95231	0.093	0.015	0.235	0.108
8817	95231	0.11	0.144	0.237	0.254
8817	95231	0.144	0.301	0.411	0.445
8817	95231	0.146	0.261	0.405	0.407
8817	95231	0.103	0.003	0.149	0.106
8817	95231	0.179	0.18	0.283	0.359
8817	95231	0.142	0.059	0.238	0.201
8817	95231	0.143	0.132	0.274	0.275
8817	95231	0.145	0.418	0.561	0.563
8817	95231	0.143	0.095	0.24	0.238
8817	95231	0.105	0.084	0.227	0.189
8817	95231	0.141	0.081	0.186	0.222
8817	95231	0.11	0.174	0.315	0.284
8817	95231	0.144	0.387	0.497	0.531
8817	95231	0.101	0.006	0.15	0.107
8817	95231	0.146	0.052	0.153	0.198
8817	95231	0.142	0.029	0.175	0.171
8817	95231	0.076	0.677	0.819	0.753
8817	95231	0.0	0.0	0.0	0.0
8817	95231	0.0	0.0	0.0	0.0
8817	95231	0.0	0.0	0.0	0.0
8817	95231	0.0	0.0	0.0	0.0
8817	95231	0.0	0.0	0.0	0.0
8817	95231	0.0	0.0	0.0	0.0
8817	95231	0.0	0.0	0.0	0.0
8817	95231	0.0	0.0	0.0	0.0
8817	95231	0.0	0.0	0.0	0.0
8817	95231	0.0	0.0	0.0	0.0
8817	95231	0.0	0.0	0.0	0.0
8817	95231	0.0	0.0	0.0	0.0
8817	95231	0.0	0.0	0.0	0.0
8817	95231	0.0	0.0	0.0	0.0
8817	95231	0.0	0.0	0.0	0.0
8817	95231	0.0	0.0	0.0	0.0
8817	95231	0.0	0.0	0.0	0.0
8817	95231	0.0	0.0	0.0	0.0
8817	95231	0.0	0.0	0.0	0.0
8817	95231	0.0	0.0	0.0	0.0
8817	95231	0.0	0.0	0.0	0.0
8817	95231	0.0	0.0	0.0	0.0
8817	95231	0.0	0.0	0.0	0.0
8817	95231	0.0	0.0	0.0	0.0
8817	95231	0.0	0.0	0.0	0.0
8817	95231	0.0	0.0	0.0	0.0
8817	95231	0.0	0.0	0.0	0.0
8817	95231	0.0	0.0	0.0	0.0
8817	95231	0.0	0.0	0.0	0.0
8817	95231	0.0	0.0	0.0	0.0
8817	95231	0.0	0.0	0.0	0.0
8817	95231	0.0	0.0	0.0	0.0
8817	95231	0.0	0.0	0.0	0.0
8817	95231	0.0	0.0	0.0	0.0
8817	95231	0.0	0.0	0.0	0.0
8817	95231	0.0	0.0	0.0	0.0
8817	95231	0.0	0.0	0.0	0.0
8817	95231	0.0	0.0	0.0	0.0
8817	95231	0.0	0.0	0.0	0.0
8817	95231	0.0	0.0	0.0	0.0
8817	95231	0.0	0.0	0.0	0.0
8817	95231	0.0	0.0	0.0	0.0
8817	95231	0.0	0.0	0.0	0.0
8817	95231	0.0	0.0	0.0	0.0
8817	95231	0.0	0.0	0.0	0.0
8817	95240	0.439	0.0	0.0	0.0
8817	95240	0.146	0.078	0.361	0.068
8817	95240	0.146	0.179	0.325	0.325
8817	95240	0.108	0.247	0.393	0.355
8817	95240	0.141	0.12	0.228	0.261
8817	95240	0.11	0.094	0.235	0.204
8817	95240	0.105	0.434	0.544	0.539
8817	95240	0.146	0.097	0.202	0.243
8817	95240	0.144	0.099	0.245	0.243
8817	95240	0.145	0.882	1.026	1.027
8817	95240	0.173	0.005	0.15	0.178
8817	95240	0.18	0.668	0.841	0.848
8817	95240	0.145	0.074	0.254	0.219
8817	95240	0.146	0.976	1.121	1.122
8817	95240	0.145	0.023	0.169	0.168
8817	95240	0.144	0.119	0.264	0.263
8817	95240	0.108	0.146	0.29	0.254
8817	95240	0.147	0.313	0.421	0.46
8817	95240	0.099	0.006	0.153	0.105
8817	95240	0.111	0.039	0.138	0.15
8817	95240	0.107	0.415	0.526	0.522
8817	95240	0.109	0.207	0.314	0.316
8817	95240	0.173	0.007	0.116	0.18
8817	95240	0.101	0.005	0.178	0.106
8817	95240	0.145	0.096	0.197	0.241
8817	95240	0.107	0.051	0.196	0.158
8817	95240	0.143	0.121	0.228	0.264
8817	95240	0.144	0.042	0.185	0.186
8817	95240	0.108	0.25	0.394	0.358
8817	95240	0.11	0.274	0.382	0.384
8817	95240	0.145	0.067	0.177	0.212
8817	95240	0.109	0.039	0.184	0.148
8817	95240	0.145	0.078	0.187	0.223
8817	95240	0.072	0.49	0.635	0.562
8817	95240	0.0	0.0	0.0	0.0
8817	95240	0.0	0.0	0.0	0.0
8817	95240	0.0	0.0	0.0	0.0
8817	95240	0.0	0.0	0.0	0.0
8817	95240	0.0	0.0	0.0	0.0
8817	95240	0.0	0.0	0.0	0.0
8817	95240	0.0	0.0	0.0	0.0
8817	95240	0.0	0.0	0.0	0.0
8817	95240	0.0	0.0	0.0	0.0
8817	95240	0.0	0.0	0.0	0.0
8817	95240	0.0	0.0	0.0	0.0
8817	95240	0.0	0.0	0.0	0.0
8817	95240	0.0	0.0	0.0	0.0
8817	95240	0.0	0.0	0.0	0.0
8817	95240	0.0	0.0	0.0	0.0
8817	95240	0.0	0.0	0.0	0.0
8817	95240	0.0	0.0	0.0	0.0
8817	95240	0.0	0.0	0.0	0.0
8817	95240	0.0	0.0	0.0	0.0
8817	95240	0.0	0.0	0.0	0.0
8817	95240	0.0	0.0	0.0	0.0
8817	95240	0.0	0.0	0.0	0.0
8817	95240	0.0	0.0	0.0	0.0
8817	95240	0.0	0.0	0.0	0.0
8817	95240	0.0	0.0	0.0	0.0
8817	95240	0.0	0.0	0.0	0.0
8817	95240	0.0	0.0	0.0	0.0
8817	95240	0.0	0.0	0.0	0.0
8817	95240	0.0	0.0	0.0	0.0
8817	95240	0.0	0.0	0.0	0.0
8817	95240	0.0	0.0	0.0	0.0
8817	95240	0.0	0.0	0.0	0.0
8817	95240	0.0	0.0	0.0	0.0
8817	95240	0.0	0.0	0.0	0.0
8817	95240	0.0	0.0	0.0	0.0
8817	95240	0.0	0.0	0.0	0.0
