PARTICIPANT_ID	TEST_SECTION_ID	HOLD_LATENCY	INTERKEY_LATENCY	PRESS_LATENCY	RELEASE_LATENCY
8918	95442	0.058	0.0	0.0	0.0
8918	95442	0.112	0.032	0.09	0.144
8918	95442	0.08	0.704	0.816	0.784
8918	95442	0.064	0.048	0.128	0.112
8918	95442	0.16	0.16	0.224	0.32
8918	95442	0.176	0.064	0.096	0.112
8918	95442	0.128	0.032	0.144	0.096
8918	95442	0.08	0.544	0.672	0.624
8918	95442	0.064	0.064	0.144	0.128
8918	95442	0.16	0.064	0.128	0.224
8918	95442	0.144	0.032	0.128	0.112
8918	95442	0.08	0.032	0.176	0.112
8918	95442	0.064	0.048	0.128	0.112
8918	95442	0.128	0.016	0.08	0.144
8918	95442	0.127	0.032	0.096	0.095
8918	95442	0.064	0.385	0.512	0.449
8918	95442	0.096	0.048	0.112	0.144
8918	95442	0.047	0.192	0.288	0.239
8918	95442	0.047	0.081	0.128	0.128
8918	95442	0.127	0.065	0.112	0.192
8918	95442	0.143	0.031	0.096	0.112
8918	95442	0.079	0.065	0.208	0.144
8918	95442	0.063	0.545	0.624	0.608
8918	95442	0.08	0.48	0.543	0.56
8918	95442	0.0	0.0	0.0	0.0
8918	95442	0.0	0.0	0.0	0.0
8918	95442	0.0	0.0	0.0	0.0
8918	95442	0.0	0.0	0.0	0.0
8918	95442	0.0	0.0	0.0	0.0
8918	95442	0.0	0.0	0.0	0.0
8918	95442	0.0	0.0	0.0	0.0
8918	95442	0.0	0.0	0.0	0.0
8918	95442	0.0	0.0	0.0	0.0
8918	95442	0.0	0.0	0.0	0.0
8918	95442	0.0	0.0	0.0	0.0
8918	95442	0.0	0.0	0.0	0.0
8918	95442	0.0	0.0	0.0	0.0
8918	95442	0.0	0.0	0.0	0.0
8918	95442	0.0	0.0	0.0	0.0
8918	95442	0.0	0.0	0.0	0.0
8918	95442	0.0	0.0	0.0	0.0
8918	95442	0.0	0.0	0.0	0.0
8918	95442	0.0	0.0	0.0	0.0
8918	95442	0.0	0.0	0.0	0.0
8918	95442	0.0	0.0	0.0	0.0
8918	95442	0.0	0.0	0.0	0.0
8918	95442	0.0	0.0	0.0	0.0
8918	95442	0.0	0.0	0.0	0.0
8918	95442	0.0	0.0	0.0	0.0
8918	95442	0.0	0.0	0.0	0.0
8918	95442	0.0	0.0	0.0	0.0
8918	95442	0.0	0.0	0.0	0.0
8918	95442	0.0	0.0	0.0	0.0
8918	95442	0.0	0.0	0.0	0.0
8918	95442	0.0	0.0	0.0	0.0
8918	95442	0.0	0.0	0.0	0.0
8918	95442	0.0	0.0	0.0	0.0
8918	95442	0.0	0.0	0.0	0.0
8918	95442	0.0	0.0	0.0	0.0
8918	95442	0.0	0.0	0.0	0.0
8918	95442	0.0	0.0	0.0	0.0
8918	95442	0.0	0.0	0.0	0.0
8918	95442	0.0	0.0	0.0	0.0
8918	95442	0.0	0.0	0.0	0.0
8918	95442	0.0	0.0	0.0	0.0
8918	95442	0.0	0.0	0.0	0.0
8918	95442	0.0	0.0	0.0	0.0
8918	95442	0.0	0.0	0.0	0.0
8918	95442	0.0	0.0	0.0	0.0
8918	95442	0.0	0.0	0.0	0.0
8918	95447	0.272	0.0	0.0	0.0
8918	95447	0.096	0.032	0.24	0.064
8918	95447	0.08	0.24	0.336	0.32
8918	95447	0.095	0.113	0.193	0.208
8918	95447	0.064	0.144	0.239	0.208
8918	95447	0.08	0.048	0.112	0.128
8918	95447	0.08	0.128	0.208	0.208
8918	95447	0.08	0.064	0.144	0.144
8918	95447	0.144	0.032	0.112	0.176
8918	95447	0.064	0.368	0.512	0.432
8918	95447	0.08	0.048	0.112	0.128
8918	95447	0.08	0.176	0.256	0.256
8918	95447	0.064	0.112	0.192	0.176
8918	95447	0.079	0.113	0.177	0.192
8918	95447	0.144	0.176	0.255	0.32
8918	95447	0.16	0.016	0.128	0.144
8918	95447	0.095	0.001	0.161	0.096
8918	95447	0.256	0.288	0.383	0.544
8918	95447	0.224	0.112	0.144	0.112
8918	95447	0.096	0.4	0.624	0.496
8918	95447	0.064	0.144	0.24	0.208
8918	95447	0.064	0.272	0.336	0.336
8918	95447	0.129	0.304	0.368	0.433
8918	95447	0.112	0.017	0.112	0.095
8918	95447	0.064	0.112	0.224	0.176
8918	95447	0.064	0.144	0.208	0.208
8918	95447	0.16	0.016	0.08	0.176
8918	95447	0.176	0.08	0.08	0.096
8918	95447	0.112	0.032	0.144	0.08
8918	95447	0.16	0.816	0.928	0.976
8918	95447	0.16	0.032	0.128	0.128
8918	95447	0.143	0.001	0.161	0.144
8918	95447	0.079	0.561	0.704	0.64
8918	95447	0.08	0.096	0.175	0.176
8918	95447	0.064	0.096	0.176	0.16
8918	95447	0.08	0.08	0.144	0.16
8918	95447	0.16	0.144	0.224	0.304
8918	95447	0.096	0.032	0.128	0.064
8918	95447	0.144	1.184	1.28	1.328
8918	95447	0.128	0.032	0.112	0.096
8918	95447	0.064	0.704	0.832	0.768
8918	95447	0.128	0.08	0.144	0.208
8918	95447	0.096	0.032	0.096	0.064
8918	95447	0.064	0.192	0.288	0.256
8918	95447	0.064	0.176	0.24	0.24
8918	95447	0.16	0.16	0.224	0.32
8918	95447	0.128	0.048	0.112	0.08
8918	95447	0.16	0.192	0.32	0.352
8918	95447	0.064	0.272	0.432	0.336
8918	95447	0.064	0.112	0.176	0.176
8918	95447	0.096	0.064	0.128	0.16
8918	95447	0.048	0.112	0.208	0.16
8918	95447	0.064	0.4	0.448	0.464
8918	95447	0.048	0.16	0.224	0.208
8918	95447	0.064	0.336	0.384	0.4
8918	95447	0.064	0.112	0.176	0.176
8918	95447	0.0	0.0	0.0	0.0
8918	95447	0.0	0.0	0.0	0.0
8918	95447	0.0	0.0	0.0	0.0
8918	95447	0.0	0.0	0.0	0.0
8918	95447	0.0	0.0	0.0	0.0
8918	95447	0.0	0.0	0.0	0.0
8918	95447	0.0	0.0	0.0	0.0
8918	95447	0.0	0.0	0.0	0.0
8918	95447	0.0	0.0	0.0	0.0
8918	95447	0.0	0.0	0.0	0.0
8918	95447	0.0	0.0	0.0	0.0
8918	95447	0.0	0.0	0.0	0.0
8918	95447	0.0	0.0	0.0	0.0
8918	95447	0.0	0.0	0.0	0.0
8918	95462	0.048	0.0	0.0	0.0
8918	95462	0.112	0.048	0.096	0.16
8918	95462	0.064	0.256	0.368	0.32
8918	95462	0.08	0.096	0.16	0.176
8918	95462	0.08	0.08	0.16	0.16
8918	95462	0.064	0.176	0.256	0.24
8918	95462	0.08	0.128	0.192	0.208
8918	95462	0.112	0.128	0.208	0.24
8918	95462	0.113	0.0	0.112	0.113
8918	95462	0.064	0.767	0.88	0.831
8918	95462	0.048	0.08	0.144	0.128
8918	95462	0.048	0.096	0.144	0.144
8918	95462	0.064	0.08	0.128	0.144
8918	95462	0.048	0.08	0.144	0.128
8918	95462	0.064	0.08	0.128	0.144
8918	95462	0.064	0.08	0.144	0.144
8918	95462	0.128	0.288	0.352	0.416
8918	95462	0.144	0.32	0.448	0.464
8918	95462	0.112	0.064	0.08	0.048
8918	95462	0.144	0.016	0.128	0.16
8918	95462	0.048	0.16	0.304	0.208
8918	95462	0.08	0.064	0.112	0.144
8918	95462	0.128	0.112	0.192	0.24
8918	95462	0.096	0.032	0.096	0.064
8918	95462	0.064	0.24	0.336	0.304
8918	95462	0.064	0.464	0.528	0.528
8918	95462	0.096	0.08	0.144	0.176
8918	95462	0.064	0.096	0.192	0.16
8918	95462	0.064	0.128	0.192	0.192
8918	95462	0.16	0.928	0.992	1.088
8918	95462	0.112	0.032	0.128	0.08
8918	95462	0.096	0.064	0.176	0.16
8918	95462	0.08	0.08	0.176	0.16
8918	95462	0.08	0.128	0.208	0.208
8918	95462	0.064	0.112	0.192	0.176
8918	95462	0.08	0.096	0.16	0.176
8918	95462	0.112	0.704	0.784	0.816
8918	95462	0.112	0.016	0.096	0.096
8918	95462	0.096	0.064	0.176	0.16
8918	95462	0.08	0.032	0.128	0.112
8918	95462	0.16	0.016	0.064	0.144
8918	95462	0.08	0.0	0.16	0.08
8918	95462	0.08	0.56	0.64	0.64
8918	95462	0.064	0.192	0.272	0.256
8918	95462	0.064	0.272	0.336	0.336
8918	95462	0.064	0.112	0.176	0.176
8918	95462	0.144	0.112	0.176	0.256
8918	95462	0.144	0.048	0.096	0.096
8918	95462	0.112	0.016	0.128	0.096
8918	95462	0.064	0.288	0.4	0.352
8918	95462	0.08	0.048	0.112	0.128
8918	95462	0.048	0.176	0.256	0.224
8918	95462	0.096	0.048	0.096	0.144
8918	95462	0.064	0.256	0.352	0.32
8918	95462	0.0	0.0	0.0	0.0
8918	95462	0.0	0.0	0.0	0.0
8918	95462	0.0	0.0	0.0	0.0
8918	95462	0.0	0.0	0.0	0.0
8918	95462	0.0	0.0	0.0	0.0
8918	95462	0.0	0.0	0.0	0.0
8918	95462	0.0	0.0	0.0	0.0
8918	95462	0.0	0.0	0.0	0.0
8918	95462	0.0	0.0	0.0	0.0
8918	95462	0.0	0.0	0.0	0.0
8918	95462	0.0	0.0	0.0	0.0
8918	95462	0.0	0.0	0.0	0.0
8918	95462	0.0	0.0	0.0	0.0
8918	95462	0.0	0.0	0.0	0.0
8918	95462	0.0	0.0	0.0	0.0
8918	95462	0.0	0.0	0.0	0.0
8918	95474	0.064	0.0	0.0	0.0
8918	95474	0.064	0.112	0.176	0.176
8918	95474	0.176	0.416	0.48	0.592
8918	95474	0.144	0.048	0.128	0.096
8918	95474	0.16	0.096	0.24	0.256
8918	95474	0.176	0.592	0.752	0.768
8918	95474	0.16	0.08	0.096	0.08
8918	95474	0.096	0.048	0.112	0.048
8918	95474	0.08	0.08	0.176	0.16
8918	95474	0.08	0.064	0.144	0.144
8918	95474	0.096	0.128	0.208	0.224
8918	95474	0.096	0.048	0.144	0.144
8918	95474	0.064	0.128	0.224	0.192
8918	95474	0.176	0.192	0.256	0.368
8918	95474	0.112	0.048	0.128	0.064
8918	95474	0.08	0.464	0.576	0.544
8918	95474	0.064	0.064	0.144	0.128
8918	95474	0.08	0.112	0.176	0.192
8918	95474	0.08	0.048	0.128	0.128
8918	95474	0.08	0.032	0.112	0.112
8918	95474	0.08	0.24	0.32	0.32
8918	95474	0.096	0.08	0.16	0.176
8918	95474	0.08	0.016	0.08	0.064
8918	95474	0.128	0.24	0.32	0.368
8918	95474	0.144	0.064	0.064	0.08
8918	95474	0.0	0.0	0.0	0.0
8918	95474	0.0	0.0	0.0	0.0
8918	95474	0.0	0.0	0.0	0.0
8918	95474	0.0	0.0	0.0	0.0
8918	95474	0.0	0.0	0.0	0.0
8918	95474	0.0	0.0	0.0	0.0
8918	95474	0.0	0.0	0.0	0.0
8918	95474	0.0	0.0	0.0	0.0
8918	95474	0.0	0.0	0.0	0.0
8918	95474	0.0	0.0	0.0	0.0
8918	95474	0.0	0.0	0.0	0.0
8918	95474	0.0	0.0	0.0	0.0
8918	95474	0.0	0.0	0.0	0.0
8918	95474	0.0	0.0	0.0	0.0
8918	95474	0.0	0.0	0.0	0.0
8918	95474	0.0	0.0	0.0	0.0
8918	95474	0.0	0.0	0.0	0.0
8918	95474	0.0	0.0	0.0	0.0
8918	95474	0.0	0.0	0.0	0.0
8918	95474	0.0	0.0	0.0	0.0
8918	95474	0.0	0.0	0.0	0.0
8918	95474	0.0	0.0	0.0	0.0
8918	95474	0.0	0.0	0.0	0.0
8918	95474	0.0	0.0	0.0	0.0
8918	95474	0.0	0.0	0.0	0.0
8918	95474	0.0	0.0	0.0	0.0
8918	95474	0.0	0.0	0.0	0.0
8918	95474	0.0	0.0	0.0	0.0
8918	95474	0.0	0.0	0.0	0.0
8918	95474	0.0	0.0	0.0	0.0
8918	95474	0.0	0.0	0.0	0.0
8918	95474	0.0	0.0	0.0	0.0
8918	95474	0.0	0.0	0.0	0.0
8918	95474	0.0	0.0	0.0	0.0
8918	95474	0.0	0.0	0.0	0.0
8918	95474	0.0	0.0	0.0	0.0
8918	95474	0.0	0.0	0.0	0.0
8918	95474	0.0	0.0	0.0	0.0
8918	95474	0.0	0.0	0.0	0.0
8918	95474	0.0	0.0	0.0	0.0
8918	95474	0.0	0.0	0.0	0.0
8918	95474	0.0	0.0	0.0	0.0
8918	95474	0.0	0.0	0.0	0.0
8918	95474	0.0	0.0	0.0	0.0
8918	95474	0.0	0.0	0.0	0.0
8918	95483	0.08	0.0	0.0	0.0
8918	95483	0.112	0.08	0.16	0.192
8918	95483	0.08	0.096	0.208	0.176
8918	95483	0.096	0.048	0.128	0.144
8918	95483	0.08	0.416	0.512	0.496
8918	95483	0.096	0.048	0.128	0.144
8918	95483	0.08	0.064	0.16	0.144
8918	95483	0.08	0.08	0.16	0.16
8918	95483	0.064	0.112	0.192	0.176
8918	95483	0.064	0.112	0.176	0.176
8918	95483	0.128	0.112	0.176	0.24
8918	95483	0.128	0.016	0.112	0.112
8918	95483	0.064	0.32	0.448	0.384
8918	95483	0.128	0.064	0.128	0.192
8918	95483	0.096	0.016	0.112	0.08
8918	95483	0.064	0.144	0.24	0.208
8918	95483	0.064	0.464	0.528	0.528
8918	95483	0.24	0.32	0.384	0.56
8918	95483	0.112	0.048	0.192	0.064
8918	95483	0.112	0.048	0.16	0.16
8918	95483	0.144	0.224	0.336	0.368
8918	95483	0.128	0.048	0.096	0.08
8918	95483	0.176	0.096	0.224	0.272
8918	95483	0.112	0.0	0.176	0.112
8918	95483	0.064	0.096	0.208	0.16
8918	95483	0.064	0.064	0.128	0.128
8918	95483	0.16	0.24	0.304	0.4
8918	95483	0.144	0.032	0.128	0.112
8918	95483	0.0	0.0	0.0	0.0
8918	95483	0.0	0.0	0.0	0.0
8918	95483	0.0	0.0	0.0	0.0
8918	95483	0.0	0.0	0.0	0.0
8918	95483	0.0	0.0	0.0	0.0
8918	95483	0.0	0.0	0.0	0.0
8918	95483	0.0	0.0	0.0	0.0
8918	95483	0.0	0.0	0.0	0.0
8918	95483	0.0	0.0	0.0	0.0
8918	95483	0.0	0.0	0.0	0.0
8918	95483	0.0	0.0	0.0	0.0
8918	95483	0.0	0.0	0.0	0.0
8918	95483	0.0	0.0	0.0	0.0
8918	95483	0.0	0.0	0.0	0.0
8918	95483	0.0	0.0	0.0	0.0
8918	95483	0.0	0.0	0.0	0.0
8918	95483	0.0	0.0	0.0	0.0
8918	95483	0.0	0.0	0.0	0.0
8918	95483	0.0	0.0	0.0	0.0
8918	95483	0.0	0.0	0.0	0.0
8918	95483	0.0	0.0	0.0	0.0
8918	95483	0.0	0.0	0.0	0.0
8918	95483	0.0	0.0	0.0	0.0
8918	95483	0.0	0.0	0.0	0.0
8918	95483	0.0	0.0	0.0	0.0
8918	95483	0.0	0.0	0.0	0.0
8918	95483	0.0	0.0	0.0	0.0
8918	95483	0.0	0.0	0.0	0.0
8918	95483	0.0	0.0	0.0	0.0
8918	95483	0.0	0.0	0.0	0.0
8918	95483	0.0	0.0	0.0	0.0
8918	95483	0.0	0.0	0.0	0.0
8918	95483	0.0	0.0	0.0	0.0
8918	95483	0.0	0.0	0.0	0.0
8918	95483	0.0	0.0	0.0	0.0
8918	95483	0.0	0.0	0.0	0.0
8918	95483	0.0	0.0	0.0	0.0
8918	95483	0.0	0.0	0.0	0.0
8918	95483	0.0	0.0	0.0	0.0
8918	95483	0.0	0.0	0.0	0.0
8918	95483	0.0	0.0	0.0	0.0
8918	95483	0.0	0.0	0.0	0.0
8918	95490	0.336	0.0	0.0	0.0
8918	95490	0.128	0.048	0.288	0.08
8918	95490	0.048	0.336	0.464	0.384
8918	95490	0.512	0.112	0.16	0.624
8918	95490	0.064	0.256	0.768	0.32
8918	95490	0.08	0.064	0.128	0.144
8918	95490	0.096	0.08	0.16	0.176
8918	95490	0.08	0.448	0.544	0.528
8918	95490	0.08	0.08	0.16	0.16
8918	95490	0.048	0.352	0.432	0.4
8918	95490	0.128	0.048	0.096	0.176
8918	95490	0.096	0.032	0.096	0.064
8918	95490	0.064	0.128	0.224	0.192
8918	95490	0.064	0.032	0.096	0.096
8918	95490	0.128	0.048	0.112	0.176
8918	95490	0.096	0.128	0.256	0.224
8918	95490	0.096	0.16	0.256	0.256
8918	95490	0.176	0.096	0.192	0.272
8918	95490	0.112	0.032	0.144	0.08
8918	95490	0.16	0.096	0.208	0.256
8918	95490	0.128	0.56	0.72	0.688
8918	95490	0.096	0.208	0.336	0.304
8918	95490	0.064	0.304	0.4	0.368
8918	95490	0.064	0.08	0.144	0.144
8918	95490	0.16	0.048	0.112	0.208
8918	95490	0.224	0.048	0.208	0.272
8918	95490	0.144	0.0	0.224	0.144
8918	95490	0.176	0.016	0.128	0.16
8918	95490	0.144	0.032	0.208	0.176
8918	95490	0.064	0.08	0.224	0.144
8918	95490	0.064	0.08	0.144	0.144
8918	95490	0.064	0.096	0.16	0.16
8918	95490	0.096	0.08	0.144	0.176
8918	95490	0.144	0.56	0.656	0.704
8918	95490	0.144	0.048	0.096	0.096
8918	95490	0.144	0.0	0.144	0.144
8918	95490	0.128	0.016	0.128	0.112
8918	95490	0.096	0.128	0.256	0.224
8918	95490	0.08	0.144	0.24	0.224
8918	95490	0.128	0.08	0.16	0.208
8918	95490	0.08	0.768	0.896	0.848
8918	95490	0.0	0.0	0.0	0.0
8918	95490	0.0	0.0	0.0	0.0
8918	95490	0.0	0.0	0.0	0.0
8918	95490	0.0	0.0	0.0	0.0
8918	95490	0.0	0.0	0.0	0.0
8918	95490	0.0	0.0	0.0	0.0
8918	95490	0.0	0.0	0.0	0.0
8918	95490	0.0	0.0	0.0	0.0
8918	95490	0.0	0.0	0.0	0.0
8918	95490	0.0	0.0	0.0	0.0
8918	95490	0.0	0.0	0.0	0.0
8918	95490	0.0	0.0	0.0	0.0
8918	95490	0.0	0.0	0.0	0.0
8918	95490	0.0	0.0	0.0	0.0
8918	95490	0.0	0.0	0.0	0.0
8918	95490	0.0	0.0	0.0	0.0
8918	95490	0.0	0.0	0.0	0.0
8918	95490	0.0	0.0	0.0	0.0
8918	95490	0.0	0.0	0.0	0.0
8918	95490	0.0	0.0	0.0	0.0
8918	95490	0.0	0.0	0.0	0.0
8918	95490	0.0	0.0	0.0	0.0
8918	95490	0.0	0.0	0.0	0.0
8918	95490	0.0	0.0	0.0	0.0
8918	95490	0.0	0.0	0.0	0.0
8918	95490	0.0	0.0	0.0	0.0
8918	95490	0.0	0.0	0.0	0.0
8918	95490	0.0	0.0	0.0	0.0
8918	95490	0.0	0.0	0.0	0.0
8918	95498	0.192	0.0	0.0	0.0
8918	95498	0.08	0.032	0.16	0.048
8918	95498	0.064	0.096	0.176	0.16
8918	95498	0.144	0.304	0.368	0.448
8918	95498	0.112	0.048	0.096	0.064
8918	95498	0.08	0.128	0.24	0.208
8918	95498	0.064	0.144	0.224	0.208
8918	95498	0.048	0.096	0.16	0.144
8918	95498	0.016	0.096	0.144	0.112
8918	95498	0.064	0.64	0.656	0.704
8918	95498	0.048	0.56	0.624	0.608
8918	95498	0.096	0.08	0.128	0.176
8918	95498	0.064	0.176	0.272	0.24
8918	95498	0.064	0.304	0.368	0.368
8918	95498	0.08	0.08	0.144	0.16
8918	95498	0.08	0.064	0.144	0.144
8918	95498	0.096	0.064	0.144	0.16
8918	95498	0.064	0.8	0.896	0.864
8918	95498	0.16	0.064	0.128	0.224
8918	95498	0.08	0.016	0.144	0.064
8918	95498	0.08	0.048	0.128	0.128
8918	95498	0.064	0.096	0.176	0.16
8918	95498	0.065	0.112	0.176	0.177
8918	95498	0.096	0.079	0.144	0.175
8918	95498	0.128	0.08	0.176	0.208
8918	95498	0.096	0.032	0.096	0.064
8918	95498	0.064	0.096	0.192	0.16
8918	95498	0.08	0.048	0.112	0.128
8918	95498	0.032	0.32	0.4	0.352
8918	95498	0.064	0.064	0.096	0.128
8918	95498	0.096	0.144	0.208	0.24
8918	95498	0.112	0.032	0.064	0.08
8918	95498	0.0	0.0	0.0	0.0
8918	95498	0.0	0.0	0.0	0.0
8918	95498	0.0	0.0	0.0	0.0
8918	95498	0.0	0.0	0.0	0.0
8918	95498	0.0	0.0	0.0	0.0
8918	95498	0.0	0.0	0.0	0.0
8918	95498	0.0	0.0	0.0	0.0
8918	95498	0.0	0.0	0.0	0.0
8918	95498	0.0	0.0	0.0	0.0
8918	95498	0.0	0.0	0.0	0.0
8918	95498	0.0	0.0	0.0	0.0
8918	95498	0.0	0.0	0.0	0.0
8918	95498	0.0	0.0	0.0	0.0
8918	95498	0.0	0.0	0.0	0.0
8918	95498	0.0	0.0	0.0	0.0
8918	95498	0.0	0.0	0.0	0.0
8918	95498	0.0	0.0	0.0	0.0
8918	95498	0.0	0.0	0.0	0.0
8918	95498	0.0	0.0	0.0	0.0
8918	95498	0.0	0.0	0.0	0.0
8918	95498	0.0	0.0	0.0	0.0
8918	95498	0.0	0.0	0.0	0.0
8918	95498	0.0	0.0	0.0	0.0
8918	95498	0.0	0.0	0.0	0.0
8918	95498	0.0	0.0	0.0	0.0
8918	95498	0.0	0.0	0.0	0.0
8918	95498	0.0	0.0	0.0	0.0
8918	95498	0.0	0.0	0.0	0.0
8918	95498	0.0	0.0	0.0	0.0
8918	95498	0.0	0.0	0.0	0.0
8918	95498	0.0	0.0	0.0	0.0
8918	95498	0.0	0.0	0.0	0.0
8918	95498	0.0	0.0	0.0	0.0
8918	95498	0.0	0.0	0.0	0.0
8918	95498	0.0	0.0	0.0	0.0
8918	95498	0.0	0.0	0.0	0.0
8918	95498	0.0	0.0	0.0	0.0
8918	95498	0.0	0.0	0.0	0.0
8918	95506	0.88	0.0	0.0	0.0
8918	95506	0.064	0.032	0.848	0.032
8918	95506	0.048	0.464	0.528	0.512
8918	95506	0.048	0.96	1.008	1.008
8918	95506	0.08	0.064	0.112	0.144
8918	95506	0.112	0.016	0.096	0.128
8918	95506	0.096	0.384	0.496	0.48
8918	95506	0.048	0.096	0.192	0.144
8918	95506	0.16	0.96	1.008	1.12
8918	95506	0.16	0.032	0.128	0.128
8918	95506	0.063	0.016	0.144	0.047
8918	95506	0.095	0.161	0.224	0.256
8918	95506	0.128	0.001	0.096	0.129
8918	95506	0.144	0.032	0.16	0.176
8918	95506	0.065	0.191	0.335	0.256
8918	95506	0.08	0.064	0.129	0.144
8918	95506	0.064	0.08	0.16	0.144
8918	95506	0.08	0.64	0.704	0.72
8918	95506	0.144	0.112	0.192	0.256
8918	95506	0.079	0.016	0.128	0.063
8918	95506	0.113	0.064	0.143	0.177
8918	95506	0.048	0.911	1.024	0.959
8918	95506	0.064	0.112	0.16	0.176
8918	95506	0.081	0.112	0.176	0.193
8918	95506	0.064	0.143	0.224	0.207
8918	95506	0.048	0.304	0.368	0.352
8918	95506	0.064	0.096	0.144	0.16
8918	95506	0.064	0.096	0.16	0.16
8918	95506	0.08	0.448	0.512	0.528
8918	95506	0.016	0.16	0.24	0.176
8918	95506	0.0	0.0	0.0	0.0
8918	95506	0.0	0.0	0.0	0.0
8918	95506	0.0	0.0	0.0	0.0
8918	95506	0.0	0.0	0.0	0.0
8918	95506	0.0	0.0	0.0	0.0
8918	95506	0.0	0.0	0.0	0.0
8918	95506	0.0	0.0	0.0	0.0
8918	95506	0.0	0.0	0.0	0.0
8918	95506	0.0	0.0	0.0	0.0
8918	95506	0.0	0.0	0.0	0.0
8918	95506	0.0	0.0	0.0	0.0
8918	95506	0.0	0.0	0.0	0.0
8918	95506	0.0	0.0	0.0	0.0
8918	95506	0.0	0.0	0.0	0.0
8918	95506	0.0	0.0	0.0	0.0
8918	95506	0.0	0.0	0.0	0.0
8918	95506	0.0	0.0	0.0	0.0
8918	95506	0.0	0.0	0.0	0.0
8918	95506	0.0	0.0	0.0	0.0
8918	95506	0.0	0.0	0.0	0.0
8918	95506	0.0	0.0	0.0	0.0
8918	95506	0.0	0.0	0.0	0.0
8918	95506	0.0	0.0	0.0	0.0
8918	95506	0.0	0.0	0.0	0.0
8918	95506	0.0	0.0	0.0	0.0
8918	95506	0.0	0.0	0.0	0.0
8918	95506	0.0	0.0	0.0	0.0
8918	95506	0.0	0.0	0.0	0.0
8918	95506	0.0	0.0	0.0	0.0
8918	95506	0.0	0.0	0.0	0.0
8918	95506	0.0	0.0	0.0	0.0
8918	95506	0.0	0.0	0.0	0.0
8918	95506	0.0	0.0	0.0	0.0
8918	95506	0.0	0.0	0.0	0.0
8918	95506	0.0	0.0	0.0	0.0
8918	95506	0.0	0.0	0.0	0.0
8918	95506	0.0	0.0	0.0	0.0
8918	95506	0.0	0.0	0.0	0.0
8918	95506	0.0	0.0	0.0	0.0
8918	95506	0.0	0.0	0.0	0.0
8918	95517	0.208	0.0	0.0	0.0
8918	95517	0.176	0.08	0.288	0.256
8918	95517	0.16	0.048	0.128	0.112
8918	95517	0.128	0.048	0.208	0.176
8918	95517	0.095	0.337	0.465	0.432
8918	95517	0.064	0.144	0.239	0.208
8918	95517	0.064	0.144	0.208	0.208
8918	95517	0.064	0.064	0.128	0.128
8918	95517	0.096	0.064	0.128	0.16
8918	95517	0.064	0.032	0.128	0.096
8918	95517	0.048	0.656	0.72	0.704
8918	95517	0.08	0.08	0.128	0.16
8918	95517	0.081	0.16	0.24	0.241
8918	95517	0.096	0.047	0.128	0.143
8918	95517	0.08	0.448	0.544	0.528
8918	95517	0.128	0.08	0.16	0.208
8918	95517	0.096	0.032	0.096	0.064
8918	95517	0.112	0.08	0.176	0.192
8918	95517	0.064	0.416	0.528	0.48
8918	95517	0.064	0.096	0.16	0.16
8918	95517	0.08	0.112	0.176	0.192
8918	95517	0.08	0.096	0.176	0.176
8918	95517	0.064	0.08	0.16	0.144
8918	95517	0.096	0.096	0.16	0.192
8918	95517	0.064	0.192	0.288	0.256
8918	95517	0.0	0.0	0.0	0.0
8918	95517	0.0	0.0	0.0	0.0
8918	95517	0.0	0.0	0.0	0.0
8918	95517	0.0	0.0	0.0	0.0
8918	95517	0.0	0.0	0.0	0.0
8918	95517	0.0	0.0	0.0	0.0
8918	95517	0.0	0.0	0.0	0.0
8918	95517	0.0	0.0	0.0	0.0
8918	95517	0.0	0.0	0.0	0.0
8918	95517	0.0	0.0	0.0	0.0
8918	95517	0.0	0.0	0.0	0.0
8918	95517	0.0	0.0	0.0	0.0
8918	95517	0.0	0.0	0.0	0.0
8918	95517	0.0	0.0	0.0	0.0
8918	95517	0.0	0.0	0.0	0.0
8918	95517	0.0	0.0	0.0	0.0
8918	95517	0.0	0.0	0.0	0.0
8918	95517	0.0	0.0	0.0	0.0
8918	95517	0.0	0.0	0.0	0.0
8918	95517	0.0	0.0	0.0	0.0
8918	95517	0.0	0.0	0.0	0.0
8918	95517	0.0	0.0	0.0	0.0
8918	95517	0.0	0.0	0.0	0.0
8918	95517	0.0	0.0	0.0	0.0
8918	95517	0.0	0.0	0.0	0.0
8918	95517	0.0	0.0	0.0	0.0
8918	95517	0.0	0.0	0.0	0.0
8918	95517	0.0	0.0	0.0	0.0
8918	95517	0.0	0.0	0.0	0.0
8918	95517	0.0	0.0	0.0	0.0
8918	95517	0.0	0.0	0.0	0.0
8918	95517	0.0	0.0	0.0	0.0
8918	95517	0.0	0.0	0.0	0.0
8918	95517	0.0	0.0	0.0	0.0
8918	95517	0.0	0.0	0.0	0.0
8918	95517	0.0	0.0	0.0	0.0
8918	95517	0.0	0.0	0.0	0.0
8918	95517	0.0	0.0	0.0	0.0
8918	95517	0.0	0.0	0.0	0.0
8918	95517	0.0	0.0	0.0	0.0
8918	95517	0.0	0.0	0.0	0.0
8918	95517	0.0	0.0	0.0	0.0
8918	95517	0.0	0.0	0.0	0.0
8918	95517	0.0	0.0	0.0	0.0
8918	95517	0.0	0.0	0.0	0.0
8918	95524	0.432	0.0	0.0	0.0
8918	95524	0.08	0.064	0.368	0.016
8918	95524	0.08	0.128	0.208	0.208
8918	95524	0.096	0.192	0.272	0.288
8918	95524	0.192	0.032	0.128	0.224
8918	95524	0.176	0.064	0.128	0.112
8918	95524	0.112	0.032	0.144	0.08
8918	95524	0.16	0.432	0.544	0.592
8918	95524	0.096	0.048	0.112	0.048
8918	95524	0.08	0.08	0.176	0.16
8918	95524	0.064	0.16	0.24	0.224
8918	95524	0.062	0.114	0.178	0.176
8918	95524	0.08	0.128	0.19	0.208
8918	95524	0.143	0.001	0.081	0.144
8918	95524	0.144	0.8	0.943	0.944
8918	95524	0.111	0.001	0.145	0.112
8918	95524	0.064	0.048	0.159	0.112
8918	95524	0.08	0.08	0.144	0.16
8918	95524	0.128	0.016	0.096	0.144
8918	95524	0.096	0.128	0.256	0.224
8918	95524	0.033	0.16	0.256	0.193
8918	95524	0.064	0.079	0.112	0.143
8918	95524	0.08	0.048	0.112	0.128
8918	95524	0.08	0.128	0.208	0.208
8918	95524	0.128	0.112	0.192	0.24
8918	95524	0.0	0.0	0.0	0.0
8918	95524	0.0	0.0	0.0	0.0
8918	95524	0.0	0.0	0.0	0.0
8918	95524	0.0	0.0	0.0	0.0
8918	95524	0.0	0.0	0.0	0.0
8918	95524	0.0	0.0	0.0	0.0
8918	95524	0.0	0.0	0.0	0.0
8918	95524	0.0	0.0	0.0	0.0
8918	95524	0.0	0.0	0.0	0.0
8918	95524	0.0	0.0	0.0	0.0
8918	95524	0.0	0.0	0.0	0.0
8918	95524	0.0	0.0	0.0	0.0
8918	95524	0.0	0.0	0.0	0.0
8918	95524	0.0	0.0	0.0	0.0
8918	95524	0.0	0.0	0.0	0.0
8918	95524	0.0	0.0	0.0	0.0
8918	95524	0.0	0.0	0.0	0.0
8918	95524	0.0	0.0	0.0	0.0
8918	95524	0.0	0.0	0.0	0.0
8918	95524	0.0	0.0	0.0	0.0
8918	95524	0.0	0.0	0.0	0.0
8918	95524	0.0	0.0	0.0	0.0
8918	95524	0.0	0.0	0.0	0.0
8918	95524	0.0	0.0	0.0	0.0
8918	95524	0.0	0.0	0.0	0.0
8918	95524	0.0	0.0	0.0	0.0
8918	95524	0.0	0.0	0.0	0.0
8918	95524	0.0	0.0	0.0	0.0
8918	95524	0.0	0.0	0.0	0.0
8918	95524	0.0	0.0	0.0	0.0
8918	95524	0.0	0.0	0.0	0.0
8918	95524	0.0	0.0	0.0	0.0
8918	95524	0.0	0.0	0.0	0.0
8918	95524	0.0	0.0	0.0	0.0
8918	95524	0.0	0.0	0.0	0.0
8918	95524	0.0	0.0	0.0	0.0
8918	95524	0.0	0.0	0.0	0.0
8918	95524	0.0	0.0	0.0	0.0
8918	95524	0.0	0.0	0.0	0.0
8918	95524	0.0	0.0	0.0	0.0
8918	95524	0.0	0.0	0.0	0.0
8918	95524	0.0	0.0	0.0	0.0
8918	95524	0.0	0.0	0.0	0.0
8918	95524	0.0	0.0	0.0	0.0
8918	95524	0.0	0.0	0.0	0.0
8918	95529	0.256	0.0	0.0	0.0
8918	95529	0.064	0.064	0.192	0.0
8918	95529	0.064	0.224	0.288	0.288
8918	95529	0.08	0.064	0.128	0.144
8918	95529	0.08	0.24	0.32	0.32
8918	95529	0.064	0.576	0.656	0.64
8918	95529	0.064	0.096	0.16	0.16
8918	95529	0.08	0.336	0.4	0.416
8918	95529	0.064	0.096	0.176	0.16
8918	95529	0.048	0.432	0.496	0.48
8918	95529	0.048	0.064	0.112	0.112
8918	95529	0.08	0.832	0.88	0.912
8918	95529	0.096	0.064	0.144	0.16
8918	95529	0.08	0.048	0.144	0.128
8918	95529	0.096	0.032	0.112	0.128
8918	95529	0.08	0.112	0.208	0.192
8918	95529	0.08	0.4	0.48	0.48
8918	95529	0.08	0.032	0.112	0.112
8918	95529	0.064	0.144	0.224	0.208
8918	95529	0.128	0.112	0.176	0.24
8918	95529	0.192	0.08	0.048	0.112
8918	95529	0.096	0.208	0.4	0.304
8918	95529	0.064	0.08	0.176	0.144
8918	95529	0.08	0.096	0.16	0.176
8918	95529	0.096	0.272	0.352	0.368
8918	95529	0.064	0.08	0.176	0.144
8918	95529	0.064	0.048	0.112	0.112
8918	95529	0.08	0.224	0.288	0.304
8918	95529	0.08	0.112	0.192	0.192
8918	95529	0.096	0.08	0.16	0.176
8918	95529	0.144	0.192	0.288	0.336
8918	95529	0.08	0.032	0.112	0.048
8918	95529	0.08	0.912	0.992	0.992
8918	95529	0.128	0.08	0.16	0.208
8918	95529	0.096	0.032	0.096	0.064
8918	95529	0.096	0.352	0.448	0.448
8918	95529	0.08	0.576	0.672	0.656
8918	95529	0.096	0.144	0.224	0.24
8918	95529	0.063	0.049	0.145	0.112
8918	95529	0.064	0.848	0.911	0.912
8918	95529	0.128	0.08	0.144	0.208
8918	95529	0.112	0.0	0.128	0.112
8918	95529	0.064	0.256	0.368	0.32
8918	95529	0.064	0.064	0.128	0.128
8918	95529	0.048	0.064	0.128	0.112
8918	95529	0.08	0.624	0.672	0.704
8918	95529	0.0	0.0	0.0	0.0
8918	95529	0.0	0.0	0.0	0.0
8918	95529	0.0	0.0	0.0	0.0
8918	95529	0.0	0.0	0.0	0.0
8918	95529	0.0	0.0	0.0	0.0
8918	95529	0.0	0.0	0.0	0.0
8918	95529	0.0	0.0	0.0	0.0
8918	95529	0.0	0.0	0.0	0.0
8918	95529	0.0	0.0	0.0	0.0
8918	95529	0.0	0.0	0.0	0.0
8918	95529	0.0	0.0	0.0	0.0
8918	95529	0.0	0.0	0.0	0.0
8918	95529	0.0	0.0	0.0	0.0
8918	95529	0.0	0.0	0.0	0.0
8918	95529	0.0	0.0	0.0	0.0
8918	95529	0.0	0.0	0.0	0.0
8918	95529	0.0	0.0	0.0	0.0
8918	95529	0.0	0.0	0.0	0.0
8918	95529	0.0	0.0	0.0	0.0
8918	95529	0.0	0.0	0.0	0.0
8918	95529	0.0	0.0	0.0	0.0
8918	95529	0.0	0.0	0.0	0.0
8918	95529	0.0	0.0	0.0	0.0
8918	95529	0.0	0.0	0.0	0.0
8918	95541	0.208	0.0	0.0	0.0
8918	95541	0.096	0.032	0.176	0.064
8918	95541	0.08	0.496	0.592	0.576
8918	95541	0.064	0.096	0.176	0.16
8918	95541	0.08	0.064	0.128	0.144
8918	95541	0.08	0.144	0.224	0.224
8918	95541	0.128	0.064	0.144	0.192
8918	95541	0.144	0.032	0.096	0.112
8918	95541	0.096	0.096	0.24	0.192
8918	95541	0.064	0.528	0.624	0.592
8918	95541	0.144	0.096	0.16	0.24
8918	95541	0.16	0.016	0.128	0.144
8918	95541	0.064	0.432	0.592	0.496
8918	95541	0.048	0.112	0.176	0.16
8918	95541	0.096	0.336	0.384	0.432
8918	95541	0.08	0.048	0.144	0.128
8918	95541	0.112	0.064	0.144	0.176
8918	95541	0.08	0.448	0.56	0.528
8918	95541	0.08	0.08	0.16	0.16
8918	95541	0.064	0.288	0.368	0.352
8918	95541	0.064	0.064	0.128	0.128
8918	95541	0.08	0.224	0.288	0.304
8918	95541	0.064	0.064	0.144	0.128
8918	95541	0.128	0.144	0.208	0.272
8918	95541	0.08	0.016	0.112	0.064
8918	95541	0.112	0.048	0.128	0.16
8918	95541	0.08	0.496	0.608	0.576
8918	95541	0.08	0.16	0.24	0.24
8918	95541	0.079	0.017	0.097	0.096
8918	95541	0.048	0.24	0.319	0.288
8918	95541	0.08	0.176	0.224	0.256
8918	95541	0.097	0.064	0.144	0.161
8918	95541	0.048	0.079	0.176	0.127
8918	95541	0.192	0.032	0.08	0.224
8918	95541	0.128	0.032	0.16	0.096
8918	95541	0.032	0.128	0.256	0.16
8918	95541	0.048	0.336	0.368	0.384
8918	95541	0.112	0.208	0.256	0.32
8918	95541	0.0	0.0	0.0	0.0
8918	95541	0.0	0.0	0.0	0.0
8918	95541	0.0	0.0	0.0	0.0
8918	95541	0.0	0.0	0.0	0.0
8918	95541	0.0	0.0	0.0	0.0
8918	95541	0.0	0.0	0.0	0.0
8918	95541	0.0	0.0	0.0	0.0
8918	95541	0.0	0.0	0.0	0.0
8918	95541	0.0	0.0	0.0	0.0
8918	95541	0.0	0.0	0.0	0.0
8918	95541	0.0	0.0	0.0	0.0
8918	95541	0.0	0.0	0.0	0.0
8918	95541	0.0	0.0	0.0	0.0
8918	95541	0.0	0.0	0.0	0.0
8918	95541	0.0	0.0	0.0	0.0
8918	95541	0.0	0.0	0.0	0.0
8918	95541	0.0	0.0	0.0	0.0
8918	95541	0.0	0.0	0.0	0.0
8918	95541	0.0	0.0	0.0	0.0
8918	95541	0.0	0.0	0.0	0.0
8918	95541	0.0	0.0	0.0	0.0
8918	95541	0.0	0.0	0.0	0.0
8918	95541	0.0	0.0	0.0	0.0
8918	95541	0.0	0.0	0.0	0.0
8918	95541	0.0	0.0	0.0	0.0
8918	95541	0.0	0.0	0.0	0.0
8918	95541	0.0	0.0	0.0	0.0
8918	95541	0.0	0.0	0.0	0.0
8918	95541	0.0	0.0	0.0	0.0
8918	95541	0.0	0.0	0.0	0.0
8918	95541	0.0	0.0	0.0	0.0
8918	95541	0.0	0.0	0.0	0.0
8918	95552	0.304	0.0	0.0	0.0
8918	95552	0.064	0.08	0.224	0.016
8918	95552	0.288	0.208	0.272	0.496
8918	95552	0.208	0.176	0.112	0.032
8918	95552	0.08	0.8	1.008	0.88
8918	95552	0.112	0.048	0.128	0.16
8918	95552	0.064	0.144	0.256	0.208
8918	95552	0.208	0.08	0.144	0.288
8918	95552	0.192	0.048	0.16	0.144
8918	95552	0.112	0.032	0.16	0.08
8918	95552	0.064	0.848	0.96	0.912
8918	95552	0.08	0.032	0.096	0.112
8918	95552	0.096	0.016	0.096	0.112
8918	95552	0.064	0.192	0.288	0.256
8918	95552	0.144	0.064	0.128	0.208
8918	95552	0.112	0.016	0.128	0.096
8918	95552	0.096	0.368	0.48	0.464
8918	95552	0.128	0.096	0.192	0.224
8918	95552	0.096	0.0	0.128	0.096
8918	95552	0.096	0.16	0.256	0.256
8918	95552	0.096	0.032	0.064	0.064
8918	95552	0.096	0.08	0.176	0.176
8918	95552	0.064	0.112	0.208	0.176
8918	95552	0.064	0.064	0.128	0.128
8918	95552	0.08	0.144	0.208	0.224
8918	95552	0.064	0.352	0.432	0.416
8918	95552	0.0	0.0	0.0	0.0
8918	95552	0.0	0.0	0.0	0.0
8918	95552	0.0	0.0	0.0	0.0
8918	95552	0.0	0.0	0.0	0.0
8918	95552	0.0	0.0	0.0	0.0
8918	95552	0.0	0.0	0.0	0.0
8918	95552	0.0	0.0	0.0	0.0
8918	95552	0.0	0.0	0.0	0.0
8918	95552	0.0	0.0	0.0	0.0
8918	95552	0.0	0.0	0.0	0.0
8918	95552	0.0	0.0	0.0	0.0
8918	95552	0.0	0.0	0.0	0.0
8918	95552	0.0	0.0	0.0	0.0
8918	95552	0.0	0.0	0.0	0.0
8918	95552	0.0	0.0	0.0	0.0
8918	95552	0.0	0.0	0.0	0.0
8918	95552	0.0	0.0	0.0	0.0
8918	95552	0.0	0.0	0.0	0.0
8918	95552	0.0	0.0	0.0	0.0
8918	95552	0.0	0.0	0.0	0.0
8918	95552	0.0	0.0	0.0	0.0
8918	95552	0.0	0.0	0.0	0.0
8918	95552	0.0	0.0	0.0	0.0
8918	95552	0.0	0.0	0.0	0.0
8918	95552	0.0	0.0	0.0	0.0
8918	95552	0.0	0.0	0.0	0.0
8918	95552	0.0	0.0	0.0	0.0
8918	95552	0.0	0.0	0.0	0.0
8918	95552	0.0	0.0	0.0	0.0
8918	95552	0.0	0.0	0.0	0.0
8918	95552	0.0	0.0	0.0	0.0
8918	95552	0.0	0.0	0.0	0.0
8918	95552	0.0	0.0	0.0	0.0
8918	95552	0.0	0.0	0.0	0.0
8918	95552	0.0	0.0	0.0	0.0
8918	95552	0.0	0.0	0.0	0.0
8918	95552	0.0	0.0	0.0	0.0
8918	95552	0.0	0.0	0.0	0.0
8918	95552	0.0	0.0	0.0	0.0
8918	95552	0.0	0.0	0.0	0.0
8918	95552	0.0	0.0	0.0	0.0
8918	95552	0.0	0.0	0.0	0.0
8918	95552	0.0	0.0	0.0	0.0
8918	95552	0.0	0.0	0.0	0.0
8918	95558	0.304	0.0	0.0	0.0
8918	95558	0.128	0.096	0.208	0.032
8918	95558	0.128	0.0	0.128	0.128
8918	95558	0.064	0.16	0.288	0.224
8918	95558	0.144	0.064	0.128	0.208
8918	95558	0.064	0.976	1.12	1.04
8918	95558	0.112	0.08	0.144	0.192
8918	95558	0.128	0.016	0.096	0.112
8918	95558	0.08	0.416	0.544	0.496
8918	95558	0.064	0.112	0.192	0.176
8918	95558	0.064	0.032	0.096	0.096
8918	95558	0.128	0.208	0.272	0.336
8918	95558	0.112	0.016	0.112	0.096
8918	95558	0.112	0.064	0.176	0.176
8918	95558	0.096	0.176	0.288	0.272
8918	95558	0.064	0.048	0.144	0.112
8918	95558	0.144	0.096	0.16	0.24
8918	95558	0.096	0.016	0.16	0.112
8918	95558	0.096	0.112	0.208	0.208
8918	95558	0.096	0.032	0.128	0.128
8918	95558	0.144	0.208	0.304	0.352
8918	95558	0.112	0.464	0.608	0.576
8918	95558	0.064	0.48	0.592	0.544
8918	95558	0.064	0.064	0.128	0.128
8918	95558	0.08	0.112	0.176	0.192
8918	95558	0.176	0.064	0.144	0.24
8918	95558	0.112	0.016	0.16	0.096
8918	95558	0.16	0.752	0.864	0.912
8918	95558	0.098	0.032	0.128	0.066
8918	95558	0.112	0.158	0.256	0.27
8918	95558	0.112	0.352	0.464	0.464
8918	95558	0.0	0.0	0.0	0.0
8918	95558	0.0	0.0	0.0	0.0
8918	95558	0.0	0.0	0.0	0.0
8918	95558	0.0	0.0	0.0	0.0
8918	95558	0.0	0.0	0.0	0.0
8918	95558	0.0	0.0	0.0	0.0
8918	95558	0.0	0.0	0.0	0.0
8918	95558	0.0	0.0	0.0	0.0
8918	95558	0.0	0.0	0.0	0.0
8918	95558	0.0	0.0	0.0	0.0
8918	95558	0.0	0.0	0.0	0.0
8918	95558	0.0	0.0	0.0	0.0
8918	95558	0.0	0.0	0.0	0.0
8918	95558	0.0	0.0	0.0	0.0
8918	95558	0.0	0.0	0.0	0.0
8918	95558	0.0	0.0	0.0	0.0
8918	95558	0.0	0.0	0.0	0.0
8918	95558	0.0	0.0	0.0	0.0
8918	95558	0.0	0.0	0.0	0.0
8918	95558	0.0	0.0	0.0	0.0
8918	95558	0.0	0.0	0.0	0.0
8918	95558	0.0	0.0	0.0	0.0
8918	95558	0.0	0.0	0.0	0.0
8918	95558	0.0	0.0	0.0	0.0
8918	95558	0.0	0.0	0.0	0.0
8918	95558	0.0	0.0	0.0	0.0
8918	95558	0.0	0.0	0.0	0.0
8918	95558	0.0	0.0	0.0	0.0
8918	95558	0.0	0.0	0.0	0.0
8918	95558	0.0	0.0	0.0	0.0
8918	95558	0.0	0.0	0.0	0.0
8918	95558	0.0	0.0	0.0	0.0
8918	95558	0.0	0.0	0.0	0.0
8918	95558	0.0	0.0	0.0	0.0
8918	95558	0.0	0.0	0.0	0.0
8918	95558	0.0	0.0	0.0	0.0
8918	95558	0.0	0.0	0.0	0.0
8918	95558	0.0	0.0	0.0	0.0
8918	95558	0.0	0.0	0.0	0.0
8918	95566	0.656	0.0	0.0	0.0
8918	95566	0.08	0.112	0.544	0.032
8918	95566	0.08	0.448	0.528	0.528
8918	95566	0.08	0.512	0.592	0.592
8918	95566	0.064	0.064	0.144	0.128
8918	95566	0.096	0.048	0.112	0.144
8918	95566	0.064	0.096	0.192	0.16
8918	95566	0.096	0.08	0.144	0.176
8918	95566	0.16	0.688	0.784	0.848
8918	95566	0.096	0.048	0.112	0.048
8918	95566	0.112	0.0	0.096	0.112
8918	95566	0.08	0.608	0.72	0.688
8918	95566	0.064	0.064	0.144	0.128
8918	95566	0.064	0.032	0.096	0.096
8918	95566	0.08	0.224	0.288	0.304
8918	95566	0.144	0.048	0.128	0.192
8918	95566	0.112	0.048	0.096	0.064
8918	95566	0.08	0.096	0.208	0.176
8918	95566	0.176	0.064	0.144	0.24
8918	95566	0.096	0.048	0.128	0.048
8918	95566	0.08	0.016	0.112	0.096
8918	95566	0.112	0.096	0.176	0.208
8918	95566	0.128	0.08	0.192	0.208
8918	95566	0.096	0.032	0.096	0.064
8918	95566	0.112	0.4	0.496	0.512
8918	95566	0.128	0.048	0.064	0.08
8918	95566	0.064	0.064	0.192	0.128
8918	95566	0.08	0.736	0.8	0.816
8918	95566	0.0	0.0	0.0	0.0
8918	95566	0.0	0.0	0.0	0.0
8918	95566	0.0	0.0	0.0	0.0
8918	95566	0.0	0.0	0.0	0.0
8918	95566	0.0	0.0	0.0	0.0
8918	95566	0.0	0.0	0.0	0.0
8918	95566	0.0	0.0	0.0	0.0
8918	95566	0.0	0.0	0.0	0.0
8918	95566	0.0	0.0	0.0	0.0
8918	95566	0.0	0.0	0.0	0.0
8918	95566	0.0	0.0	0.0	0.0
8918	95566	0.0	0.0	0.0	0.0
8918	95566	0.0	0.0	0.0	0.0
8918	95566	0.0	0.0	0.0	0.0
8918	95566	0.0	0.0	0.0	0.0
8918	95566	0.0	0.0	0.0	0.0
8918	95566	0.0	0.0	0.0	0.0
8918	95566	0.0	0.0	0.0	0.0
8918	95566	0.0	0.0	0.0	0.0
8918	95566	0.0	0.0	0.0	0.0
8918	95566	0.0	0.0	0.0	0.0
8918	95566	0.0	0.0	0.0	0.0
8918	95566	0.0	0.0	0.0	0.0
8918	95566	0.0	0.0	0.0	0.0
8918	95566	0.0	0.0	0.0	0.0
8918	95566	0.0	0.0	0.0	0.0
8918	95566	0.0	0.0	0.0	0.0
8918	95566	0.0	0.0	0.0	0.0
8918	95566	0.0	0.0	0.0	0.0
8918	95566	0.0	0.0	0.0	0.0
8918	95566	0.0	0.0	0.0	0.0
8918	95566	0.0	0.0	0.0	0.0
8918	95566	0.0	0.0	0.0	0.0
8918	95566	0.0	0.0	0.0	0.0
8918	95566	0.0	0.0	0.0	0.0
8918	95566	0.0	0.0	0.0	0.0
8918	95566	0.0	0.0	0.0	0.0
8918	95566	0.0	0.0	0.0	0.0
8918	95566	0.0	0.0	0.0	0.0
8918	95566	0.0	0.0	0.0	0.0
8918	95566	0.0	0.0	0.0	0.0
8918	95566	0.0	0.0	0.0	0.0
