PARTICIPANT_ID	TEST_SECTION_ID	HOLD_LATENCY	INTERKEY_LATENCY	PRESS_LATENCY	RELEASE_LATENCY
9197	98450	0.261	0.0	0.0	0.0
9197	98450	0.135	0.017	0.278	0.152
9197	98450	0.192	0.56	0.695	0.752
9197	98450	0.12	0.072	0.12	0.048
9197	98450	0.12	0.072	0.192	0.192
9197	98450	0.128	0.128	0.248	0.256
9197	98450	0.144	0.552	0.68	0.696
9197	98450	0.136	0.072	0.072	0.064
9197	98450	0.072	0.032	0.168	0.104
9197	98450	0.144	0.024	0.096	0.168
9197	98450	0.152	0.024	0.168	0.176
9197	98450	0.104	0.056	0.096	0.048
9197	98450	0.129	0.088	0.192	0.217
9197	98450	0.16	0.017	0.112	0.143
9197	98450	0.12	0.032	0.128	0.088
9197	98450	0.112	0.072	0.192	0.184
9197	98450	0.12	0.024	0.136	0.144
9197	98450	0.16	0.024	0.096	0.136
9197	98450	0.127	0.001	0.161	0.128
9197	98450	0.144	0.016	0.143	0.16
9197	98450	0.127	0.071	0.073	0.056
9197	98450	0.064	0.056	0.183	0.12
9197	98450	0.192	0.04	0.024	0.152
9197	98450	0.119	0.137	0.329	0.256
9197	98450	0.072	0.488	0.607	0.56
9197	98450	0.072	0.096	0.168	0.168
9197	98450	0.096	0.096	0.168	0.192
9197	98450	0.096	0.08	0.176	0.176
9197	98450	0.168	0.2	0.296	0.368
9197	98450	0.12	0.04	0.128	0.08
9197	98450	0.12	0.104	0.224	0.224
9197	98450	0.112	0.088	0.208	0.2
9197	98450	0.16	0.376	0.488	0.536
9197	98450	0.104	0.024	0.136	0.08
9197	98450	0.136	0.112	0.216	0.248
9197	98450	0.144	0.104	0.24	0.248
9197	98450	0.12	0.04	0.184	0.16
9197	98450	0.133	0.003	0.123	0.136
9197	98450	0.144	0.032	0.165	0.176
9197	98450	0.136	0.08	0.224	0.216
9197	98450	0.176	0.0	0.136	0.176
9197	98450	0.112	0.0	0.176	0.112
9197	98450	0.0	0.0	0.0	0.0
9197	98450	0.0	0.0	0.0	0.0
9197	98450	0.0	0.0	0.0	0.0
9197	98450	0.0	0.0	0.0	0.0
9197	98450	0.0	0.0	0.0	0.0
9197	98450	0.0	0.0	0.0	0.0
9197	98450	0.0	0.0	0.0	0.0
9197	98450	0.0	0.0	0.0	0.0
9197	98450	0.0	0.0	0.0	0.0
9197	98450	0.0	0.0	0.0	0.0
9197	98450	0.0	0.0	0.0	0.0
9197	98450	0.0	0.0	0.0	0.0
9197	98450	0.0	0.0	0.0	0.0
9197	98450	0.0	0.0	0.0	0.0
9197	98450	0.0	0.0	0.0	0.0
9197	98450	0.0	0.0	0.0	0.0
9197	98450	0.0	0.0	0.0	0.0
9197	98450	0.0	0.0	0.0	0.0
9197	98450	0.0	0.0	0.0	0.0
9197	98450	0.0	0.0	0.0	0.0
9197	98450	0.0	0.0	0.0	0.0
9197	98450	0.0	0.0	0.0	0.0
9197	98450	0.0	0.0	0.0	0.0
9197	98450	0.0	0.0	0.0	0.0
9197	98450	0.0	0.0	0.0	0.0
9197	98450	0.0	0.0	0.0	0.0
9197	98450	0.0	0.0	0.0	0.0
9197	98450	0.0	0.0	0.0	0.0
9197	98464	0.367	0.0	0.0	0.0
9197	98464	0.144	0.192	0.175	0.048
9197	98464	0.12	0.136	0.28	0.256
9197	98464	0.152	0.136	0.256	0.288
9197	98464	0.127	0.047	0.105	0.08
9197	98464	0.144	0.024	0.103	0.12
9197	98464	0.144	0.024	0.168	0.168
9197	98464	0.112	0.032	0.176	0.144
9197	98464	0.176	0.209	0.321	0.385
9197	98464	0.16	0.041	0.135	0.119
9197	98464	0.136	0.048	0.112	0.088
9197	98464	0.152	0.024	0.16	0.176
9197	98464	0.08	0.0	0.152	0.08
9197	98464	0.12	0.032	0.112	0.152
9197	98464	0.112	0.016	0.136	0.128
9197	98464	0.104	0.0	0.112	0.104
9197	98464	0.112	0.016	0.12	0.128
9197	98464	0.216	0.336	0.448	0.552
9197	98464	0.144	0.072	0.144	0.072
9197	98464	0.128	0.176	0.32	0.304
9197	98464	0.136	0.04	0.168	0.176
9197	98464	0.112	0.128	0.264	0.24
9197	98464	0.176	0.048	0.16	0.224
9197	98464	0.144	0.016	0.192	0.16
9197	98464	0.144	0.072	0.216	0.216
9197	98464	0.136	0.24	0.384	0.376
9197	98464	0.12	0.096	0.232	0.216
9197	98464	0.152	0.104	0.224	0.256
9197	98464	0.075	0.0	0.152	0.075
9197	98464	0.153	0.437	0.512	0.59
9197	98464	0.226	0.079	0.232	0.305
9197	98464	0.098	0.004	0.222	0.094
9197	98464	0.12	0.08	0.178	0.2
9197	98464	0.0	0.0	0.0	0.0
9197	98464	0.0	0.0	0.0	0.0
9197	98464	0.0	0.0	0.0	0.0
9197	98464	0.0	0.0	0.0	0.0
9197	98464	0.0	0.0	0.0	0.0
9197	98464	0.0	0.0	0.0	0.0
9197	98464	0.0	0.0	0.0	0.0
9197	98464	0.0	0.0	0.0	0.0
9197	98464	0.0	0.0	0.0	0.0
9197	98464	0.0	0.0	0.0	0.0
9197	98464	0.0	0.0	0.0	0.0
9197	98464	0.0	0.0	0.0	0.0
9197	98464	0.0	0.0	0.0	0.0
9197	98464	0.0	0.0	0.0	0.0
9197	98464	0.0	0.0	0.0	0.0
9197	98464	0.0	0.0	0.0	0.0
9197	98464	0.0	0.0	0.0	0.0
9197	98464	0.0	0.0	0.0	0.0
9197	98464	0.0	0.0	0.0	0.0
9197	98464	0.0	0.0	0.0	0.0
9197	98464	0.0	0.0	0.0	0.0
9197	98464	0.0	0.0	0.0	0.0
9197	98464	0.0	0.0	0.0	0.0
9197	98464	0.0	0.0	0.0	0.0
9197	98464	0.0	0.0	0.0	0.0
9197	98464	0.0	0.0	0.0	0.0
9197	98464	0.0	0.0	0.0	0.0
9197	98464	0.0	0.0	0.0	0.0
9197	98464	0.0	0.0	0.0	0.0
9197	98464	0.0	0.0	0.0	0.0
9197	98464	0.0	0.0	0.0	0.0
9197	98464	0.0	0.0	0.0	0.0
9197	98464	0.0	0.0	0.0	0.0
9197	98464	0.0	0.0	0.0	0.0
9197	98464	0.0	0.0	0.0	0.0
9197	98464	0.0	0.0	0.0	0.0
9197	98464	0.0	0.0	0.0	0.0
9197	98479	0.24	0.0	0.0	0.0
9197	98479	0.096	0.136	0.104	0.04
9197	98479	0.032	0.112	0.208	0.144
9197	98479	0.12	0.136	0.168	0.256
9197	98479	0.16	0.048	0.072	0.112
9197	98479	0.168	0.032	0.192	0.2
9197	98479	0.112	0.032	0.2	0.144
9197	98479	0.072	0.104	0.216	0.176
9197	98479	0.144	0.032	0.104	0.176
9197	98479	0.128	0.04	0.104	0.088
9197	98479	0.096	0.016	0.144	0.112
9197	98479	0.112	0.024	0.12	0.136
9197	98479	0.088	0.08	0.192	0.168
9197	98479	0.112	0.056	0.144	0.168
9197	98479	0.192	0.264	0.376	0.456
9197	98479	0.152	0.096	0.096	0.056
9197	98479	0.168	0.072	0.224	0.24
9197	98479	0.16	0.064	0.232	0.224
9197	98479	0.128	0.048	0.112	0.08
9197	98479	0.112	0.056	0.184	0.168
9197	98479	0.128	0.08	0.192	0.208
9197	98479	0.136	0.872	1.0	1.008
9197	98479	0.128	0.12	0.256	0.248
9197	98479	0.111	0.0	0.128	0.111
9197	98479	0.119	0.105	0.216	0.224
9197	98479	0.007	0.073	0.192	0.08
9197	98479	0.056	0.017	0.024	0.073
9197	98479	0.118	0.002	0.058	0.12
9197	98479	0.135	0.001	0.119	0.136
9197	98479	0.135	0.0	0.135	0.135
9197	98479	0.167	0.103	0.032	0.064
9197	98479	0.12	0.025	0.192	0.145
9197	98479	0.114	0.005	0.125	0.119
9197	98479	0.12	0.081	0.195	0.201
9197	98479	0.144	0.064	0.184	0.208
9197	98479	0.151	0.016	0.128	0.135
9197	98479	0.079	0.073	0.224	0.152
9197	98479	0.143	0.121	0.2	0.264
9197	98479	0.127	0.039	0.104	0.088
9197	98479	0.135	0.065	0.192	0.2
9197	98479	0.096	0.056	0.191	0.152
9197	98479	0.111	0.055	0.041	0.056
9197	98479	0.12	0.112	0.223	0.232
9197	98479	0.159	0.001	0.121	0.16
9197	98479	0.071	0.001	0.16	0.072
9197	98479	0.15	0.002	0.073	0.152
9197	98479	0.119	0.055	0.095	0.064
9197	98479	0.096	0.064	0.183	0.16
9197	98479	0.111	0.071	0.025	0.04
9197	98479	0.127	0.129	0.24	0.256
9197	98479	0.151	0.001	0.128	0.152
9197	98479	0.151	0.047	0.104	0.104
9197	98479	0.168	0.088	0.239	0.256
9197	98479	0.128	0.032	0.2	0.16
9197	98479	0.072	1.016	1.144	1.088
9197	98479	0.144	1.192	1.264	1.336
9197	98479	0.16	0.128	0.272	0.288
9197	98479	0.144	0.024	0.184	0.168
9197	98479	0.128	0.024	0.168	0.152
9197	98479	0.182	0.17	0.298	0.352
9197	98479	0.2	0.112	0.294	0.312
9197	98479	0.08	0.032	0.232	0.112
9197	98479	0.0	0.0	0.0	0.0
9197	98479	0.0	0.0	0.0	0.0
9197	98479	0.0	0.0	0.0	0.0
9197	98479	0.0	0.0	0.0	0.0
9197	98479	0.0	0.0	0.0	0.0
9197	98479	0.0	0.0	0.0	0.0
9197	98479	0.0	0.0	0.0	0.0
9197	98479	0.0	0.0	0.0	0.0
9197	98496	0.2	0.0	0.0	0.0
9197	98496	0.112	0.072	0.128	0.04
9197	98496	0.079	0.145	0.257	0.224
9197	98496	0.199	0.065	0.144	0.264
9197	98496	0.151	0.111	0.088	0.04
9197	98496	0.16	0.144	0.295	0.304
9197	98496	0.128	0.056	0.216	0.184
9197	98496	0.056	0.584	0.712	0.64
9197	98496	0.104	0.112	0.168	0.216
9197	98496	0.088	0.328	0.432	0.416
9197	98496	0.136	0.32	0.408	0.456
9197	98496	0.088	0.024	0.112	0.064
9197	98496	0.072	0.112	0.2	0.184
9197	98496	0.08	0.136	0.208	0.216
9197	98496	0.128	0.096	0.176	0.224
9197	98496	0.12	0.032	0.096	0.088
9197	98496	0.216	0.048	0.168	0.264
9197	98496	0.144	0.072	0.144	0.072
9197	98496	0.111	0.001	0.145	0.112
9197	98496	0.12	0.024	0.135	0.144
9197	98496	0.152	0.064	0.056	0.088
9197	98496	0.104	0.088	0.24	0.192
9197	98496	0.0	0.0	0.0	0.0
9197	98496	0.0	0.0	0.0	0.0
9197	98496	0.0	0.0	0.0	0.0
9197	98496	0.0	0.0	0.0	0.0
9197	98496	0.0	0.0	0.0	0.0
9197	98496	0.0	0.0	0.0	0.0
9197	98496	0.0	0.0	0.0	0.0
9197	98496	0.0	0.0	0.0	0.0
9197	98496	0.0	0.0	0.0	0.0
9197	98496	0.0	0.0	0.0	0.0
9197	98496	0.0	0.0	0.0	0.0
9197	98496	0.0	0.0	0.0	0.0
9197	98496	0.0	0.0	0.0	0.0
9197	98496	0.0	0.0	0.0	0.0
9197	98496	0.0	0.0	0.0	0.0
9197	98496	0.0	0.0	0.0	0.0
9197	98496	0.0	0.0	0.0	0.0
9197	98496	0.0	0.0	0.0	0.0
9197	98496	0.0	0.0	0.0	0.0
9197	98496	0.0	0.0	0.0	0.0
9197	98496	0.0	0.0	0.0	0.0
9197	98496	0.0	0.0	0.0	0.0
9197	98496	0.0	0.0	0.0	0.0
9197	98496	0.0	0.0	0.0	0.0
9197	98496	0.0	0.0	0.0	0.0
9197	98496	0.0	0.0	0.0	0.0
9197	98496	0.0	0.0	0.0	0.0
9197	98496	0.0	0.0	0.0	0.0
9197	98496	0.0	0.0	0.0	0.0
9197	98496	0.0	0.0	0.0	0.0
9197	98496	0.0	0.0	0.0	0.0
9197	98496	0.0	0.0	0.0	0.0
9197	98496	0.0	0.0	0.0	0.0
9197	98496	0.0	0.0	0.0	0.0
9197	98496	0.0	0.0	0.0	0.0
9197	98496	0.0	0.0	0.0	0.0
9197	98496	0.0	0.0	0.0	0.0
9197	98496	0.0	0.0	0.0	0.0
9197	98496	0.0	0.0	0.0	0.0
9197	98496	0.0	0.0	0.0	0.0
9197	98496	0.0	0.0	0.0	0.0
9197	98496	0.0	0.0	0.0	0.0
9197	98496	0.0	0.0	0.0	0.0
9197	98496	0.0	0.0	0.0	0.0
9197	98496	0.0	0.0	0.0	0.0
9197	98496	0.0	0.0	0.0	0.0
9197	98496	0.0	0.0	0.0	0.0
9197	98496	0.0	0.0	0.0	0.0
9197	98503	0.2	0.0	0.0	0.0
9197	98503	0.136	0.096	0.104	0.04
9197	98503	0.088	0.104	0.24	0.192
9197	98503	0.152	0.064	0.152	0.216
9197	98503	0.136	0.072	0.08	0.064
9197	98503	0.12	0.001	0.137	0.121
9197	98503	0.128	0.071	0.191	0.199
9197	98503	0.183	0.001	0.129	0.184
9197	98503	0.071	0.001	0.184	0.072
9197	98503	0.197	0.027	0.098	0.224
9197	98503	0.12	0.04	0.157	0.08
9197	98503	0.168	0.104	0.224	0.272
9197	98503	0.176	0.072	0.096	0.104
9197	98503	0.159	0.001	0.177	0.16
9197	98503	0.136	0.064	0.095	0.072
9197	98503	0.12	0.024	0.112	0.096
9197	98503	0.112	0.072	0.192	0.184
9197	98503	0.144	0.072	0.04	0.072
9197	98503	0.128	0.096	0.24	0.224
9197	98503	0.12	0.072	0.2	0.192
9197	98503	0.128	0.04	0.16	0.168
9197	98503	0.176	0.048	0.176	0.224
9197	98503	0.112	0.056	0.12	0.056
9197	98503	0.152	0.112	0.224	0.264
9197	98503	0.16	0.048	0.104	0.112
9197	98503	0.015	0.001	0.161	0.016
9197	98503	0.112	0.032	0.047	0.144
9197	98503	0.16	0.056	0.056	0.104
9197	98503	0.119	0.001	0.161	0.12
9197	98503	0.119	0.001	0.12	0.12
9197	98503	0.095	0.001	0.12	0.096
9197	98503	0.112	0.024	0.071	0.088
9197	98503	0.152	0.032	0.08	0.12
9197	98503	0.095	0.001	0.153	0.096
9197	98503	0.633	1.68	1.775	2.313
9197	98503	0.08	0.295	0.928	0.375
9197	98503	0.048	0.112	0.192	0.16
9197	98503	0.096	0.424	0.472	0.52
9197	98503	0.656	0.432	0.528	1.088
9197	98503	0.112	0.44	1.096	0.552
9197	98503	0.344	0.112	0.224	0.456
9197	98503	0.184	1.48	1.824	1.664
9197	98503	0.136	0.056	0.24	0.192
9197	98503	0.12	0.0	0.136	0.12
9197	98503	0.152	0.024	0.144	0.176
9197	98503	0.216	0.056	0.208	0.272
9197	98503	0.12	0.064	0.152	0.056
9197	98503	0.16	0.096	0.216	0.256
9197	98503	0.112	0.048	0.208	0.16
9197	98503	0.2	0.0	0.112	0.2
9197	98503	0.095	0.001	0.201	0.096
9197	98503	0.12	0.024	0.119	0.144
9197	98503	0.152	0.248	0.368	0.4
9197	98503	0.12	0.0	0.152	0.12
9197	98503	0.136	0.016	0.136	0.152
9197	98503	0.112	0.04	0.176	0.152
9197	98503	0.12	0.32	0.432	0.44
9197	98503	0.158	0.002	0.122	0.16
9197	98503	0.136	0.08	0.238	0.216
9197	98503	0.152	0.048	0.088	0.104
9197	98503	0.112	0.12	0.272	0.232
9197	98503	0.0	0.0	0.0	0.0
9197	98503	0.0	0.0	0.0	0.0
9197	98503	0.0	0.0	0.0	0.0
9197	98503	0.0	0.0	0.0	0.0
9197	98503	0.0	0.0	0.0	0.0
9197	98503	0.0	0.0	0.0	0.0
9197	98503	0.0	0.0	0.0	0.0
9197	98503	0.0	0.0	0.0	0.0
9197	98503	0.0	0.0	0.0	0.0
9197	98524	0.208	0.0	0.0	0.0
9197	98524	0.128	0.064	0.144	0.064
9197	98524	0.136	0.128	0.256	0.264
9197	98524	0.144	0.032	0.168	0.176
9197	98524	0.128	0.064	0.208	0.192
9197	98524	0.152	0.0	0.128	0.152
9197	98524	0.112	0.024	0.128	0.088
9197	98524	0.016	0.04	0.152	0.056
9197	98524	0.104	0.024	0.04	0.128
9197	98524	0.136	0.08	0.184	0.216
9197	98524	0.152	0.04	0.176	0.192
9197	98524	0.136	0.152	0.304	0.288
9197	98524	0.248	0.104	0.24	0.352
9197	98524	0.168	0.024	0.272	0.192
9197	98524	0.143	0.001	0.169	0.144
9197	98524	0.12	0.032	0.175	0.152
9197	98524	0.12	0.096	0.216	0.216
9197	98524	0.152	0.048	0.168	0.2
9197	98524	0.12	0.04	0.112	0.08
9197	98524	0.128	0.0	0.12	0.128
9197	98524	0.12	0.08	0.208	0.2
9197	98524	0.128	0.08	0.2	0.208
9197	98524	0.128	0.024	0.104	0.104
9197	98524	0.144	0.024	0.152	0.168
9197	98524	0.144	0.0	0.144	0.144
9197	98524	0.088	0.096	0.24	0.184
9197	98524	0.128	0.072	0.16	0.2
9197	98524	0.112	0.048	0.08	0.064
9197	98524	0.168	0.0	0.112	0.168
9197	98524	0.152	0.024	0.144	0.128
9197	98524	0.128	0.024	0.128	0.104
9197	98524	0.112	0.024	0.152	0.136
9197	98524	0.0	0.0	0.0	0.0
9197	98524	0.0	0.0	0.0	0.0
9197	98524	0.0	0.0	0.0	0.0
9197	98524	0.0	0.0	0.0	0.0
9197	98524	0.0	0.0	0.0	0.0
9197	98524	0.0	0.0	0.0	0.0
9197	98524	0.0	0.0	0.0	0.0
9197	98524	0.0	0.0	0.0	0.0
9197	98524	0.0	0.0	0.0	0.0
9197	98524	0.0	0.0	0.0	0.0
9197	98524	0.0	0.0	0.0	0.0
9197	98524	0.0	0.0	0.0	0.0
9197	98524	0.0	0.0	0.0	0.0
9197	98524	0.0	0.0	0.0	0.0
9197	98524	0.0	0.0	0.0	0.0
9197	98524	0.0	0.0	0.0	0.0
9197	98524	0.0	0.0	0.0	0.0
9197	98524	0.0	0.0	0.0	0.0
9197	98524	0.0	0.0	0.0	0.0
9197	98524	0.0	0.0	0.0	0.0
9197	98524	0.0	0.0	0.0	0.0
9197	98524	0.0	0.0	0.0	0.0
9197	98524	0.0	0.0	0.0	0.0
9197	98524	0.0	0.0	0.0	0.0
9197	98524	0.0	0.0	0.0	0.0
9197	98524	0.0	0.0	0.0	0.0
9197	98524	0.0	0.0	0.0	0.0
9197	98524	0.0	0.0	0.0	0.0
9197	98524	0.0	0.0	0.0	0.0
9197	98524	0.0	0.0	0.0	0.0
9197	98524	0.0	0.0	0.0	0.0
9197	98524	0.0	0.0	0.0	0.0
9197	98524	0.0	0.0	0.0	0.0
9197	98524	0.0	0.0	0.0	0.0
9197	98524	0.0	0.0	0.0	0.0
9197	98524	0.0	0.0	0.0	0.0
9197	98524	0.0	0.0	0.0	0.0
9197	98524	0.0	0.0	0.0	0.0
9197	98535	0.184	0.0	0.0	0.0
9197	98535	0.152	0.056	0.128	0.096
9197	98535	0.128	0.192	0.344	0.32
9197	98535	0.096	0.136	0.264	0.232
9197	98535	0.12	0.104	0.2	0.224
9197	98535	0.112	0.024	0.096	0.088
9197	98535	0.146	0.094	0.206	0.24
9197	98535	0.104	0.032	0.114	0.072
9197	98535	0.136	0.096	0.2	0.232
9197	98535	0.136	0.0	0.136	0.136
9197	98535	0.064	0.024	0.16	0.088
9197	98535	0.104	0.144	0.208	0.248
9197	98535	0.08	0.128	0.232	0.208
9197	98535	0.128	0.152	0.232	0.28
9197	98535	0.128	0.056	0.184	0.184
9197	98535	0.232	0.0	0.128	0.232
9197	98535	0.144	0.072	0.16	0.072
9197	98535	0.136	0.0	0.144	0.136
9197	98535	0.136	0.0	0.136	0.136
9197	98535	0.016	0.072	0.064	0.056
9197	98535	0.176	0.016	0.032	0.192
9197	98535	0.096	0.04	0.136	0.056
9197	98535	0.264	0.328	0.424	0.592
9197	98535	0.112	0.112	0.152	0.0
9197	98535	0.216	0.616	0.728	0.832
9197	98535	0.616	0.744	0.96	1.36
9197	98535	0.096	0.816	1.432	0.912
9197	98535	0.12	0.056	0.152	0.176
9197	98535	0.336	0.568	0.688	0.904
9197	98535	0.112	0.112	0.224	0.0
9197	98535	0.248	0.288	0.4	0.536
9197	98535	0.168	0.096	0.152	0.072
9197	98535	0.136	0.152	0.32	0.288
9197	98535	0.144	0.552	0.688	0.696
9197	98535	0.096	0.0	0.144	0.096
9197	98535	0.134	0.002	0.098	0.136
9197	98535	0.176	0.128	0.262	0.304
9197	98535	0.176	0.288	0.464	0.464
9197	98535	0.136	0.08	0.256	0.216
9197	98535	0.12	0.096	0.232	0.216
9197	98535	0.144	0.136	0.256	0.28
9197	98535	0.224	0.024	0.12	0.2
9197	98535	0.144	0.0	0.224	0.144
9197	98535	0.103	0.04	0.184	0.143
9197	98535	0.208	0.089	0.192	0.297
9197	98535	0.144	0.016	0.224	0.16
9197	98535	0.176	0.04	0.104	0.136
9197	98535	0.087	0.0	0.176	0.087
9197	98535	0.127	0.113	0.2	0.24
9197	98535	0.143	0.081	0.208	0.224
9197	98535	0.103	0.057	0.2	0.16
9197	98535	0.111	0.169	0.272	0.28
9197	98535	0.111	0.105	0.216	0.216
9197	98535	0.127	0.081	0.192	0.208
9197	98535	0.128	0.024	0.151	0.152
9197	98535	0.103	0.055	0.073	0.048
9197	98535	0.167	0.089	0.192	0.256
9197	98535	0.112	0.111	0.056	0.001
9197	98535	0.168	0.024	0.136	0.192
9197	98535	0.135	0.056	0.224	0.191
9197	98535	0.079	0.345	0.48	0.424
9197	98535	0.096	0.144	0.223	0.24
9197	98535	0.136	0.032	0.128	0.168
9197	98535	0.128	0.072	0.208	0.2
9197	98535	0.143	0.039	0.089	0.104
9197	98535	0.135	0.041	0.184	0.176
9197	98535	0.126	0.002	0.137	0.128
9197	98535	0.159	0.201	0.327	0.36
9197	98535	0.103	0.039	0.12	0.064
9197	98535	0.103	0.033	0.136	0.136
9197	98553	0.2	0.0	0.0	0.0
9197	98553	0.104	0.072	0.128	0.032
9197	98553	0.112	0.08	0.184	0.192
9197	98553	0.136	0.12	0.232	0.256
9197	98553	0.128	0.072	0.064	0.056
9197	98553	0.112	0.032	0.16	0.144
9197	98553	0.144	0.056	0.168	0.2
9197	98553	0.128	0.08	0.224	0.208
9197	98553	0.008	0.104	0.232	0.112
9197	98553	0.04	0.016	0.024	0.056
9197	98553	0.104	0.048	0.088	0.152
9197	98553	0.104	0.088	0.192	0.192
9197	98553	0.088	0.056	0.16	0.144
9197	98553	0.136	0.024	0.112	0.16
9197	98553	0.104	0.032	0.104	0.072
9197	98553	0.127	0.001	0.105	0.128
9197	98553	0.134	0.002	0.129	0.136
9197	98553	0.095	0.001	0.135	0.096
9197	98553	0.136	0.12	0.215	0.256
9197	98553	0.151	0.001	0.137	0.152
9197	98553	0.16	0.04	0.191	0.2
9197	98553	0.064	0.296	0.456	0.36
9197	98553	0.104	0.104	0.168	0.208
9197	98553	0.176	0.072	0.176	0.248
9197	98553	0.088	0.4	0.576	0.488
9197	98553	0.128	0.144	0.232	0.272
9197	98553	0.135	0.113	0.241	0.248
9197	98553	0.151	0.073	0.208	0.224
9197	98553	0.144	0.048	0.199	0.192
9197	98553	0.184	1.216	1.36	1.4
9197	98553	0.143	0.001	0.185	0.144
9197	98553	0.112	0.024	0.167	0.136
9197	98553	0.144	0.12	0.232	0.264
9197	98553	0.104	0.001	0.145	0.105
9197	98553	0.16	0.359	0.463	0.519
9197	98553	0.136	0.008	0.168	0.144
9197	98553	0.15	0.002	0.138	0.152
9197	98553	0.064	0.648	0.798	0.712
9197	98553	0.136	0.44	0.504	0.576
9197	98553	0.112	0.088	0.224	0.2
9197	98553	0.136	0.096	0.208	0.232
9197	98553	0.136	0.048	0.088	0.088
9197	98553	0.136	0.064	0.2	0.2
9197	98553	0.112	0.072	0.208	0.184
9197	98553	0.16	0.056	0.056	0.104
9197	98553	0.096	0.072	0.232	0.168
9197	98553	0.12	0.08	0.176	0.2
9197	98553	0.232	0.024	0.144	0.256
9197	98553	0.136	0.088	0.144	0.048
9197	98553	0.119	0.001	0.137	0.12
9197	98553	0.0	0.0	0.0	0.0
9197	98553	0.0	0.0	0.0	0.0
9197	98553	0.0	0.0	0.0	0.0
9197	98553	0.0	0.0	0.0	0.0
9197	98553	0.0	0.0	0.0	0.0
9197	98553	0.0	0.0	0.0	0.0
9197	98553	0.0	0.0	0.0	0.0
9197	98553	0.0	0.0	0.0	0.0
9197	98553	0.0	0.0	0.0	0.0
9197	98553	0.0	0.0	0.0	0.0
9197	98553	0.0	0.0	0.0	0.0
9197	98553	0.0	0.0	0.0	0.0
9197	98553	0.0	0.0	0.0	0.0
9197	98553	0.0	0.0	0.0	0.0
9197	98553	0.0	0.0	0.0	0.0
9197	98553	0.0	0.0	0.0	0.0
9197	98553	0.0	0.0	0.0	0.0
9197	98553	0.0	0.0	0.0	0.0
9197	98553	0.0	0.0	0.0	0.0
9197	98553	0.0	0.0	0.0	0.0
9197	98565	0.184	0.0	0.0	0.0
9197	98565	0.152	0.064	0.12	0.088
9197	98565	0.16	0.024	0.176	0.184
9197	98565	0.176	0.048	0.112	0.128
9197	98565	0.144	0.016	0.192	0.16
9197	98565	0.12	0.016	0.128	0.104
9197	98565	0.087	0.001	0.121	0.088
9197	98565	0.2	0.04	0.127	0.24
9197	98565	0.176	0.04	0.16	0.136
9197	98565	0.136	0.064	0.112	0.072
9197	98565	0.087	0.001	0.137	0.088
9197	98565	0.192	0.056	0.143	0.248
9197	98565	0.12	0.104	0.088	0.016
9197	98565	0.144	0.112	0.232	0.256
9197	98565	0.136	0.048	0.096	0.088
9197	98565	0.12	0.016	0.152	0.136
9197	98565	0.172	0.004	0.124	0.176
9197	98565	0.104	0.04	0.132	0.064
9197	98565	0.096	0.04	0.144	0.136
9197	98565	0.112	0.08	0.176	0.192
9197	98565	0.175	0.057	0.169	0.232
9197	98565	0.152	0.032	0.143	0.12
9197	98565	0.136	0.024	0.128	0.112
9197	98565	0.143	0.001	0.137	0.144
9197	98565	0.127	0.001	0.144	0.128
9197	98565	0.12	0.024	0.151	0.144
9197	98565	0.168	0.312	0.432	0.48
9197	98565	0.104	0.04	0.128	0.064
9197	98565	0.144	0.04	0.144	0.184
9197	98565	0.12	0.096	0.24	0.216
9197	98565	0.136	0.12	0.24	0.256
9197	98565	0.072	0.0	0.136	0.072
9197	98565	0.096	0.04	0.112	0.136
9197	98565	0.118	0.002	0.098	0.12
9197	98565	0.064	0.24	0.358	0.304
9197	98565	0.088	0.096	0.16	0.184
9197	98565	0.16	0.272	0.36	0.432
9197	98565	0.2	0.032	0.128	0.168
9197	98565	0.176	0.048	0.152	0.128
9197	98565	0.12	0.0	0.176	0.12
9197	98565	0.104	0.024	0.096	0.08
9197	98565	0.0	0.0	0.0	0.0
9197	98565	0.0	0.0	0.0	0.0
9197	98565	0.0	0.0	0.0	0.0
9197	98565	0.0	0.0	0.0	0.0
9197	98565	0.0	0.0	0.0	0.0
9197	98565	0.0	0.0	0.0	0.0
9197	98565	0.0	0.0	0.0	0.0
9197	98565	0.0	0.0	0.0	0.0
9197	98565	0.0	0.0	0.0	0.0
9197	98565	0.0	0.0	0.0	0.0
9197	98565	0.0	0.0	0.0	0.0
9197	98565	0.0	0.0	0.0	0.0
9197	98565	0.0	0.0	0.0	0.0
9197	98565	0.0	0.0	0.0	0.0
9197	98565	0.0	0.0	0.0	0.0
9197	98565	0.0	0.0	0.0	0.0
9197	98565	0.0	0.0	0.0	0.0
9197	98565	0.0	0.0	0.0	0.0
9197	98565	0.0	0.0	0.0	0.0
9197	98565	0.0	0.0	0.0	0.0
9197	98565	0.0	0.0	0.0	0.0
9197	98565	0.0	0.0	0.0	0.0
9197	98565	0.0	0.0	0.0	0.0
9197	98565	0.0	0.0	0.0	0.0
9197	98565	0.0	0.0	0.0	0.0
9197	98565	0.0	0.0	0.0	0.0
9197	98565	0.0	0.0	0.0	0.0
9197	98565	0.0	0.0	0.0	0.0
9197	98565	0.0	0.0	0.0	0.0
9197	98579	0.192	0.0	0.0	0.0
9197	98579	0.104	0.064	0.128	0.04
9197	98579	0.128	0.136	0.24	0.264
9197	98579	0.128	0.04	0.168	0.168
9197	98579	0.072	0.056	0.184	0.128
9197	98579	0.144	0.04	0.112	0.184
9197	98579	0.12	0.048	0.096	0.072
9197	98579	0.072	0.072	0.192	0.144
9197	98579	0.12	0.112	0.184	0.232
9197	98579	0.144	0.0	0.12	0.144
9197	98579	0.112	0.056	0.088	0.056
9197	98579	0.144	0.032	0.144	0.176
9197	98579	0.16	0.112	0.256	0.272
9197	98579	0.128	0.544	0.704	0.672
9197	98579	0.136	0.056	0.184	0.192
9197	98579	0.112	0.048	0.088	0.064
9197	98579	0.12	0.12	0.232	0.24
9197	98579	0.16	0.048	0.072	0.112
9197	98579	0.104	0.064	0.224	0.168
9197	98579	0.0	0.0	0.0	0.0
9197	98579	0.0	0.0	0.0	0.0
9197	98579	0.0	0.0	0.0	0.0
9197	98579	0.0	0.0	0.0	0.0
9197	98579	0.0	0.0	0.0	0.0
9197	98579	0.0	0.0	0.0	0.0
9197	98579	0.0	0.0	0.0	0.0
9197	98579	0.0	0.0	0.0	0.0
9197	98579	0.0	0.0	0.0	0.0
9197	98579	0.0	0.0	0.0	0.0
9197	98579	0.0	0.0	0.0	0.0
9197	98579	0.0	0.0	0.0	0.0
9197	98579	0.0	0.0	0.0	0.0
9197	98579	0.0	0.0	0.0	0.0
9197	98579	0.0	0.0	0.0	0.0
9197	98579	0.0	0.0	0.0	0.0
9197	98579	0.0	0.0	0.0	0.0
9197	98579	0.0	0.0	0.0	0.0
9197	98579	0.0	0.0	0.0	0.0
9197	98579	0.0	0.0	0.0	0.0
9197	98579	0.0	0.0	0.0	0.0
9197	98579	0.0	0.0	0.0	0.0
9197	98579	0.0	0.0	0.0	0.0
9197	98579	0.0	0.0	0.0	0.0
9197	98579	0.0	0.0	0.0	0.0
9197	98579	0.0	0.0	0.0	0.0
9197	98579	0.0	0.0	0.0	0.0
9197	98579	0.0	0.0	0.0	0.0
9197	98579	0.0	0.0	0.0	0.0
9197	98579	0.0	0.0	0.0	0.0
9197	98579	0.0	0.0	0.0	0.0
9197	98579	0.0	0.0	0.0	0.0
9197	98579	0.0	0.0	0.0	0.0
9197	98579	0.0	0.0	0.0	0.0
9197	98579	0.0	0.0	0.0	0.0
9197	98579	0.0	0.0	0.0	0.0
9197	98579	0.0	0.0	0.0	0.0
9197	98579	0.0	0.0	0.0	0.0
9197	98579	0.0	0.0	0.0	0.0
9197	98579	0.0	0.0	0.0	0.0
9197	98579	0.0	0.0	0.0	0.0
9197	98579	0.0	0.0	0.0	0.0
9197	98579	0.0	0.0	0.0	0.0
9197	98579	0.0	0.0	0.0	0.0
9197	98579	0.0	0.0	0.0	0.0
9197	98579	0.0	0.0	0.0	0.0
9197	98579	0.0	0.0	0.0	0.0
9197	98579	0.0	0.0	0.0	0.0
9197	98579	0.0	0.0	0.0	0.0
9197	98579	0.0	0.0	0.0	0.0
9197	98579	0.0	0.0	0.0	0.0
9197	98587	0.184	0.0	0.0	0.0
9197	98587	0.104	0.056	0.128	0.048
9197	98587	0.168	0.064	0.168	0.232
9197	98587	0.112	0.096	0.264	0.208
9197	98587	0.168	0.072	0.184	0.24
9197	98587	0.152	0.032	0.136	0.12
9197	98587	0.072	0.08	0.232	0.152
9197	98587	0.104	0.0	0.072	0.104
9197	98587	0.176	0.16	0.264	0.336
9197	98587	0.136	0.0	0.176	0.136
9197	98587	0.128	0.024	0.16	0.152
9197	98587	0.08	0.144	0.272	0.224
9197	98587	0.08	0.136	0.216	0.216
9197	98587	0.088	0.08	0.16	0.168
9197	98587	0.152	0.096	0.184	0.248
9197	98587	0.152	0.048	0.2	0.2
9197	98587	0.11	0.002	0.154	0.112
9197	98587	0.128	0.0	0.11	0.128
9197	98587	0.064	0.096	0.224	0.16
9197	98587	0.144	0.08	0.144	0.224
9197	98587	0.168	0.088	0.232	0.256
9197	98587	0.118	0.002	0.17	0.12
9197	98587	0.12	0.0	0.118	0.12
9197	98587	0.104	0.072	0.192	0.176
9197	98587	0.104	0.032	0.136	0.136
9197	98587	0.112	0.096	0.2	0.208
9197	98587	0.104	0.024	0.136	0.128
9197	98587	0.168	0.104	0.208	0.272
9197	98587	0.088	0.056	0.112	0.032
9197	98587	0.128	0.12	0.208	0.248
9197	98587	0.176	0.016	0.144	0.192
9197	98587	0.136	0.016	0.16	0.12
9197	98587	0.144	0.024	0.112	0.12
9197	98587	0.192	0.368	0.512	0.56
9197	98587	0.184	0.04	0.232	0.224
9197	98587	0.112	0.04	0.224	0.152
9197	98587	0.139	0.584	0.696	0.723
9197	98587	0.153	0.02	0.119	0.133
9197	98587	0.156	0.012	0.141	0.144
9197	98587	0.138	0.015	0.141	0.123
9197	98587	0.068	0.001	0.139	0.069
9197	98587	0.183	0.073	0.141	0.256
9197	98587	0.12	0.104	0.079	0.016
9197	98587	0.155	0.011	0.109	0.144
9197	98587	0.16	0.032	0.187	0.192
9197	98587	0.168	0.024	0.136	0.144
9197	98587	0.111	0.001	0.169	0.112
9197	98587	0.168	0.072	0.183	0.24
9197	98587	0.116	0.004	0.172	0.12
9197	98587	0.167	0.001	0.117	0.168
9197	98587	0.135	0.001	0.168	0.136
9197	98587	0.088	0.056	0.191	0.144
9197	98587	0.112	0.12	0.208	0.232
9197	98587	0.108	0.004	0.116	0.112
9197	98587	0.175	0.001	0.109	0.176
9197	98587	0.183	0.001	0.176	0.184
9197	98587	0.104	0.04	0.223	0.144
9197	98587	0.192	0.112	0.216	0.304
9197	98587	0.152	0.032	0.16	0.12
9197	98587	0.128	0.0	0.152	0.128
9197	98587	0.165	0.115	0.243	0.28
9197	98587	0.152	0.0	0.165	0.152
9197	98587	0.136	0.0	0.152	0.136
9197	98587	0.184	0.16	0.296	0.344
9197	98587	0.184	0.04	0.144	0.144
9197	98587	0.112	0.048	0.232	0.16
9197	98587	0.0	0.0	0.0	0.0
9197	98587	0.0	0.0	0.0	0.0
9197	98587	0.0	0.0	0.0	0.0
9197	98587	0.0	0.0	0.0	0.0
9197	98601	0.208	0.0	0.0	0.0
9197	98601	0.112	0.064	0.144	0.048
9197	98601	0.136	0.048	0.16	0.184
9197	98601	0.136	0.024	0.112	0.112
9197	98601	0.136	0.008	0.144	0.144
9197	98601	0.096	0.024	0.16	0.12
9197	98601	0.144	0.024	0.12	0.168
9197	98601	0.103	0.001	0.145	0.104
9197	98601	0.264	0.208	0.311	0.472
9197	98601	0.112	0.048	0.312	0.16
9197	98601	0.112	0.584	0.696	0.696
9197	98601	0.128	0.088	0.2	0.216
9197	98601	0.104	0.032	0.16	0.136
9197	98601	0.16	0.072	0.032	0.088
9197	98601	0.088	0.552	0.712	0.64
9197	98601	0.128	0.096	0.184	0.224
9197	98601	0.176	0.128	0.256	0.304
9197	98601	0.087	0.001	0.177	0.088
9197	98601	0.12	0.312	0.399	0.432
9197	98601	0.128	0.128	0.248	0.256
9197	98601	0.144	0.032	0.16	0.176
9197	98601	0.112	0.048	0.096	0.064
9197	98601	0.104	0.12	0.232	0.224
9197	98601	0.136	0.064	0.168	0.2
9197	98601	0.144	0.032	0.104	0.112
9197	98601	0.104	0.0	0.144	0.104
9197	98601	0.088	0.0	0.104	0.088
9197	98601	0.134	0.002	0.09	0.136
9197	98601	0.112	0.0	0.134	0.112
9197	98601	0.168	0.04	0.152	0.208
9197	98601	0.119	0.048	0.12	0.071
9197	98601	0.152	0.033	0.152	0.185
9197	98601	0.08	0.08	0.232	0.16
9197	98601	0.151	0.056	0.136	0.207
9197	98601	0.112	0.049	0.2	0.161
9197	98601	0.0	0.0	0.0	0.0
9197	98601	0.0	0.0	0.0	0.0
9197	98601	0.0	0.0	0.0	0.0
9197	98601	0.0	0.0	0.0	0.0
9197	98601	0.0	0.0	0.0	0.0
9197	98601	0.0	0.0	0.0	0.0
9197	98601	0.0	0.0	0.0	0.0
9197	98601	0.0	0.0	0.0	0.0
9197	98601	0.0	0.0	0.0	0.0
9197	98601	0.0	0.0	0.0	0.0
9197	98601	0.0	0.0	0.0	0.0
9197	98601	0.0	0.0	0.0	0.0
9197	98601	0.0	0.0	0.0	0.0
9197	98601	0.0	0.0	0.0	0.0
9197	98601	0.0	0.0	0.0	0.0
9197	98601	0.0	0.0	0.0	0.0
9197	98601	0.0	0.0	0.0	0.0
9197	98601	0.0	0.0	0.0	0.0
9197	98601	0.0	0.0	0.0	0.0
9197	98601	0.0	0.0	0.0	0.0
9197	98601	0.0	0.0	0.0	0.0
9197	98601	0.0	0.0	0.0	0.0
9197	98601	0.0	0.0	0.0	0.0
9197	98601	0.0	0.0	0.0	0.0
9197	98601	0.0	0.0	0.0	0.0
9197	98601	0.0	0.0	0.0	0.0
9197	98601	0.0	0.0	0.0	0.0
9197	98601	0.0	0.0	0.0	0.0
9197	98601	0.0	0.0	0.0	0.0
9197	98601	0.0	0.0	0.0	0.0
9197	98601	0.0	0.0	0.0	0.0
9197	98601	0.0	0.0	0.0	0.0
9197	98601	0.0	0.0	0.0	0.0
9197	98601	0.0	0.0	0.0	0.0
9197	98601	0.0	0.0	0.0	0.0
9197	98609	0.183	0.0	0.0	0.0
9197	98609	0.151	0.063	0.12	0.088
9197	98609	0.144	0.056	0.207	0.2
9197	98609	0.104	0.088	0.232	0.192
9197	98609	0.104	0.072	0.176	0.176
9197	98609	0.112	0.04	0.144	0.152
9197	98609	0.17	0.006	0.118	0.176
9197	98609	0.175	0.103	0.067	0.072
9197	98609	0.112	0.056	0.231	0.168
9197	98609	0.104	0.048	0.064	0.056
9197	98609	0.128	0.088	0.192	0.216
9197	98609	0.159	0.039	0.089	0.12
9197	98609	0.119	0.023	0.136	0.096
9197	98609	0.096	0.08	0.199	0.176
9197	98609	0.168	0.04	0.136	0.208
9197	98609	0.144	0.064	0.232	0.208
9197	98609	0.151	0.001	0.145	0.152
9197	98609	0.152	0.04	0.111	0.112
9197	98609	0.016	0.016	0.168	0.032
9197	98609	0.064	0.016	0.032	0.08
9197	98609	0.128	0.112	0.176	0.24
9197	98609	0.143	0.001	0.129	0.144
9197	98609	0.128	0.016	0.159	0.144
9197	98609	0.112	0.024	0.152	0.136
9197	98609	0.136	0.12	0.232	0.256
9197	98609	0.135	0.001	0.137	0.136
9197	98609	0.105	0.104	0.031	0.001
9197	98609	0.112	0.119	0.224	0.231
9197	98609	0.048	0.128	0.24	0.176
9197	98609	0.128	0.04	0.088	0.168
9197	98609	0.128	0.04	0.168	0.168
9197	98609	0.137	0.024	0.152	0.161
9197	98609	0.184	0.103	0.24	0.287
9197	98609	0.038	0.002	0.186	0.04
9197	98609	0.112	0.024	0.062	0.136
9197	98609	0.12	0.088	0.2	0.208
9197	98609	0.08	0.04	0.16	0.12
9197	98609	0.016	0.528	0.608	0.544
9197	98609	0.136	0.016	0.032	0.152
9197	98609	0.112	0.096	0.232	0.208
9197	98609	0.168	0.016	0.096	0.152
9197	98609	0.103	0.001	0.169	0.104
9197	98609	0.112	0.104	0.207	0.216
9197	98609	0.096	0.064	0.176	0.16
9197	98609	0.104	0.064	0.16	0.168
9197	98609	0.135	0.001	0.105	0.136
9197	98609	0.12	0.04	0.175	0.16
9197	98609	0.0	0.0	0.0	0.0
9197	98609	0.0	0.0	0.0	0.0
9197	98609	0.0	0.0	0.0	0.0
9197	98609	0.0	0.0	0.0	0.0
9197	98609	0.0	0.0	0.0	0.0
9197	98609	0.0	0.0	0.0	0.0
9197	98609	0.0	0.0	0.0	0.0
9197	98609	0.0	0.0	0.0	0.0
9197	98609	0.0	0.0	0.0	0.0
9197	98609	0.0	0.0	0.0	0.0
9197	98609	0.0	0.0	0.0	0.0
9197	98609	0.0	0.0	0.0	0.0
9197	98609	0.0	0.0	0.0	0.0
9197	98609	0.0	0.0	0.0	0.0
9197	98609	0.0	0.0	0.0	0.0
9197	98609	0.0	0.0	0.0	0.0
9197	98609	0.0	0.0	0.0	0.0
9197	98609	0.0	0.0	0.0	0.0
9197	98609	0.0	0.0	0.0	0.0
9197	98609	0.0	0.0	0.0	0.0
9197	98609	0.0	0.0	0.0	0.0
9197	98609	0.0	0.0	0.0	0.0
9197	98609	0.0	0.0	0.0	0.0
9197	98622	0.216	0.0	0.0	0.0
9197	98622	0.128	0.096	0.12	0.032
9197	98622	0.128	0.024	0.152	0.152
9197	98622	0.144	0.096	0.032	0.048
9197	98622	0.12	0.344	0.488	0.464
9197	98622	0.142	0.002	0.122	0.144
9197	98622	0.103	0.001	0.143	0.104
9197	98622	0.128	0.128	0.231	0.256
9197	98622	0.159	0.001	0.129	0.16
9197	98622	0.192	0.512	0.671	0.704
9197	98622	0.144	0.032	0.224	0.176
9197	98622	0.096	0.016	0.16	0.112
9197	98622	0.072	0.096	0.192	0.168
9197	98622	0.136	0.032	0.104	0.168
9197	98622	0.127	0.001	0.137	0.128
9197	98622	0.144	0.024	0.151	0.168
9197	98622	0.08	0.08	0.224	0.16
9197	98622	0.104	0.024	0.104	0.128
9197	98622	0.104	0.032	0.072	0.072
9197	98622	0.128	0.024	0.128	0.152
9197	98622	0.112	0.024	0.104	0.088
9197	98622	0.08	0.064	0.176	0.144
9197	98622	0.112	0.048	0.128	0.16
9197	98622	0.12	0.04	0.072	0.08
9197	98622	0.112	0.04	0.16	0.152
9197	98622	0.119	0.001	0.113	0.12
9197	98622	0.125	0.291	0.41	0.416
9197	98622	0.144	0.152	0.277	0.296
9197	98622	0.128	0.36	0.504	0.488
9197	98622	0.136	0.096	0.224	0.232
9197	98622	0.136	0.072	0.208	0.208
9197	98622	0.136	1.232	1.368	1.368
9197	98622	0.064	0.416	0.552	0.48
9197	98622	0.088	0.112	0.176	0.2
9197	98622	0.144	1.104	1.192	1.248
9197	98622	0.16	0.44	0.584	0.6
9197	98622	0.144	0.152	0.312	0.296
9197	98622	0.151	0.385	0.529	0.536
9197	98622	0.152	0.08	0.231	0.232
9197	98622	0.16	0.104	0.048	0.056
9197	98622	0.12	0.048	0.208	0.168
9197	98622	0.152	0.216	0.336	0.368
9197	98622	0.0	0.0	0.0	0.0
9197	98622	0.0	0.0	0.0	0.0
9197	98622	0.0	0.0	0.0	0.0
9197	98622	0.0	0.0	0.0	0.0
9197	98622	0.0	0.0	0.0	0.0
9197	98622	0.0	0.0	0.0	0.0
9197	98622	0.0	0.0	0.0	0.0
9197	98622	0.0	0.0	0.0	0.0
9197	98622	0.0	0.0	0.0	0.0
9197	98622	0.0	0.0	0.0	0.0
9197	98622	0.0	0.0	0.0	0.0
9197	98622	0.0	0.0	0.0	0.0
9197	98622	0.0	0.0	0.0	0.0
9197	98622	0.0	0.0	0.0	0.0
9197	98622	0.0	0.0	0.0	0.0
9197	98622	0.0	0.0	0.0	0.0
9197	98622	0.0	0.0	0.0	0.0
9197	98622	0.0	0.0	0.0	0.0
9197	98622	0.0	0.0	0.0	0.0
9197	98622	0.0	0.0	0.0	0.0
9197	98622	0.0	0.0	0.0	0.0
9197	98622	0.0	0.0	0.0	0.0
9197	98622	0.0	0.0	0.0	0.0
9197	98622	0.0	0.0	0.0	0.0
9197	98622	0.0	0.0	0.0	0.0
9197	98622	0.0	0.0	0.0	0.0
9197	98622	0.0	0.0	0.0	0.0
9197	98622	0.0	0.0	0.0	0.0
9197	98636	0.176	0.0	0.0	0.0
9197	98636	0.184	0.08	0.096	0.104
9197	98636	0.128	0.088	0.272	0.216
9197	98636	0.104	0.096	0.224	0.2
9197	98636	0.144	0.056	0.16	0.2
9197	98636	0.143	0.001	0.145	0.144
9197	98636	0.118	0.002	0.145	0.12
9197	98636	0.136	0.008	0.126	0.144
9197	98636	0.184	0.0	0.136	0.184
9197	98636	0.128	0.024	0.16	0.104
9197	98636	0.12	0.072	0.2	0.192
9197	98636	0.152	0.064	0.184	0.216
9197	98636	0.128	0.096	0.248	0.224
9197	98636	0.08	0.56	0.688	0.64
9197	98636	0.12	0.328	0.408	0.448
9197	98636	0.12	0.12	0.24	0.24
9197	98636	0.128	0.064	0.184	0.192
9197	98636	0.112	0.024	0.104	0.088
9197	98636	0.112	0.088	0.2	0.2
9197	98636	0.136	0.128	0.24	0.264
9197	98636	0.104	0.024	0.112	0.08
9197	98636	0.176	0.208	0.312	0.384
9197	98636	0.135	0.001	0.177	0.136
9197	98636	0.128	0.056	0.079	0.072
9197	98636	0.136	0.048	0.176	0.184
9197	98636	0.104	0.072	0.064	0.032
9197	98636	0.144	0.024	0.128	0.168
9197	98636	0.2	0.024	0.168	0.224
9197	98636	0.112	0.048	0.152	0.064
9197	98636	0.152	0.136	0.248	0.288
9197	98636	0.16	0.0	0.152	0.16
9197	98636	0.104	0.08	0.24	0.184
9197	98636	0.192	0.064	0.168	0.256
9197	98636	0.144	0.088	0.104	0.056
9197	98636	0.136	0.104	0.248	0.24
9197	98636	0.16	0.072	0.064	0.088
9197	98636	0.128	0.104	0.264	0.232
9197	98636	0.128	0.056	0.184	0.184
9197	98636	0.12	0.056	0.184	0.176
9197	98636	0.112	0.016	0.104	0.096
9197	98636	0.112	0.112	0.224	0.224
9197	98636	0.0	0.0	0.0	0.0
9197	98636	0.0	0.0	0.0	0.0
9197	98636	0.0	0.0	0.0	0.0
9197	98636	0.0	0.0	0.0	0.0
9197	98636	0.0	0.0	0.0	0.0
9197	98636	0.0	0.0	0.0	0.0
9197	98636	0.0	0.0	0.0	0.0
9197	98636	0.0	0.0	0.0	0.0
9197	98636	0.0	0.0	0.0	0.0
9197	98636	0.0	0.0	0.0	0.0
9197	98636	0.0	0.0	0.0	0.0
9197	98636	0.0	0.0	0.0	0.0
9197	98636	0.0	0.0	0.0	0.0
9197	98636	0.0	0.0	0.0	0.0
9197	98636	0.0	0.0	0.0	0.0
9197	98636	0.0	0.0	0.0	0.0
9197	98636	0.0	0.0	0.0	0.0
9197	98636	0.0	0.0	0.0	0.0
9197	98636	0.0	0.0	0.0	0.0
9197	98636	0.0	0.0	0.0	0.0
9197	98636	0.0	0.0	0.0	0.0
9197	98636	0.0	0.0	0.0	0.0
9197	98636	0.0	0.0	0.0	0.0
9197	98636	0.0	0.0	0.0	0.0
9197	98636	0.0	0.0	0.0	0.0
9197	98636	0.0	0.0	0.0	0.0
9197	98636	0.0	0.0	0.0	0.0
9197	98636	0.0	0.0	0.0	0.0
9197	98636	0.0	0.0	0.0	0.0
