PARTICIPANT_ID	TEST_SECTION_ID	HOLD_LATENCY	INTERKEY_LATENCY	PRESS_LATENCY	RELEASE_LATENCY
9510	101699	0.203	0.0	0.0	0.0
9510	101699	0.141	0.078	0.125	0.063
9510	101699	0.11	0.094	0.235	0.204
9510	101699	0.133	0.517	0.627	0.65
9510	101699	0.07	0.016	0.149	0.086
9510	101699	0.06	0.125	0.195	0.185
9510	101699	0.163	0.024	0.084	0.187
9510	101699	0.131	0.095	0.258	0.226
9510	101699	0.105	0.063	0.194	0.168
9510	101699	0.103	0.266	0.371	0.369
9510	101699	0.096	0.188	0.291	0.284
9510	101699	0.068	0.319	0.415	0.387
9510	101699	0.104	0.11	0.178	0.214
9510	101699	0.138	0.047	0.151	0.185
9510	101699	0.12	0.062	0.2	0.182
9510	101699	0.104	0.016	0.136	0.12
9510	101699	0.192	0.154	0.258	0.346
9510	101699	0.087	0.187	0.379	0.274
9510	101699	0.105	0.078	0.165	0.183
9510	101699	0.127	0.156	0.261	0.283
9510	101699	0.174	0.032	0.159	0.206
9510	101699	0.103	0.039	0.135	0.064
9510	101699	0.135	0.581	0.684	0.716
9510	101699	0.101	0.234	0.369	0.335
9510	101699	0.0	0.0	0.0	0.0
9510	101699	0.0	0.0	0.0	0.0
9510	101699	0.0	0.0	0.0	0.0
9510	101699	0.0	0.0	0.0	0.0
9510	101699	0.0	0.0	0.0	0.0
9510	101699	0.0	0.0	0.0	0.0
9510	101699	0.0	0.0	0.0	0.0
9510	101699	0.0	0.0	0.0	0.0
9510	101699	0.0	0.0	0.0	0.0
9510	101699	0.0	0.0	0.0	0.0
9510	101699	0.0	0.0	0.0	0.0
9510	101699	0.0	0.0	0.0	0.0
9510	101699	0.0	0.0	0.0	0.0
9510	101699	0.0	0.0	0.0	0.0
9510	101699	0.0	0.0	0.0	0.0
9510	101699	0.0	0.0	0.0	0.0
9510	101699	0.0	0.0	0.0	0.0
9510	101699	0.0	0.0	0.0	0.0
9510	101699	0.0	0.0	0.0	0.0
9510	101699	0.0	0.0	0.0	0.0
9510	101699	0.0	0.0	0.0	0.0
9510	101699	0.0	0.0	0.0	0.0
9510	101699	0.0	0.0	0.0	0.0
9510	101699	0.0	0.0	0.0	0.0
9510	101699	0.0	0.0	0.0	0.0
9510	101699	0.0	0.0	0.0	0.0
9510	101699	0.0	0.0	0.0	0.0
9510	101699	0.0	0.0	0.0	0.0
9510	101699	0.0	0.0	0.0	0.0
9510	101699	0.0	0.0	0.0	0.0
9510	101699	0.0	0.0	0.0	0.0
9510	101699	0.0	0.0	0.0	0.0
9510	101699	0.0	0.0	0.0	0.0
9510	101699	0.0	0.0	0.0	0.0
9510	101699	0.0	0.0	0.0	0.0
9510	101699	0.0	0.0	0.0	0.0
9510	101699	0.0	0.0	0.0	0.0
9510	101699	0.0	0.0	0.0	0.0
9510	101699	0.0	0.0	0.0	0.0
9510	101699	0.0	0.0	0.0	0.0
9510	101699	0.0	0.0	0.0	0.0
9510	101699	0.0	0.0	0.0	0.0
9510	101699	0.0	0.0	0.0	0.0
9510	101699	0.0	0.0	0.0	0.0
9510	101699	0.0	0.0	0.0	0.0
9510	101699	0.0	0.0	0.0	0.0
9510	101708	0.256	0.0	0.0	0.0
9510	101708	0.132	0.116	0.14	0.016
9510	101708	0.131	0.094	0.226	0.225
9510	101708	0.092	0.6	0.731	0.692
9510	101708	0.138	0.094	0.186	0.232
9510	101708	0.091	0.046	0.184	0.137
9510	101708	0.135	0.098	0.189	0.233
9510	101708	0.072	0.297	0.432	0.369
9510	101708	0.117	0.55	0.622	0.667
9510	101708	0.118	0.265	0.382	0.383
9510	101708	0.093	0.094	0.212	0.187
9510	101708	0.111	0.156	0.249	0.267
9510	101708	0.099	0.267	0.378	0.366
9510	101708	0.121	0.031	0.13	0.152
9510	101708	0.095	0.391	0.512	0.486
9510	101708	0.09	0.078	0.173	0.168
9510	101708	0.12	0.078	0.168	0.198
9510	101708	0.133	0.0	0.12	0.133
9510	101708	0.165	0.05	0.183	0.215
9510	101708	0.1	0.172	0.337	0.272
9510	101708	0.088	0.032	0.132	0.12
9510	101708	0.125	0.14	0.228	0.265
9510	101708	0.106	0.032	0.093	0.074
9510	101708	0.15	0.14	0.246	0.29
9510	101708	0.163	0.193	0.343	0.356
9510	101708	0.12	0.037	0.126	0.083
9510	101708	0.131	0.0	0.12	0.131
9510	101708	0.137	0.031	0.162	0.168
9510	101708	0.123	0.345	0.482	0.468
9510	101708	0.07	0.235	0.358	0.305
9510	101708	0.07	0.114	0.184	0.184
9510	101708	0.073	0.078	0.148	0.151
9510	101708	0.125	0.156	0.229	0.281
9510	101708	0.091	0.227	0.352	0.318
9510	101708	0.139	0.094	0.185	0.233
9510	101708	0.06	0.078	0.217	0.138
9510	101708	0.18	0.297	0.357	0.477
9510	101708	0.0	0.0	0.0	0.0
9510	101708	0.0	0.0	0.0	0.0
9510	101708	0.0	0.0	0.0	0.0
9510	101708	0.0	0.0	0.0	0.0
9510	101708	0.0	0.0	0.0	0.0
9510	101708	0.0	0.0	0.0	0.0
9510	101708	0.0	0.0	0.0	0.0
9510	101708	0.0	0.0	0.0	0.0
9510	101708	0.0	0.0	0.0	0.0
9510	101708	0.0	0.0	0.0	0.0
9510	101708	0.0	0.0	0.0	0.0
9510	101708	0.0	0.0	0.0	0.0
9510	101708	0.0	0.0	0.0	0.0
9510	101708	0.0	0.0	0.0	0.0
9510	101708	0.0	0.0	0.0	0.0
9510	101708	0.0	0.0	0.0	0.0
9510	101708	0.0	0.0	0.0	0.0
9510	101708	0.0	0.0	0.0	0.0
9510	101708	0.0	0.0	0.0	0.0
9510	101708	0.0	0.0	0.0	0.0
9510	101708	0.0	0.0	0.0	0.0
9510	101708	0.0	0.0	0.0	0.0
9510	101708	0.0	0.0	0.0	0.0
9510	101708	0.0	0.0	0.0	0.0
9510	101708	0.0	0.0	0.0	0.0
9510	101708	0.0	0.0	0.0	0.0
9510	101708	0.0	0.0	0.0	0.0
9510	101708	0.0	0.0	0.0	0.0
9510	101708	0.0	0.0	0.0	0.0
9510	101708	0.0	0.0	0.0	0.0
9510	101708	0.0	0.0	0.0	0.0
9510	101708	0.0	0.0	0.0	0.0
9510	101708	0.0	0.0	0.0	0.0
9510	101720	0.212	0.0	0.0	0.0
9510	101720	0.164	0.055	0.157	0.109
9510	101720	0.08	0.063	0.227	0.143
9510	101720	0.131	0.364	0.444	0.495
9510	101720	0.145	0.188	0.319	0.333
9510	101720	0.121	0.249	0.394	0.37
9510	101720	0.088	0.216	0.337	0.304
9510	101720	0.105	0.078	0.166	0.183
9510	101720	0.096	0.188	0.293	0.284
9510	101720	0.1	0.078	0.174	0.178
9510	101720	0.3	0.207	0.307	0.507
9510	101720	0.097	0.097	0.203	0.0
9510	101720	0.118	0.184	0.281	0.302
9510	101720	0.119	0.148	0.266	0.267
9510	101720	0.119	0.031	0.15	0.15
9510	101720	0.103	0.0	0.119	0.103
9510	101720	0.103	0.263	0.366	0.366
9510	101720	0.112	0.205	0.308	0.317
9510	101720	0.078	0.093	0.205	0.171
9510	101720	0.122	0.125	0.203	0.247
9510	101720	0.122	0.078	0.2	0.2
9510	101720	0.152	0.047	0.169	0.199
9510	101720	0.104	0.03	0.122	0.074
9510	101720	0.162	0.0	0.104	0.162
9510	101720	0.138	0.079	0.241	0.217
9510	101720	0.205	0.519	0.657	0.724
9510	101720	0.127	0.08	0.125	0.047
9510	101720	0.061	0.192	0.319	0.253
9510	101720	0.063	0.375	0.436	0.438
9510	101720	0.532	0.078	0.141	0.61
9510	101720	0.079	0.313	0.219	0.234
9510	101720	0.09	0.602	0.681	0.692
9510	101720	0.99	0.282	0.372	1.272
9510	101720	0.075	0.091	0.899	0.016
9510	101720	0.123	0.595	0.67	0.718
9510	101720	0.11	0.156	0.279	0.266
9510	101720	0.044	0.11	0.22	0.154
9510	101720	0.064	0.369	0.413	0.433
9510	101720	0.041	0.125	0.189	0.166
9510	101720	0.089	1.568	1.609	1.657
9510	101720	0.076	0.14	0.229	0.216
9510	101720	0.113	0.114	0.19	0.227
9510	101720	0.072	0.774	0.887	0.846
9510	101720	1.752	0.831	0.903	2.583
9510	101720	0.173	0.272	1.48	0.099
9510	101720	0.809	0.893	1.066	1.702
9510	101720	0.098	0.238	0.571	0.14
9510	101720	0.349	0.834	0.932	1.183
9510	101720	0.131	0.131	0.218	0.0
9510	101720	0.115	0.424	0.555	0.539
9510	101720	0.151	0.43	0.545	0.581
9510	101720	0.089	0.032	0.183	0.121
9510	101720	0.104	0.112	0.201	0.216
9510	101720	0.126	0.04	0.144	0.166
9510	101720	0.154	0.281	0.407	0.435
9510	101720	0.147	0.235	0.389	0.382
9510	101720	0.168	0.0	0.147	0.168
9510	101720	0.12	0.0	0.168	0.12
9510	101720	0.149	0.266	0.386	0.415
9510	101720	0.126	0.062	0.211	0.188
9510	101720	0.129	0.141	0.267	0.27
9510	101720	0.093	0.036	0.093	0.057
9510	101720	0.159	0.297	0.39	0.456
9510	101720	0.116	0.156	0.315	0.272
9510	101720	0.0	0.0	0.0	0.0
9510	101720	0.0	0.0	0.0	0.0
9510	101720	0.0	0.0	0.0	0.0
9510	101720	0.0	0.0	0.0	0.0
9510	101720	0.0	0.0	0.0	0.0
9510	101720	0.0	0.0	0.0	0.0
9510	101740	0.313	0.0	0.0	0.0
9510	101740	0.103	0.166	0.147	0.063
9510	101740	0.111	0.375	0.478	0.486
9510	101740	0.14	0.094	0.205	0.234
9510	101740	0.091	0.078	0.218	0.169
9510	101740	0.043	0.313	0.404	0.356
9510	101740	0.057	0.11	0.153	0.167
9510	101740	0.121	0.627	0.684	0.748
9510	101740	0.07	0.067	0.188	0.137
9510	101740	0.042	0.11	0.18	0.152
9510	101740	0.104	0.11	0.152	0.214
9510	101740	0.148	0.015	0.119	0.163
9510	101740	0.129	0.047	0.195	0.176
9510	101740	0.112	0.039	0.09	0.073
9510	101740	0.137	0.063	0.175	0.2
9510	101740	0.145	0.125	0.262	0.27
9510	101740	0.085	0.203	0.348	0.288
9510	101740	0.134	0.346	0.431	0.48
9510	101740	0.102	0.045	0.089	0.057
9510	101740	0.135	0.11	0.212	0.245
9510	101740	0.147	0.037	0.172	0.184
9510	101740	0.118	0.035	0.182	0.153
9510	101740	0.063	0.125	0.243	0.188
9510	101740	0.197	0.941	1.004	1.138
9510	101740	0.1	0.068	0.129	0.032
9510	101740	0.124	0.125	0.225	0.249
9510	101740	0.101	0.0	0.124	0.101
9510	101740	0.056	0.0	0.101	0.056
9510	101740	0.13	0.452	0.508	0.582
9510	101740	0.068	0.031	0.161	0.099
9510	101740	0.137	0.094	0.162	0.231
9510	101740	0.083	0.456	0.593	0.539
9510	101740	0.084	0.25	0.333	0.334
9510	101740	0.09	0.062	0.146	0.152
9510	101740	0.085	0.031	0.121	0.116
9510	101740	0.115	0.016	0.101	0.131
9510	101740	0.09	0.079	0.194	0.169
9510	101740	0.112	0.22	0.31	0.332
9510	101740	0.106	0.063	0.175	0.169
9510	101740	0.0	0.0	0.0	0.0
9510	101740	0.0	0.0	0.0	0.0
9510	101740	0.0	0.0	0.0	0.0
9510	101740	0.0	0.0	0.0	0.0
9510	101740	0.0	0.0	0.0	0.0
9510	101740	0.0	0.0	0.0	0.0
9510	101740	0.0	0.0	0.0	0.0
9510	101740	0.0	0.0	0.0	0.0
9510	101740	0.0	0.0	0.0	0.0
9510	101740	0.0	0.0	0.0	0.0
9510	101740	0.0	0.0	0.0	0.0
9510	101740	0.0	0.0	0.0	0.0
9510	101740	0.0	0.0	0.0	0.0
9510	101740	0.0	0.0	0.0	0.0
9510	101740	0.0	0.0	0.0	0.0
9510	101740	0.0	0.0	0.0	0.0
9510	101740	0.0	0.0	0.0	0.0
9510	101740	0.0	0.0	0.0	0.0
9510	101740	0.0	0.0	0.0	0.0
9510	101740	0.0	0.0	0.0	0.0
9510	101740	0.0	0.0	0.0	0.0
9510	101740	0.0	0.0	0.0	0.0
9510	101740	0.0	0.0	0.0	0.0
9510	101740	0.0	0.0	0.0	0.0
9510	101740	0.0	0.0	0.0	0.0
9510	101740	0.0	0.0	0.0	0.0
9510	101740	0.0	0.0	0.0	0.0
9510	101740	0.0	0.0	0.0	0.0
9510	101740	0.0	0.0	0.0	0.0
9510	101740	0.0	0.0	0.0	0.0
9510	101740	0.0	0.0	0.0	0.0
9510	101752	0.195	0.0	0.0	0.0
9510	101752	0.177	0.052	0.143	0.125
9510	101752	0.076	0.0	0.177	0.076
9510	101752	0.149	0.034	0.042	0.115
9510	101752	0.124	0.14	0.289	0.264
9510	101752	0.139	0.297	0.421	0.436
9510	101752	0.09	0.044	0.183	0.134
9510	101752	0.12	0.078	0.168	0.198
9510	101752	0.205	0.156	0.276	0.361
9510	101752	0.096	0.047	0.252	0.143
9510	101752	0.144	0.063	0.159	0.207
9510	101752	0.158	0.049	0.193	0.207
9510	101752	0.091	0.416	0.574	0.507
9510	101752	0.117	0.016	0.107	0.133
9510	101752	0.149	0.047	0.164	0.196
9510	101752	0.08	0.159	0.308	0.239
9510	101752	0.063	0.037	0.117	0.1
9510	101752	0.119	0.129	0.192	0.248
9510	101752	0.121	0.031	0.15	0.152
9510	101752	0.055	0.266	0.387	0.321
9510	101752	0.133	0.063	0.118	0.196
9510	101752	0.04	0.752	0.885	0.792
9510	101752	0.108	0.406	0.446	0.514
9510	101752	0.1	0.234	0.342	0.334
9510	101752	0.073	0.566	0.666	0.639
9510	101752	0.074	0.079	0.152	0.153
9510	101752	0.118	0.093	0.167	0.211
9510	101752	0.103	0.0	0.118	0.103
9510	101752	0.123	0.125	0.228	0.248
9510	101752	0.096	0.406	0.529	0.502
9510	101752	0.116	0.235	0.331	0.351
9510	101752	0.137	0.047	0.163	0.184
9510	101752	0.135	0.234	0.371	0.369
9510	101752	0.108	0.243	0.378	0.351
9510	101752	0.088	0.0	0.108	0.088
9510	101752	0.068	0.281	0.369	0.349
9510	101752	0.072	0.063	0.131	0.135
9510	101752	0.155	0.032	0.104	0.187
9510	101752	0.119	0.055	0.1	0.064
9510	101752	0.11	0.172	0.291	0.282
9510	101752	0.063	0.343	0.453	0.406
9510	101752	0.13	0.016	0.079	0.146
9510	101752	0.071	0.031	0.161	0.102
9510	101752	0.121	0.125	0.196	0.246
9510	101752	0.104	0.017	0.138	0.121
9510	101752	0.099	0.151	0.255	0.25
9510	101752	0.107	0.078	0.177	0.185
9510	101752	0.131	0.0	0.107	0.131
9510	101752	0.114	0.188	0.319	0.302
9510	101752	0.075	0.027	0.141	0.102
9510	101752	0.115	0.383	0.458	0.498
9510	101752	0.182	0.0	0.115	0.182
9510	101752	0.107	0.032	0.214	0.139
9510	101752	0.063	0.156	0.263	0.219
9510	101752	0.056	0.047	0.11	0.103
9510	101752	0.068	0.517	0.573	0.585
9510	101752	0.1	0.047	0.115	0.147
9510	101752	0.108	0.391	0.491	0.499
9510	101752	0.0	0.0	0.0	0.0
9510	101752	0.0	0.0	0.0	0.0
9510	101752	0.0	0.0	0.0	0.0
9510	101752	0.0	0.0	0.0	0.0
9510	101752	0.0	0.0	0.0	0.0
9510	101752	0.0	0.0	0.0	0.0
9510	101752	0.0	0.0	0.0	0.0
9510	101752	0.0	0.0	0.0	0.0
9510	101752	0.0	0.0	0.0	0.0
9510	101752	0.0	0.0	0.0	0.0
9510	101752	0.0	0.0	0.0	0.0
9510	101752	0.0	0.0	0.0	0.0
9510	101770	0.291	0.0	0.0	0.0
9510	101770	0.088	0.119	0.172	0.031
9510	101770	0.113	0.488	0.576	0.601
9510	101770	0.105	0.063	0.176	0.168
9510	101770	0.128	0.359	0.464	0.487
9510	101770	0.117	0.035	0.093	0.082
9510	101770	0.101	0.016	0.133	0.117
9510	101770	0.103	0.031	0.132	0.134
9510	101770	0.158	0.156	0.259	0.314
9510	101770	0.107	0.047	0.205	0.154
9510	101770	0.069	0.0	0.107	0.069
9510	101770	0.066	0.084	0.153	0.15
9510	101770	0.118	0.062	0.128	0.18
9510	101770	0.119	0.016	0.134	0.135
9510	101770	0.129	0.094	0.213	0.223
9510	101770	0.113	0.037	0.092	0.076
9510	101770	0.153	0.031	0.144	0.184
9510	101770	0.204	0.472	0.625	0.676
9510	101770	0.087	0.362	0.566	0.449
9510	101770	0.149	0.297	0.384	0.446
9510	101770	0.093	0.047	0.196	0.14
9510	101770	0.099	0.266	0.359	0.365
9510	101770	0.126	0.308	0.407	0.434
9510	101770	0.072	0.016	0.142	0.088
9510	101770	0.137	0.125	0.197	0.262
9510	101770	0.107	0.047	0.184	0.154
9510	101770	0.063	0.089	0.196	0.152
9510	101770	0.125	0.239	0.302	0.364
9510	101770	0.097	0.707	0.832	0.804
9510	101770	0.79	0.344	0.441	1.134
9510	101770	0.064	0.126	0.664	0.062
9510	101770	0.182	0.848	0.912	1.03
9510	101770	0.034	0.281	0.463	0.315
9510	101770	0.055	0.075	0.109	0.13
9510	101770	0.141	0.187	0.242	0.328
9510	101770	0.093	0.344	0.485	0.437
9510	101770	0.108	0.109	0.202	0.217
9510	101770	0.114	0.204	0.312	0.318
9510	101770	0.136	0.13	0.244	0.266
9510	101770	0.102	0.234	0.37	0.336
9510	101770	0.136	0.063	0.165	0.199
9510	101770	0.072	0.0	0.136	0.072
9510	101770	0.105	0.143	0.215	0.248
9510	101770	0.084	0.168	0.273	0.252
9510	101770	0.12	0.062	0.146	0.182
9510	101770	0.084	0.069	0.189	0.153
9510	101770	0.117	0.031	0.115	0.148
9510	101770	0.143	0.188	0.305	0.331
9510	101770	0.0	0.0	0.0	0.0
9510	101770	0.0	0.0	0.0	0.0
9510	101770	0.0	0.0	0.0	0.0
9510	101770	0.0	0.0	0.0	0.0
9510	101770	0.0	0.0	0.0	0.0
9510	101770	0.0	0.0	0.0	0.0
9510	101770	0.0	0.0	0.0	0.0
9510	101770	0.0	0.0	0.0	0.0
9510	101770	0.0	0.0	0.0	0.0
9510	101770	0.0	0.0	0.0	0.0
9510	101770	0.0	0.0	0.0	0.0
9510	101770	0.0	0.0	0.0	0.0
9510	101770	0.0	0.0	0.0	0.0
9510	101770	0.0	0.0	0.0	0.0
9510	101770	0.0	0.0	0.0	0.0
9510	101770	0.0	0.0	0.0	0.0
9510	101770	0.0	0.0	0.0	0.0
9510	101770	0.0	0.0	0.0	0.0
9510	101770	0.0	0.0	0.0	0.0
9510	101770	0.0	0.0	0.0	0.0
9510	101770	0.0	0.0	0.0	0.0
9510	101770	0.0	0.0	0.0	0.0
9510	101787	0.201	0.0	0.0	0.0
9510	101787	0.075	0.091	0.11	0.016
9510	101787	0.112	0.203	0.278	0.315
9510	101787	0.065	0.157	0.269	0.222
9510	101787	0.114	0.0	0.065	0.114
9510	101787	0.095	0.141	0.255	0.236
9510	101787	0.125	0.023	0.118	0.148
9510	101787	0.134	0.031	0.156	0.165
9510	101787	0.126	0.125	0.259	0.251
9510	101787	0.107	0.112	0.238	0.219
9510	101787	0.138	0.062	0.169	0.2
9510	101787	0.127	0.274	0.412	0.401
9510	101787	0.133	0.0	0.127	0.133
9510	101787	0.105	0.0	0.133	0.105
9510	101787	0.103	0.312	0.417	0.415
9510	101787	0.136	0.297	0.4	0.433
9510	101787	0.082	0.106	0.242	0.188
9510	101787	0.055	0.314	0.396	0.369
9510	101787	0.117	0.031	0.086	0.148
9510	101787	0.092	0.094	0.211	0.186
9510	101787	0.09	0.094	0.186	0.184
9510	101787	0.121	0.078	0.168	0.199
9510	101787	0.105	0.263	0.384	0.368
9510	101787	0.149	0.016	0.121	0.165
9510	101787	0.103	0.0	0.149	0.103
9510	101787	0.137	0.831	0.934	0.968
9510	101787	0.104	0.0	0.137	0.104
9510	101787	0.145	0.427	0.531	0.572
9510	101787	0.043	1.359	1.504	1.402
9510	101787	0.081	0.219	0.262	0.3
9510	101787	0.0	0.0	0.0	0.0
9510	101787	0.0	0.0	0.0	0.0
9510	101787	0.0	0.0	0.0	0.0
9510	101787	0.0	0.0	0.0	0.0
9510	101787	0.0	0.0	0.0	0.0
9510	101787	0.0	0.0	0.0	0.0
9510	101787	0.0	0.0	0.0	0.0
9510	101787	0.0	0.0	0.0	0.0
9510	101787	0.0	0.0	0.0	0.0
9510	101787	0.0	0.0	0.0	0.0
9510	101787	0.0	0.0	0.0	0.0
9510	101787	0.0	0.0	0.0	0.0
9510	101787	0.0	0.0	0.0	0.0
9510	101787	0.0	0.0	0.0	0.0
9510	101787	0.0	0.0	0.0	0.0
9510	101787	0.0	0.0	0.0	0.0
9510	101787	0.0	0.0	0.0	0.0
9510	101787	0.0	0.0	0.0	0.0
9510	101787	0.0	0.0	0.0	0.0
9510	101787	0.0	0.0	0.0	0.0
9510	101787	0.0	0.0	0.0	0.0
9510	101787	0.0	0.0	0.0	0.0
9510	101787	0.0	0.0	0.0	0.0
9510	101787	0.0	0.0	0.0	0.0
9510	101787	0.0	0.0	0.0	0.0
9510	101787	0.0	0.0	0.0	0.0
9510	101787	0.0	0.0	0.0	0.0
9510	101787	0.0	0.0	0.0	0.0
9510	101787	0.0	0.0	0.0	0.0
9510	101787	0.0	0.0	0.0	0.0
9510	101787	0.0	0.0	0.0	0.0
9510	101787	0.0	0.0	0.0	0.0
9510	101787	0.0	0.0	0.0	0.0
9510	101787	0.0	0.0	0.0	0.0
9510	101787	0.0	0.0	0.0	0.0
9510	101787	0.0	0.0	0.0	0.0
9510	101787	0.0	0.0	0.0	0.0
9510	101787	0.0	0.0	0.0	0.0
9510	101787	0.0	0.0	0.0	0.0
9510	101787	0.0	0.0	0.0	0.0
9510	101797	0.271	0.0	0.0	0.0
9510	101797	0.146	0.084	0.187	0.062
9510	101797	0.043	0.549	0.695	0.592
9510	101797	0.142	0.722	0.765	0.864
9510	101797	0.157	0.359	0.501	0.516
9510	101797	0.108	0.093	0.25	0.201
9510	101797	0.125	0.043	0.151	0.168
9510	101797	0.117	0.185	0.31	0.302
9510	101797	0.102	0.0	0.117	0.102
9510	101797	0.1	0.0	0.102	0.1
9510	101797	0.113	0.037	0.137	0.15
9510	101797	0.13	0.053	0.166	0.183
9510	101797	0.122	0.235	0.365	0.357
9510	101797	0.146	0.037	0.085	0.109
9510	101797	0.121	0.0	0.146	0.121
9510	101797	0.115	0.34	0.461	0.455
9510	101797	0.073	0.177	0.292	0.25
9510	101797	0.078	0.109	0.182	0.187
9510	101797	0.071	0.078	0.156	0.149
9510	101797	0.134	0.078	0.149	0.212
9510	101797	0.062	0.297	0.431	0.359
9510	101797	0.035	0.516	0.578	0.551
9510	101797	0.092	0.187	0.222	0.279
9510	101797	0.095	0.171	0.263	0.266
9510	101797	0.075	0.062	0.157	0.137
9510	101797	0.093	0.141	0.216	0.234
9510	101797	0.128	0.07	0.163	0.198
9510	101797	0.104	0.015	0.143	0.119
9510	101797	0.12	0.062	0.166	0.182
9510	101797	0.108	0.078	0.198	0.186
9510	101797	0.078	0.156	0.264	0.234
9510	101797	0.085	0.0	0.078	0.085
9510	101797	0.134	0.079	0.164	0.213
9510	101797	0.142	0.282	0.416	0.424
9510	101797	0.1	0.085	0.057	0.015
9510	101797	0.156	0.078	0.178	0.234
9510	101797	0.087	0.02	0.136	0.067
9510	101797	0.142	0.254	0.341	0.396
9510	101797	0.042	0.349	0.491	0.391
9510	101797	0.119	0.079	0.121	0.198
9510	101797	0.099	0.0	0.119	0.099
9510	101797	0.118	0.097	0.196	0.215
9510	101797	0.072	0.235	0.353	0.307
9510	101797	0.05	0.102	0.174	0.152
9510	101797	0.036	0.166	0.216	0.202
9510	101797	0.084	0.48	0.516	0.564
9510	101797	0.152	0.535	0.619	0.687
9510	101797	0.106	0.677	0.829	0.783
9510	101797	0.12	0.568	0.674	0.688
9510	101797	0.145	0.455	0.575	0.6
9510	101797	0.137	0.047	0.192	0.184
9510	101797	0.072	0.0	0.137	0.072
9510	101797	0.129	0.167	0.239	0.296
9510	101797	0.077	0.713	0.842	0.79
9510	101797	0.093	0.14	0.217	0.233
9510	101797	0.11	0.156	0.249	0.266
9510	101797	0.149	0.094	0.204	0.243
9510	101797	0.132	0.025	0.124	0.107
9510	101797	0.143	0.125	0.257	0.268
9510	101797	0.119	0.332	0.475	0.451
9510	101797	0.064	0.11	0.229	0.174
9510	101797	0.057	0.093	0.157	0.15
9510	101797	0.116	0.031	0.088	0.147
9510	101797	0.119	0.098	0.214	0.217
9510	101797	0.119	0.814	0.933	0.933
9510	101797	0.077	0.078	0.197	0.155
9510	101797	0.113	0.188	0.265	0.301
9510	101797	0.108	0.14	0.253	0.248
9510	101797	0.09	0.231	0.339	0.321
9510	101797	0.077	0.109	0.199	0.186
9510	101826	0.243	0.0	0.0	0.0
9510	101826	0.103	0.071	0.172	0.032
9510	101826	0.125	0.062	0.165	0.187
9510	101826	0.082	0.0	0.125	0.082
9510	101826	0.092	0.125	0.207	0.217
9510	101826	0.124	0.14	0.232	0.264
9510	101826	0.066	0.077	0.047	0.011
9510	101826	0.125	0.058	0.124	0.183
9510	101826	0.071	0.031	0.156	0.102
9510	101826	0.05	0.25	0.321	0.3
9510	101826	0.058	0.094	0.144	0.152
9510	101826	0.087	0.078	0.136	0.165
9510	101826	0.15	0.187	0.274	0.337
9510	101826	0.115	0.019	0.131	0.096
9510	101826	0.108	0.094	0.209	0.202
9510	101826	0.093	0.19	0.298	0.283
9510	101826	0.088	0.265	0.358	0.353
9510	101826	0.072	0.031	0.119	0.103
9510	101826	0.04	0.244	0.316	0.284
9510	101826	0.102	1.084	1.124	1.186
9510	101826	0.108	0.125	0.227	0.233
9510	101826	0.072	0.063	0.171	0.135
9510	101826	0.087	0.062	0.134	0.149
9510	101826	0.109	0.094	0.181	0.203
9510	101826	0.108	0.157	0.266	0.265
9510	101826	0.132	0.375	0.483	0.507
9510	101826	0.087	0.039	0.093	0.048
9510	101826	0.089	0.094	0.181	0.183
9510	101826	0.084	0.032	0.121	0.116
9510	101826	0.15	0.031	0.115	0.181
9510	101826	0.133	0.156	0.306	0.289
9510	101826	0.101	0.035	0.098	0.066
9510	101826	0.149	0.063	0.164	0.212
9510	101826	0.15	0.348	0.497	0.498
9510	101826	0.116	0.028	0.122	0.088
9510	101826	0.135	0.0	0.116	0.135
9510	101826	0.12	0.281	0.416	0.401
9510	101826	0.086	0.0	0.12	0.086
9510	101826	0.03	0.141	0.227	0.171
9510	101826	0.144	0.567	0.597	0.711
9510	101826	0.068	0.458	0.602	0.526
9510	101826	0.108	0.422	0.49	0.53
9510	101826	0.096	0.141	0.249	0.237
9510	101826	0.129	0.403	0.499	0.532
9510	101826	0.103	0.05	0.179	0.153
9510	101826	0.126	0.172	0.275	0.298
9510	101826	0.081	0.157	0.283	0.238
9510	101826	0.084	0.385	0.466	0.469
9510	101826	0.107	0.205	0.289	0.312
9510	101826	0.103	0.419	0.526	0.522
9510	101826	0.132	0.234	0.337	0.366
9510	101826	0.061	0.078	0.21	0.139
9510	101826	0.088	0.078	0.139	0.166
9510	101826	0.119	0.063	0.151	0.182
9510	101826	0.132	0.0	0.119	0.132
9510	101826	0.109	0.221	0.353	0.33
9510	101826	0.113	0.078	0.187	0.191
9510	101826	0.191	0.047	0.16	0.238
9510	101826	0.104	0.041	0.15	0.063
9510	101826	0.135	0.063	0.167	0.198
9510	101826	0.15	0.045	0.18	0.195
9510	101826	0.102	0.026	0.124	0.076
9510	101826	0.081	0.036	0.138	0.117
9510	101826	0.115	0.035	0.116	0.15
9510	101826	0.115	0.219	0.334	0.334
9510	101826	0.055	0.132	0.247	0.187
9510	101826	0.087	0.08	0.135	0.167
9510	101826	0.116	0.047	0.134	0.163
9510	101826	0.083	0.236	0.352	0.319
9510	101826	0.078	0.094	0.177	0.172
9510	101850	0.815	0.0	0.0	0.0
9510	101850	0.119	0.061	0.754	0.058
9510	101850	0.047	0.281	0.4	0.328
9510	101850	0.117	0.046	0.093	0.163
9510	101850	0.098	0.187	0.304	0.285
9510	101850	0.051	0.186	0.284	0.237
9510	101850	0.094	0.388	0.439	0.482
9510	101850	0.075	0.094	0.188	0.169
9510	101850	0.131	0.172	0.247	0.303
9510	101850	0.136	0.059	0.19	0.195
9510	101850	0.138	0.062	0.198	0.2
9510	101850	0.074	0.535	0.673	0.609
9510	101850	0.106	0.036	0.038	0.07
9510	101850	0.065	0.281	0.387	0.346
9510	101850	0.067	0.084	0.149	0.151
9510	101850	0.164	0.031	0.098	0.195
9510	101850	0.065	0.093	0.257	0.158
9510	101850	0.09	0.123	0.188	0.213
9510	101850	0.186	0.125	0.215	0.311
9510	101850	0.143	0.0	0.186	0.143
9510	101850	0.095	0.083	0.06	0.012
9510	101850	0.174	0.125	0.22	0.299
9510	101850	0.135	0.301	0.475	0.436
9510	101850	0.121	0.031	0.166	0.152
9510	101850	0.122	0.078	0.199	0.2
9510	101850	0.137	0.297	0.419	0.434
9510	101850	0.096	0.109	0.246	0.205
9510	101850	0.089	0.187	0.283	0.276
9510	101850	0.074	0.235	0.324	0.309
9510	101850	0.083	0.235	0.309	0.318
9510	101850	0.121	0.078	0.161	0.199
9510	101850	0.057	0.281	0.402	0.338
9510	101850	0.096	0.302	0.359	0.398
9510	101850	0.086	0.0	0.096	0.086
9510	101850	0.132	0.032	0.118	0.164
9510	101850	0.096	0.172	0.304	0.268
9510	101850	0.038	0.125	0.221	0.163
9510	101850	0.062	0.197	0.235	0.259
9510	101850	0.101	0.283	0.345	0.384
9510	101850	0.1	0.281	0.382	0.381
9510	101850	0.097	0.074	0.174	0.171
9510	101850	0.103	0.179	0.276	0.282
9510	101850	0.089	0.079	0.182	0.168
9510	101850	0.084	0.519	0.608	0.603
9510	101850	0.073	0.094	0.178	0.167
9510	101850	0.164	0.153	0.226	0.317
9510	101850	0.108	0.328	0.492	0.436
9510	101850	0.082	0.203	0.311	0.285
9510	101850	0.043	0.11	0.192	0.153
9510	101850	0.103	0.343	0.386	0.446
9510	101850	0.0	0.0	0.0	0.0
9510	101850	0.0	0.0	0.0	0.0
9510	101850	0.0	0.0	0.0	0.0
9510	101850	0.0	0.0	0.0	0.0
9510	101850	0.0	0.0	0.0	0.0
9510	101850	0.0	0.0	0.0	0.0
9510	101850	0.0	0.0	0.0	0.0
9510	101850	0.0	0.0	0.0	0.0
9510	101850	0.0	0.0	0.0	0.0
9510	101850	0.0	0.0	0.0	0.0
9510	101850	0.0	0.0	0.0	0.0
9510	101850	0.0	0.0	0.0	0.0
9510	101850	0.0	0.0	0.0	0.0
9510	101850	0.0	0.0	0.0	0.0
9510	101850	0.0	0.0	0.0	0.0
9510	101850	0.0	0.0	0.0	0.0
9510	101850	0.0	0.0	0.0	0.0
9510	101850	0.0	0.0	0.0	0.0
9510	101850	0.0	0.0	0.0	0.0
9510	101850	0.0	0.0	0.0	0.0
9510	101871	0.196	0.0	0.0	0.0
9510	101871	0.117	0.071	0.125	0.046
9510	101871	0.065	0.125	0.242	0.19
9510	101871	0.088	0.093	0.158	0.181
9510	101871	0.152	0.078	0.166	0.23
9510	101871	0.112	0.125	0.277	0.237
9510	101871	0.101	0.0	0.112	0.101
9510	101871	0.18	0.032	0.133	0.212
9510	101871	0.09	0.0	0.18	0.09
9510	101871	0.122	0.078	0.168	0.2
9510	101871	0.116	0.25	0.372	0.366
9510	101871	0.103	0.0	0.116	0.103
9510	101871	0.107	0.109	0.212	0.216
9510	101871	0.086	0.519	0.626	0.605
9510	101871	0.2	0.109	0.195	0.309
9510	101871	0.124	0.031	0.231	0.155
9510	101871	0.129	0.222	0.346	0.351
9510	101871	0.069	0.102	0.231	0.171
9510	101871	0.081	0.031	0.038	0.05
9510	101871	0.139	0.391	0.472	0.53
9510	101871	0.042	0.25	0.389	0.292
9510	101871	0.085	0.25	0.292	0.335
9510	101871	0.056	0.093	0.178	0.149
9510	101871	0.039	0.096	0.152	0.135
9510	101871	0.056	0.093	0.132	0.149
9510	101871	0.108	0.391	0.447	0.499
9510	101871	0.121	0.062	0.17	0.183
9510	101871	0.132	0.14	0.261	0.272
9510	101871	0.225	0.069	0.063	0.156
9510	101871	0.095	0.047	0.272	0.142
9510	101871	0.093	0.208	0.303	0.301
9510	101871	0.102	0.032	0.125	0.134
9510	101871	0.155	0.125	0.227	0.28
9510	101871	0.106	0.047	0.202	0.153
9510	101871	0.121	0.046	0.152	0.167
9510	101871	0.098	0.154	0.275	0.252
9510	101871	0.076	0.094	0.192	0.17
9510	101871	0.133	0.063	0.139	0.196
9510	101871	0.123	0.078	0.211	0.201
9510	101871	0.051	0.172	0.295	0.223
9510	101871	0.132	0.097	0.148	0.229
9510	101871	0.118	0.0	0.132	0.118
9510	101871	0.107	0.078	0.196	0.185
9510	101871	0.074	0.078	0.185	0.152
9510	101871	0.09	0.094	0.168	0.184
9510	101871	0.141	0.039	0.129	0.18
9510	101871	0.109	0.093	0.234	0.202
9510	101871	0.135	0.047	0.156	0.182
9510	101871	0.088	0.0	0.135	0.088
9510	101871	0.105	0.109	0.197	0.214
9510	101871	0.114	0.037	0.142	0.151
9510	101871	0.112	0.39	0.504	0.502
9510	101871	0.077	0.094	0.206	0.171
9510	101871	0.098	0.233	0.31	0.331
9510	101871	0.058	0.078	0.176	0.136
9510	101871	0.072	0.614	0.672	0.686
9510	101871	0.0	0.0	0.0	0.0
9510	101871	0.0	0.0	0.0	0.0
9510	101871	0.0	0.0	0.0	0.0
9510	101871	0.0	0.0	0.0	0.0
9510	101871	0.0	0.0	0.0	0.0
9510	101871	0.0	0.0	0.0	0.0
9510	101871	0.0	0.0	0.0	0.0
9510	101871	0.0	0.0	0.0	0.0
9510	101871	0.0	0.0	0.0	0.0
9510	101871	0.0	0.0	0.0	0.0
9510	101871	0.0	0.0	0.0	0.0
9510	101871	0.0	0.0	0.0	0.0
9510	101871	0.0	0.0	0.0	0.0
9510	101871	0.0	0.0	0.0	0.0
9510	101884	0.244	0.0	0.0	0.0
9510	101884	0.116	0.116	0.128	0.0
9510	101884	0.04	0.234	0.35	0.274
9510	101884	0.12	0.376	0.416	0.496
9510	101884	0.082	0.14	0.26	0.222
9510	101884	0.07	0.047	0.129	0.117
9510	101884	0.128	0.103	0.173	0.231
9510	101884	0.074	0.078	0.206	0.152
9510	101884	0.026	0.141	0.215	0.167
9510	101884	0.148	0.05	0.076	0.198
9510	101884	0.052	0.172	0.32	0.224
9510	101884	0.087	0.06	0.112	0.147
9510	101884	0.069	0.786	0.873	0.855
9510	101884	0.058	0.093	0.162	0.151
9510	101884	0.071	0.063	0.121	0.134
9510	101884	0.11	0.674	0.745	0.784
9510	101884	0.06	0.125	0.235	0.185
9510	101884	0.043	0.11	0.17	0.153
9510	101884	0.098	0.534	0.577	0.632
9510	101884	0.098	0.335	0.433	0.433
9510	101884	0.143	0.272	0.37	0.415
9510	101884	0.06	0.031	0.174	0.091
9510	101884	0.074	0.375	0.435	0.449
9510	101884	0.057	0.063	0.137	0.12
9510	101884	0.085	0.196	0.253	0.281
9510	101884	0.088	0.047	0.132	0.135
9510	101884	0.109	0.172	0.26	0.281
9510	101884	0.112	0.14	0.249	0.252
9510	101884	0.12	0.047	0.159	0.167
9510	101884	0.101	0.0	0.12	0.101
9510	101884	0.106	0.094	0.195	0.2
9510	101884	0.142	0.157	0.263	0.299
9510	101884	0.119	0.0	0.142	0.119
9510	101884	0.11	0.125	0.244	0.235
9510	101884	0.109	0.19	0.3	0.299
9510	101884	0.121	0.031	0.14	0.152
9510	101884	0.127	0.172	0.293	0.299
9510	101884	0.069	0.203	0.33	0.272
9510	101884	0.081	0.169	0.238	0.25
9510	101884	0.046	0.207	0.288	0.253
9510	101884	0.051	0.015	0.061	0.066
9510	101884	0.091	0.441	0.492	0.532
9510	101884	0.106	0.063	0.154	0.169
9510	101884	0.089	0.078	0.184	0.167
9510	101884	0.09	0.077	0.166	0.167
9510	101884	0.134	0.031	0.121	0.165
9510	101884	0.14	0.094	0.228	0.234
9510	101884	0.087	0.0	0.14	0.087
9510	101884	0.107	0.125	0.212	0.232
9510	101884	0.101	0.0	0.107	0.101
9510	101884	0.073	0.297	0.398	0.37
9510	101884	0.118	0.031	0.104	0.149
9510	101884	0.058	0.062	0.18	0.12
9510	101884	0.089	0.109	0.167	0.198
9510	101884	0.098	0.086	0.175	0.184
9510	101884	0.128	0.188	0.286	0.316
9510	101884	0.099	0.187	0.315	0.286
9510	101884	0.12	0.047	0.146	0.167
9510	101884	0.102	0.0	0.12	0.102
9510	101884	0.09	0.109	0.211	0.199
9510	101884	0.069	0.801	0.891	0.87
9510	101884	0.089	0.079	0.148	0.168
9510	101884	0.093	0.008	0.097	0.101
9510	101884	0.063	0.172	0.265	0.235
9510	101884	0.06	0.075	0.138	0.135
9510	101884	0.099	0.064	0.124	0.163
9510	101884	0.074	0.078	0.177	0.152
9510	101884	0.087	0.297	0.371	0.384
9510	101884	0.113	0.203	0.29	0.316
9510	101884	0.0	0.0	0.0	0.0
9510	101905	0.188	0.0	0.0	0.0
9510	101905	0.157	0.032	0.156	0.125
9510	101905	0.089	0.0	0.157	0.089
9510	101905	0.1	0.0	0.089	0.1
9510	101905	0.103	0.047	0.147	0.15
9510	101905	0.154	0.218	0.321	0.372
9510	101905	0.146	0.05	0.204	0.196
9510	101905	0.101	0.0	0.146	0.101
9510	101905	0.105	0.078	0.179	0.183
9510	101905	0.128	0.172	0.277	0.3
9510	101905	0.08	0.143	0.271	0.223
9510	101905	0.175	0.085	0.165	0.26
9510	101905	0.105	0.502	0.677	0.607
9510	101905	0.135	0.063	0.168	0.198
9510	101905	0.145	0.188	0.323	0.333
9510	101905	0.088	0.487	0.632	0.575
9510	101905	0.094	0.105	0.193	0.199
9510	101905	0.202	0.282	0.376	0.484
9510	101905	0.108	0.093	0.109	0.015
9510	101905	0.132	1.023	1.131	1.155
9510	101905	0.069	0.187	0.319	0.256
9510	101905	0.116	0.03	0.099	0.146
9510	101905	0.1	0.0	0.116	0.1
9510	101905	0.08	0.508	0.608	0.588
9510	101905	0.12	0.062	0.142	0.182
9510	101905	0.116	0.0	0.12	0.116
9510	101905	0.123	0.11	0.226	0.233
9510	101905	0.092	0.295	0.418	0.387
9510	101905	0.08	0.272	0.364	0.352
9510	101905	0.133	0.281	0.361	0.414
9510	101905	0.06	0.345	0.478	0.405
9510	101905	0.092	0.109	0.169	0.201
9510	101905	0.132	0.016	0.108	0.148
9510	101905	0.157	0.109	0.241	0.266
9510	101905	0.11	0.0	0.157	0.11
9510	101905	0.134	0.125	0.235	0.259
9510	101905	0.119	0.399	0.533	0.518
9510	101905	0.125	0.091	0.21	0.216
9510	101905	0.146	0.156	0.281	0.302
9510	101905	0.072	0.016	0.162	0.088
9510	101905	0.077	0.235	0.307	0.312
9510	101905	0.054	0.187	0.264	0.241
9510	101905	0.057	0.094	0.148	0.151
9510	101905	0.064	0.453	0.51	0.517
9510	101905	0.099	0.134	0.198	0.233
9510	101905	0.134	0.031	0.13	0.165
9510	101905	0.146	0.254	0.388	0.4
9510	101905	0.128	0.032	0.114	0.096
9510	101905	0.084	0.025	0.103	0.059
9510	101905	0.075	0.078	0.162	0.153
9510	101905	0.116	0.047	0.122	0.163
9510	101905	0.134	0.049	0.165	0.183
9510	101905	0.116	0.285	0.419	0.401
9510	101905	0.107	0.093	0.209	0.2
9510	101905	0.062	0.293	0.4	0.355
9510	101905	0.114	0.235	0.297	0.349
9510	101905	0.116	0.125	0.239	0.241
9510	101905	0.101	0.039	0.077	0.062
9510	101905	0.135	0.079	0.18	0.214
9510	101905	0.11	0.078	0.213	0.188
9510	101905	0.128	0.136	0.246	0.264
9510	101905	0.231	0.203	0.331	0.434
9510	101905	0.122	0.122	0.109	0.0
9510	101905	0.088	0.52	0.642	0.608
9510	101905	0.088	0.328	0.416	0.416
9510	101905	0.118	0.031	0.119	0.149
9510	101905	0.123	0.612	0.73	0.735
9510	101905	0.076	0.278	0.401	0.354
9510	101905	0.106	0.613	0.689	0.719
9510	101905	0.115	0.0	0.106	0.115
9510	101929	0.207	0.0	0.0	0.0
9510	101929	0.097	0.082	0.125	0.015
9510	101929	0.092	0.11	0.207	0.202
9510	101929	0.195	0.016	0.108	0.211
9510	101929	0.075	0.0	0.195	0.075
9510	101929	0.11	0.063	0.138	0.173
9510	101929	0.098	0.047	0.157	0.145
9510	101929	0.126	0.047	0.145	0.173
9510	101929	0.116	0.025	0.101	0.091
9510	101929	0.107	0.08	0.196	0.187
9510	101929	0.115	0.0	0.107	0.115
9510	101929	0.051	0.019	0.134	0.07
9510	101929	0.132	0.047	0.098	0.179
9510	101929	0.101	0.297	0.429	0.398
9510	101929	0.101	0.026	0.075	0.075
9510	101929	0.116	0.031	0.132	0.147
9510	101929	0.108	0.06	0.176	0.168
9510	101929	0.056	0.329	0.437	0.385
9510	101929	0.158	0.047	0.103	0.205
9510	101929	0.102	0.039	0.119	0.063
9510	101929	0.119	0.534	0.636	0.653
9510	101929	0.137	0.375	0.494	0.512
9510	101929	0.214	0.046	0.091	0.168
9510	101929	0.104	0.032	0.182	0.072
9510	101929	0.126	0.062	0.166	0.188
9510	101929	0.242	0.406	0.532	0.648
9510	101929	0.104	0.12	0.122	0.016
9510	101929	0.125	0.141	0.245	0.266
9510	101929	0.027	0.328	0.453	0.355
9510	101929	0.064	0.771	0.798	0.835
9510	101929	0.092	0.125	0.189	0.217
9510	101929	0.126	0.156	0.248	0.282
9510	101929	0.084	0.471	0.597	0.555
9510	101929	0.059	0.359	0.443	0.418
9510	101929	0.039	0.264	0.323	0.303
9510	101929	0.045	0.205	0.244	0.25
9510	101929	0.088	0.078	0.123	0.166
9510	101929	0.094	0.14	0.228	0.234
9510	101929	0.101	0.031	0.125	0.132
9510	101929	0.137	0.581	0.682	0.718
9510	101929	0.086	0.0	0.137	0.086
9510	101929	0.095	0.022	0.108	0.117
9510	101929	0.694	0.36	0.455	1.054
9510	101929	0.901	0.472	1.166	1.373
9510	101929	0.041	0.51	0.391	0.469
9510	101929	0.0	0.0	0.0	0.0
9510	101929	0.0	0.0	0.0	0.0
9510	101929	0.0	0.0	0.0	0.0
9510	101929	0.0	0.0	0.0	0.0
9510	101929	0.0	0.0	0.0	0.0
9510	101929	0.0	0.0	0.0	0.0
9510	101929	0.0	0.0	0.0	0.0
9510	101929	0.0	0.0	0.0	0.0
9510	101929	0.0	0.0	0.0	0.0
9510	101929	0.0	0.0	0.0	0.0
9510	101929	0.0	0.0	0.0	0.0
9510	101929	0.0	0.0	0.0	0.0
9510	101929	0.0	0.0	0.0	0.0
9510	101929	0.0	0.0	0.0	0.0
9510	101929	0.0	0.0	0.0	0.0
9510	101929	0.0	0.0	0.0	0.0
9510	101929	0.0	0.0	0.0	0.0
9510	101929	0.0	0.0	0.0	0.0
9510	101929	0.0	0.0	0.0	0.0
9510	101929	0.0	0.0	0.0	0.0
9510	101929	0.0	0.0	0.0	0.0
9510	101929	0.0	0.0	0.0	0.0
9510	101929	0.0	0.0	0.0	0.0
9510	101929	0.0	0.0	0.0	0.0
9510	101929	0.0	0.0	0.0	0.0
9510	101942	0.241	0.0	0.0	0.0
9510	101942	0.1	0.116	0.125	0.016
9510	101942	0.13	0.271	0.371	0.401
9510	101942	0.107	0.078	0.208	0.185
9510	101942	0.093	0.109	0.216	0.202
9510	101942	0.055	0.047	0.14	0.102
9510	101942	0.077	0.078	0.133	0.155
9510	101942	0.102	0.125	0.202	0.227
9510	101942	0.148	0.016	0.118	0.164
9510	101942	0.132	0.203	0.351	0.335
9510	101942	0.135	0.0	0.132	0.135
9510	101942	0.074	0.179	0.314	0.253
9510	101942	0.117	0.094	0.168	0.211
9510	101942	0.081	0.062	0.179	0.143
9510	101942	0.096	0.303	0.384	0.399
9510	101942	0.1	0.266	0.362	0.366
9510	101942	0.115	0.078	0.178	0.193
9510	101942	0.104	0.139	0.254	0.243
9510	101942	0.086	0.266	0.37	0.352
9510	101942	0.061	0.093	0.179	0.154
9510	101942	0.133	0.047	0.108	0.18
9510	101942	0.128	0.203	0.336	0.331
9510	101942	0.119	0.0	0.128	0.119
9510	101942	0.06	0.078	0.197	0.138
9510	101942	0.101	0.031	0.091	0.132
9510	101942	0.105	0.078	0.179	0.183
9510	101942	0.136	0.078	0.183	0.214
9510	101942	0.133	0.02	0.156	0.153
9510	101942	0.197	0.125	0.258	0.322
9510	101942	0.091	0.156	0.353	0.247
9510	101942	0.093	0.109	0.2	0.202
9510	101942	0.134	0.047	0.14	0.181
9510	101942	0.086	0.035	0.169	0.121
9510	101942	0.162	0.187	0.273	0.349
9510	101942	0.128	0.266	0.428	0.394
9510	101942	0.087	0.027	0.101	0.06
9510	101942	0.121	0.094	0.181	0.215
9510	101942	0.095	0.024	0.145	0.119
9510	101942	0.082	0.737	0.832	0.819
9510	101942	0.0	0.0	0.0	0.0
9510	101942	0.0	0.0	0.0	0.0
9510	101942	0.0	0.0	0.0	0.0
9510	101942	0.0	0.0	0.0	0.0
9510	101942	0.0	0.0	0.0	0.0
9510	101942	0.0	0.0	0.0	0.0
9510	101942	0.0	0.0	0.0	0.0
9510	101942	0.0	0.0	0.0	0.0
9510	101942	0.0	0.0	0.0	0.0
9510	101942	0.0	0.0	0.0	0.0
9510	101942	0.0	0.0	0.0	0.0
9510	101942	0.0	0.0	0.0	0.0
9510	101942	0.0	0.0	0.0	0.0
9510	101942	0.0	0.0	0.0	0.0
9510	101942	0.0	0.0	0.0	0.0
9510	101942	0.0	0.0	0.0	0.0
9510	101942	0.0	0.0	0.0	0.0
9510	101942	0.0	0.0	0.0	0.0
9510	101942	0.0	0.0	0.0	0.0
9510	101942	0.0	0.0	0.0	0.0
9510	101942	0.0	0.0	0.0	0.0
9510	101942	0.0	0.0	0.0	0.0
9510	101942	0.0	0.0	0.0	0.0
9510	101942	0.0	0.0	0.0	0.0
9510	101942	0.0	0.0	0.0	0.0
9510	101942	0.0	0.0	0.0	0.0
9510	101942	0.0	0.0	0.0	0.0
9510	101942	0.0	0.0	0.0	0.0
9510	101942	0.0	0.0	0.0	0.0
9510	101942	0.0	0.0	0.0	0.0
9510	101942	0.0	0.0	0.0	0.0
