PARTICIPANT_ID	TEST_SECTION_ID	HOLD_LATENCY	INTERKEY_LATENCY	PRESS_LATENCY	RELEASE_LATENCY
9600	102765	1.233	0.0	0.0	0.0
9600	102765	0.103	0.081	1.152	0.022
9600	102765	0.087	0.058	0.161	0.145
9600	102765	0.136	0.008	0.095	0.144
9600	102765	0.073	0.024	0.112	0.049
9600	102765	0.096	0.033	0.106	0.129
9600	102765	0.104	0.032	0.064	0.072
9600	102765	0.111	0.032	0.072	0.079
9600	102765	0.118	0.017	0.128	0.135
9600	102765	0.112	0.055	0.063	0.057
9600	102765	0.095	0.016	0.096	0.079
9600	102765	0.079	0.008	0.087	0.071
9600	102765	0.071	0.039	0.04	0.032
9600	102765	0.078	0.058	0.129	0.136
9600	102765	0.104	0.007	0.071	0.097
9600	102765	0.144	0.056	0.048	0.088
9600	102765	0.088	0.04	0.184	0.128
9600	102765	0.12	0.007	0.081	0.113
9600	102765	0.04	0.247	0.367	0.287
9600	102765	0.105	0.024	0.064	0.129
9600	102765	0.065	0.05	0.055	0.015
9600	102765	0.071	0.384	0.449	0.455
9600	102765	0.073	0.065	0.136	0.138
9600	102765	0.114	0.062	0.135	0.176
9600	102765	0.113	0.033	0.081	0.08
9600	102765	0.079	0.032	0.145	0.111
9600	102765	0.064	0.096	0.175	0.16
9600	102765	0.079	0.033	0.097	0.112
9600	102765	0.087	0.023	0.056	0.064
9600	102765	0.104	0.104	0.191	0.208
9600	102765	0.095	0.016	0.088	0.079
9600	102765	0.096	0.031	0.064	0.065
9600	102765	0.063	0.032	0.128	0.095
9600	102765	0.103	0.089	0.152	0.192
9600	102765	0.096	0.015	0.088	0.081
9600	102765	0.065	0.088	0.184	0.153
9600	102765	0.088	0.055	0.12	0.143
9600	102765	0.114	0.016	0.072	0.098
9600	102765	0.111	0.034	0.08	0.077
9600	102765	0.063	0.047	0.064	0.016
9600	102765	0.16	0.089	0.152	0.249
9600	102765	0.144	0.12	0.04	0.024
9600	102765	0.0	0.0	0.0	0.0
9600	102765	0.0	0.0	0.0	0.0
9600	102765	0.0	0.0	0.0	0.0
9600	102765	0.0	0.0	0.0	0.0
9600	102765	0.0	0.0	0.0	0.0
9600	102765	0.0	0.0	0.0	0.0
9600	102765	0.0	0.0	0.0	0.0
9600	102765	0.0	0.0	0.0	0.0
9600	102765	0.0	0.0	0.0	0.0
9600	102765	0.0	0.0	0.0	0.0
9600	102765	0.0	0.0	0.0	0.0
9600	102765	0.0	0.0	0.0	0.0
9600	102765	0.0	0.0	0.0	0.0
9600	102765	0.0	0.0	0.0	0.0
9600	102765	0.0	0.0	0.0	0.0
9600	102765	0.0	0.0	0.0	0.0
9600	102765	0.0	0.0	0.0	0.0
9600	102765	0.0	0.0	0.0	0.0
9600	102765	0.0	0.0	0.0	0.0
9600	102765	0.0	0.0	0.0	0.0
9600	102765	0.0	0.0	0.0	0.0
9600	102765	0.0	0.0	0.0	0.0
9600	102765	0.0	0.0	0.0	0.0
9600	102765	0.0	0.0	0.0	0.0
9600	102765	0.0	0.0	0.0	0.0
9600	102765	0.0	0.0	0.0	0.0
9600	102765	0.0	0.0	0.0	0.0
9600	102765	0.0	0.0	0.0	0.0
9600	102777	0.606	0.0	0.0	0.0
9600	102777	0.12	0.063	0.543	0.057
9600	102777	0.096	0.048	0.072	0.048
9600	102777	0.087	0.008	0.088	0.079
9600	102777	0.088	0.039	0.048	0.049
9600	102777	0.064	0.024	0.064	0.04
9600	102777	0.12	0.064	0.128	0.184
9600	102777	0.128	0.072	0.048	0.056
9600	102777	0.121	0.04	0.088	0.081
9600	102777	0.126	0.024	0.145	0.15
9600	102777	0.08	0.038	0.088	0.042
9600	102777	0.103	0.007	0.087	0.11
9600	102777	0.142	0.034	0.137	0.176
9600	102777	0.063	0.047	0.095	0.016
9600	102777	0.088	0.032	0.095	0.12
9600	102777	0.079	0.031	0.057	0.048
9600	102777	0.086	0.042	0.121	0.128
9600	102777	0.096	0.007	0.079	0.089
9600	102777	0.104	0.007	0.089	0.097
9600	102777	0.096	0.239	0.343	0.335
9600	102777	0.096	0.024	0.072	0.072
9600	102777	0.087	0.056	0.04	0.031
9600	102777	0.093	0.028	0.115	0.121
9600	102777	0.081	0.016	0.077	0.065
9600	102777	0.073	0.01	0.071	0.063
9600	102777	0.113	0.071	0.144	0.184
9600	102777	0.071	0.04	0.073	0.031
9600	102777	0.073	0.008	0.079	0.081
9600	102777	0.08	0.008	0.065	0.072
9600	102777	0.072	0.016	0.064	0.056
9600	102777	0.087	0.04	0.032	0.047
9600	102777	0.105	0.007	0.08	0.098
9600	102777	0.112	0.033	0.072	0.079
9600	102777	0.088	0.007	0.105	0.081
9600	102777	0.119	0.064	0.152	0.183
9600	102777	0.087	0.016	0.135	0.103
9600	102777	0.088	0.031	0.056	0.057
9600	102777	0.072	0.071	0.159	0.143
9600	102777	0.081	0.008	0.064	0.073
9600	102777	0.111	0.016	0.065	0.095
9600	102777	0.064	0.441	0.552	0.505
9600	102777	0.073	0.063	0.127	0.136
9600	102777	0.078	0.073	0.146	0.151
9600	102777	0.081	0.065	0.143	0.146
9600	102777	0.102	0.072	0.153	0.174
9600	102777	0.063	0.007	0.095	0.056
9600	102777	0.081	0.176	0.239	0.257
9600	102777	0.089	0.063	0.144	0.152
9600	102777	0.088	0.008	0.097	0.096
9600	102777	0.103	0.288	0.376	0.391
9600	102777	0.088	0.041	0.144	0.129
9600	102777	0.064	0.048	0.04	0.016
9600	102777	0.094	0.065	0.129	0.159
9600	102777	0.097	0.031	0.063	0.066
9600	102777	0.12	0.024	0.073	0.096
9600	102777	0.0	0.0	0.0	0.0
9600	102777	0.0	0.0	0.0	0.0
9600	102777	0.0	0.0	0.0	0.0
9600	102777	0.0	0.0	0.0	0.0
9600	102777	0.0	0.0	0.0	0.0
9600	102777	0.0	0.0	0.0	0.0
9600	102777	0.0	0.0	0.0	0.0
9600	102777	0.0	0.0	0.0	0.0
9600	102777	0.0	0.0	0.0	0.0
9600	102777	0.0	0.0	0.0	0.0
9600	102777	0.0	0.0	0.0	0.0
9600	102777	0.0	0.0	0.0	0.0
9600	102777	0.0	0.0	0.0	0.0
9600	102777	0.0	0.0	0.0	0.0
9600	102777	0.0	0.0	0.0	0.0
9600	102781	0.241	0.0	0.0	0.0
9600	102781	0.144	0.032	0.209	0.112
9600	102781	0.161	0.041	0.103	0.12
9600	102781	0.096	0.049	0.112	0.047
9600	102781	0.143	0.031	0.065	0.112
9600	102781	0.112	0.024	0.119	0.088
9600	102781	0.12	0.056	0.056	0.064
9600	102781	0.07	0.007	0.113	0.063
9600	102781	0.089	0.016	0.054	0.073
9600	102781	0.096	0.024	0.113	0.12
9600	102781	0.096	0.008	0.088	0.088
9600	102781	0.098	0.007	0.089	0.091
9600	102781	0.113	0.027	0.071	0.086
9600	102781	0.074	0.058	0.055	0.016
9600	102781	0.08	0.071	0.145	0.151
9600	102781	0.064	0.008	0.088	0.072
9600	102781	0.087	0.008	0.056	0.079
9600	102781	0.08	0.049	0.136	0.129
9600	102781	0.039	0.008	0.088	0.047
9600	102781	0.088	0.041	0.08	0.129
9600	102781	0.087	0.008	0.08	0.079
9600	102781	0.081	0.031	0.056	0.05
9600	102781	0.12	0.119	0.2	0.239
9600	102781	0.11	0.025	0.145	0.135
9600	102781	0.103	0.023	0.087	0.08
9600	102781	0.121	0.009	0.112	0.13
9600	102781	0.072	0.431	0.552	0.503
9600	102781	0.08	0.008	0.064	0.072
9600	102781	0.111	0.064	0.144	0.175
9600	102781	0.072	0.006	0.105	0.066
9600	102781	0.09	0.214	0.286	0.304
9600	102781	0.104	0.049	0.041	0.055
9600	102781	0.08	0.032	0.072	0.048
9600	102781	0.095	0.025	0.105	0.12
9600	102781	0.119	0.128	0.223	0.247
9600	102781	0.072	0.039	0.08	0.033
9600	102781	0.103	0.096	0.168	0.199
9600	102781	0.096	0.047	0.056	0.049
9600	102781	0.103	0.015	0.081	0.088
9600	102781	0.088	0.032	0.135	0.12
9600	102781	0.103	0.047	0.041	0.056
9600	102781	0.103	0.04	0.063	0.063
9600	102781	0.104	0.031	0.072	0.073
9600	102781	0.096	0.008	0.096	0.088
9600	102781	0.104	0.024	0.12	0.128
9600	102781	0.081	0.025	0.079	0.056
9600	102781	0.08	0.008	0.089	0.088
9600	102781	0.072	0.008	0.072	0.064
9600	102781	0.096	0.032	0.04	0.064
9600	102781	0.088	0.056	0.04	0.032
9600	102781	0.079	0.016	0.072	0.063
9600	102781	0.065	0.008	0.087	0.073
9600	102781	0.088	0.016	0.049	0.072
9600	102781	0.12	0.008	0.08	0.112
9600	102781	0.096	0.048	0.072	0.048
9600	102781	0.096	0.056	0.04	0.04
9600	102781	0.113	0.007	0.103	0.12
9600	102781	0.0	0.0	0.0	0.0
9600	102781	0.0	0.0	0.0	0.0
9600	102781	0.0	0.0	0.0	0.0
9600	102781	0.0	0.0	0.0	0.0
9600	102781	0.0	0.0	0.0	0.0
9600	102781	0.0	0.0	0.0	0.0
9600	102781	0.0	0.0	0.0	0.0
9600	102781	0.0	0.0	0.0	0.0
9600	102781	0.0	0.0	0.0	0.0
9600	102781	0.0	0.0	0.0	0.0
9600	102781	0.0	0.0	0.0	0.0
9600	102781	0.0	0.0	0.0	0.0
9600	102781	0.0	0.0	0.0	0.0
9600	102784	0.223	0.0	0.0	0.0
9600	102784	0.098	0.057	0.166	0.041
9600	102784	0.086	0.032	0.066	0.054
9600	102784	0.055	0.042	0.128	0.097
9600	102784	0.079	0.072	0.127	0.151
9600	102784	0.105	0.031	0.048	0.074
9600	102784	0.096	0.04	0.065	0.056
9600	102784	0.072	0.041	0.055	0.031
9600	102784	0.08	0.048	0.12	0.128
9600	102784	0.112	0.04	0.04	0.072
9600	102784	0.111	0.031	0.081	0.08
9600	102784	0.119	0.04	0.071	0.079
9600	102784	0.071	0.006	0.113	0.065
9600	102784	0.095	0.088	0.159	0.183
9600	102784	0.071	0.014	0.081	0.057
9600	102784	0.081	0.08	0.151	0.161
9600	102784	0.072	0.025	0.056	0.047
9600	102784	0.129	0.008	0.08	0.137
9600	102784	0.12	0.025	0.104	0.095
9600	102784	0.064	0.024	0.096	0.04
9600	102784	0.087	0.04	0.104	0.127
9600	102784	0.08	0.039	0.048	0.041
9600	102784	0.065	0.017	0.063	0.048
9600	102784	0.087	0.016	0.049	0.071
9600	102784	0.12	0.007	0.08	0.113
9600	102784	0.089	0.065	0.055	0.024
9600	102784	0.109	0.045	0.044	0.064
9600	102784	0.12	0.056	0.165	0.176
9600	102784	0.073	0.025	0.095	0.048
9600	102784	0.112	0.08	0.153	0.192
9600	102784	0.096	0.064	0.048	0.032
9600	102784	0.112	0.016	0.112	0.128
9600	102784	0.104	0.04	0.072	0.064
9600	102784	0.095	0.048	0.056	0.047
9600	102784	0.0	0.0	0.0	0.0
9600	102784	0.0	0.0	0.0	0.0
9600	102784	0.0	0.0	0.0	0.0
9600	102784	0.0	0.0	0.0	0.0
9600	102784	0.0	0.0	0.0	0.0
9600	102784	0.0	0.0	0.0	0.0
9600	102784	0.0	0.0	0.0	0.0
9600	102784	0.0	0.0	0.0	0.0
9600	102784	0.0	0.0	0.0	0.0
9600	102784	0.0	0.0	0.0	0.0
9600	102784	0.0	0.0	0.0	0.0
9600	102784	0.0	0.0	0.0	0.0
9600	102784	0.0	0.0	0.0	0.0
9600	102784	0.0	0.0	0.0	0.0
9600	102784	0.0	0.0	0.0	0.0
9600	102784	0.0	0.0	0.0	0.0
9600	102784	0.0	0.0	0.0	0.0
9600	102784	0.0	0.0	0.0	0.0
9600	102784	0.0	0.0	0.0	0.0
9600	102784	0.0	0.0	0.0	0.0
9600	102784	0.0	0.0	0.0	0.0
9600	102784	0.0	0.0	0.0	0.0
9600	102784	0.0	0.0	0.0	0.0
9600	102784	0.0	0.0	0.0	0.0
9600	102784	0.0	0.0	0.0	0.0
9600	102784	0.0	0.0	0.0	0.0
9600	102784	0.0	0.0	0.0	0.0
9600	102784	0.0	0.0	0.0	0.0
9600	102784	0.0	0.0	0.0	0.0
9600	102784	0.0	0.0	0.0	0.0
9600	102784	0.0	0.0	0.0	0.0
9600	102784	0.0	0.0	0.0	0.0
9600	102784	0.0	0.0	0.0	0.0
9600	102784	0.0	0.0	0.0	0.0
9600	102784	0.0	0.0	0.0	0.0
9600	102784	0.0	0.0	0.0	0.0
9600	102791	0.176	0.0	0.0	0.0
9600	102791	0.12	0.041	0.135	0.079
9600	102791	0.081	0.008	0.128	0.089
9600	102791	0.064	0.071	0.152	0.135
9600	102791	0.103	0.065	0.129	0.168
9600	102791	0.105	0.024	0.079	0.081
9600	102791	0.088	0.047	0.152	0.135
9600	102791	0.072	0.008	0.096	0.08
9600	102791	0.128	0.04	0.112	0.168
9600	102791	0.064	0.081	0.047	0.017
9600	102791	0.093	0.052	0.116	0.145
9600	102791	0.073	0.007	0.1	0.08
9600	102791	0.087	0.048	0.121	0.135
9600	102791	0.136	0.031	0.056	0.105
9600	102791	0.135	0.048	0.088	0.087
9600	102791	0.12	0.217	0.352	0.337
9600	102791	0.09	0.159	0.279	0.249
9600	102791	0.087	0.025	0.065	0.062
9600	102791	0.08	0.145	0.232	0.225
9600	102791	0.104	0.081	0.161	0.185
9600	102791	0.111	0.048	0.056	0.063
9600	102791	0.119	0.009	0.12	0.128
9600	102791	0.097	0.015	0.134	0.112
9600	102791	0.073	0.032	0.065	0.041
9600	102791	0.07	0.057	0.13	0.127
9600	102791	0.078	0.065	0.135	0.143
9600	102791	0.062	0.014	0.064	0.048
9600	102791	0.071	0.009	0.071	0.08
9600	102791	0.064	0.041	0.112	0.105
9600	102791	0.103	0.016	0.048	0.087
9600	102791	0.0	0.0	0.0	0.0
9600	102791	0.0	0.0	0.0	0.0
9600	102791	0.0	0.0	0.0	0.0
9600	102791	0.0	0.0	0.0	0.0
9600	102791	0.0	0.0	0.0	0.0
9600	102791	0.0	0.0	0.0	0.0
9600	102791	0.0	0.0	0.0	0.0
9600	102791	0.0	0.0	0.0	0.0
9600	102791	0.0	0.0	0.0	0.0
9600	102791	0.0	0.0	0.0	0.0
9600	102791	0.0	0.0	0.0	0.0
9600	102791	0.0	0.0	0.0	0.0
9600	102791	0.0	0.0	0.0	0.0
9600	102791	0.0	0.0	0.0	0.0
9600	102791	0.0	0.0	0.0	0.0
9600	102791	0.0	0.0	0.0	0.0
9600	102791	0.0	0.0	0.0	0.0
9600	102791	0.0	0.0	0.0	0.0
9600	102791	0.0	0.0	0.0	0.0
9600	102791	0.0	0.0	0.0	0.0
9600	102791	0.0	0.0	0.0	0.0
9600	102791	0.0	0.0	0.0	0.0
9600	102791	0.0	0.0	0.0	0.0
9600	102791	0.0	0.0	0.0	0.0
9600	102791	0.0	0.0	0.0	0.0
9600	102791	0.0	0.0	0.0	0.0
9600	102791	0.0	0.0	0.0	0.0
9600	102791	0.0	0.0	0.0	0.0
9600	102791	0.0	0.0	0.0	0.0
9600	102791	0.0	0.0	0.0	0.0
9600	102791	0.0	0.0	0.0	0.0
9600	102791	0.0	0.0	0.0	0.0
9600	102791	0.0	0.0	0.0	0.0
9600	102791	0.0	0.0	0.0	0.0
9600	102791	0.0	0.0	0.0	0.0
9600	102791	0.0	0.0	0.0	0.0
9600	102791	0.0	0.0	0.0	0.0
9600	102791	0.0	0.0	0.0	0.0
9600	102791	0.0	0.0	0.0	0.0
9600	102791	0.0	0.0	0.0	0.0
9600	102795	0.344	0.0	0.0	0.0
9600	102795	0.072	0.04	0.304	0.032
9600	102795	0.112	0.048	0.12	0.16
9600	102795	0.119	0.04	0.072	0.079
9600	102795	0.095	0.063	0.056	0.032
9600	102795	0.105	0.016	0.079	0.089
9600	102795	0.129	0.057	0.048	0.072
9600	102795	0.098	0.009	0.12	0.089
9600	102795	0.136	0.073	0.025	0.063
9600	102795	0.074	0.009	0.127	0.065
9600	102795	0.128	0.025	0.049	0.103
9600	102795	0.08	0.472	0.6	0.552
9600	102795	0.104	0.104	0.184	0.208
9600	102795	0.08	0.16	0.264	0.24
9600	102795	0.114	0.079	0.159	0.193
9600	102795	0.096	0.007	0.121	0.103
9600	102795	0.105	0.016	0.08	0.089
9600	102795	0.087	0.256	0.361	0.343
9600	102795	0.12	0.281	0.368	0.401
9600	102795	0.256	0.135	0.255	0.391
9600	102795	0.121	0.08	0.176	0.041
9600	102795	0.124	0.033	0.088	0.091
9600	102795	0.119	0.051	0.073	0.068
9600	102795	0.105	0.088	0.207	0.193
9600	102795	0.119	0.031	0.136	0.15
9600	102795	0.12	0.047	0.072	0.073
9600	102795	0.119	0.088	0.208	0.207
9600	102795	0.103	0.03	0.089	0.073
9600	102795	0.104	0.088	0.191	0.192
9600	102795	0.096	0.024	0.08	0.072
9600	102795	0.119	0.025	0.121	0.144
9600	102795	0.102	0.005	0.114	0.097
9600	102795	0.072	0.015	0.117	0.087
9600	102795	0.073	0.048	0.12	0.121
9600	102795	0.063	0.063	0.136	0.126
9600	102795	0.088	0.081	0.144	0.169
9600	102795	0.112	0.04	0.048	0.072
9600	102795	0.088	0.04	0.072	0.048
9600	102795	0.119	0.04	0.048	0.079
9600	102795	0.096	0.039	0.08	0.057
9600	102795	0.12	0.032	0.064	0.088
9600	102795	0.113	0.033	0.087	0.08
9600	102795	0.072	0.04	0.153	0.112
9600	102795	0.119	0.016	0.088	0.135
9600	102795	0.096	0.039	0.08	0.057
9600	102795	0.073	0.017	0.079	0.056
9600	102795	0.063	0.024	0.097	0.087
9600	102795	0.095	0.007	0.056	0.088
9600	102795	0.114	0.007	0.088	0.107
9600	102795	0.08	0.04	0.074	0.04
9600	102795	0.109	0.064	0.144	0.173
9600	102795	0.104	0.007	0.102	0.097
9600	102795	0.072	0.024	0.08	0.048
9600	102795	0.112	0.112	0.184	0.224
9600	102795	0.064	0.024	0.088	0.04
9600	102795	0.095	0.089	0.153	0.184
9600	102795	0.096	0.04	0.055	0.056
9600	102795	0.112	0.016	0.112	0.128
9600	102795	0.088	0.112	0.224	0.2
9600	102795	0.136	0.009	0.079	0.127
9600	102795	0.088	0.031	0.105	0.057
9600	102795	0.097	0.033	0.055	0.064
9600	102795	0.063	0.007	0.09	0.056
9600	102795	0.103	0.065	0.128	0.168
9600	102795	0.111	0.689	0.792	0.8
9600	102795	0.0	0.0	0.0	0.0
9600	102795	0.0	0.0	0.0	0.0
9600	102795	0.0	0.0	0.0	0.0
9600	102795	0.0	0.0	0.0	0.0
9600	102795	0.0	0.0	0.0	0.0
9600	102803	0.175	0.0	0.0	0.0
9600	102803	0.08	0.087	0.088	0.007
9600	102803	0.065	0.048	0.128	0.113
9600	102803	0.104	0.041	0.024	0.063
9600	102803	0.112	0.016	0.088	0.096
9600	102803	0.208	0.128	0.24	0.336
9600	102803	0.08	0.048	0.16	0.032
9600	102803	0.112	0.072	0.152	0.184
9600	102803	0.08	0.056	0.056	0.024
9600	102803	0.137	0.024	0.104	0.161
9600	102803	0.112	0.073	0.064	0.039
9600	102803	0.105	0.007	0.119	0.112
9600	102803	0.127	0.168	0.273	0.295
9600	102803	0.089	0.008	0.119	0.081
9600	102803	0.064	0.048	0.041	0.016
9600	102803	0.096	0.056	0.12	0.152
9600	102803	0.088	0.048	0.048	0.04
9600	102803	0.086	0.017	0.105	0.103
9600	102803	0.063	0.023	0.063	0.04
9600	102803	0.081	0.04	0.103	0.121
9600	102803	0.081	0.032	0.049	0.049
9600	102803	0.087	0.025	0.056	0.062
9600	102803	0.08	0.015	0.072	0.065
9600	102803	0.078	0.009	0.089	0.087
9600	102803	0.071	0.023	0.055	0.048
9600	102803	0.104	0.025	0.096	0.129
9600	102803	0.112	0.031	0.073	0.081
9600	102803	0.136	0.049	0.063	0.087
9600	102803	0.088	0.04	0.096	0.048
9600	102803	0.119	0.224	0.312	0.343
9600	102803	0.08	0.009	0.128	0.089
9600	102803	0.128	0.016	0.096	0.144
9600	102803	0.105	0.025	0.103	0.08
9600	102803	0.136	0.032	0.073	0.104
9600	102803	0.087	0.336	0.472	0.423
9600	102803	0.112	0.089	0.176	0.201
9600	102803	0.144	0.056	0.056	0.088
9600	102803	0.104	0.072	0.072	0.032
9600	102803	0.087	0.065	0.169	0.152
9600	102803	0.088	0.144	0.231	0.232
9600	102803	0.079	0.008	0.08	0.071
9600	102803	0.103	0.033	0.112	0.136
9600	102803	0.088	0.063	0.04	0.025
9600	102803	0.129	0.032	0.056	0.097
9600	102803	0.096	0.007	0.136	0.103
9600	102803	0.088	0.016	0.08	0.072
9600	102803	0.104	0.016	0.072	0.088
9600	102803	0.104	0.032	0.072	0.072
9600	102803	0.064	0.032	0.072	0.032
9600	102803	0.312	0.056	0.12	0.368
9600	102803	0.112	0.176	0.136	0.064
9600	102803	0.12	0.032	0.08	0.088
9600	102803	0.097	0.016	0.104	0.081
9600	102803	0.064	0.039	0.136	0.103
9600	102803	0.129	0.008	0.072	0.137
9600	102803	0.08	0.007	0.136	0.087
9600	102803	0.088	0.128	0.208	0.216
9600	102803	0.11	0.129	0.217	0.239
9600	102803	0.098	0.032	0.142	0.13
9600	102803	0.0	0.0	0.0	0.0
9600	102803	0.0	0.0	0.0	0.0
9600	102803	0.0	0.0	0.0	0.0
9600	102803	0.0	0.0	0.0	0.0
9600	102803	0.0	0.0	0.0	0.0
9600	102803	0.0	0.0	0.0	0.0
9600	102803	0.0	0.0	0.0	0.0
9600	102803	0.0	0.0	0.0	0.0
9600	102803	0.0	0.0	0.0	0.0
9600	102803	0.0	0.0	0.0	0.0
9600	102803	0.0	0.0	0.0	0.0
9600	102805	0.135	0.0	0.0	0.0
9600	102805	0.056	0.072	0.063	0.016
9600	102805	0.08	0.064	0.12	0.144
9600	102805	0.072	0.064	0.144	0.136
9600	102805	0.112	0.04	0.032	0.072
9600	102805	0.104	0.032	0.08	0.072
9600	102805	0.096	0.032	0.072	0.064
9600	102805	0.104	0.056	0.04	0.048
9600	102805	0.08	0.032	0.136	0.112
9600	102805	0.104	0.008	0.088	0.112
9600	102805	0.113	0.065	0.039	0.048
9600	102805	0.151	0.072	0.041	0.079
9600	102805	0.055	0.095	0.056	0.04
9600	102805	0.117	0.008	0.047	0.109
9600	102805	0.08	0.012	0.105	0.068
9600	102805	0.104	0.016	0.064	0.088
9600	102805	0.111	0.055	0.049	0.056
9600	102805	0.087	0.031	0.08	0.056
9600	102805	0.08	0.008	0.079	0.072
9600	102805	0.096	0.048	0.128	0.144
9600	102805	0.104	0.032	0.064	0.072
9600	102805	0.104	0.024	0.08	0.08
9600	102805	0.119	0.024	0.128	0.143
9600	102805	0.113	0.016	0.103	0.097
9600	102805	0.12	0.056	0.057	0.064
9600	102805	0.094	0.071	0.049	0.023
9600	102805	0.119	0.014	0.08	0.105
9600	102805	0.097	0.024	0.143	0.121
9600	102805	0.095	0.039	0.136	0.134
9600	102805	0.103	0.039	0.056	0.064
9600	102805	0.103	0.006	0.097	0.097
9600	102805	0.097	0.007	0.11	0.104
9600	102805	0.103	0.032	0.065	0.071
9600	102805	0.104	0.007	0.096	0.097
9600	102805	0.088	0.032	0.072	0.056
9600	102805	0.136	0.04	0.048	0.096
9600	102805	0.151	0.112	0.248	0.263
9600	102805	0.111	0.015	0.136	0.096
9600	102805	0.096	0.009	0.12	0.105
9600	102805	0.063	0.009	0.105	0.072
9600	102805	0.095	0.08	0.143	0.175
9600	102805	0.105	0.008	0.087	0.097
9600	102805	0.096	0.072	0.033	0.024
9600	102805	0.047	0.2	0.296	0.247
9600	102805	0.103	0.034	0.081	0.137
9600	102805	0.08	0.232	0.335	0.312
9600	102805	0.088	0.056	0.136	0.144
9600	102805	0.08	0.015	0.103	0.095
9600	102805	0.112	0.017	0.097	0.129
9600	102805	0.119	0.016	0.096	0.103
9600	102805	0.071	0.082	0.201	0.153
9600	102805	0.104	0.008	0.063	0.096
9600	102805	0.103	0.039	0.065	0.064
9600	102805	0.103	0.048	0.055	0.055
9600	102805	0.11	0.03	0.073	0.08
9600	102805	0.078	0.006	0.104	0.072
9600	102805	0.081	0.008	0.086	0.089
9600	102805	0.096	0.04	0.041	0.056
9600	102805	0.121	0.016	0.08	0.105
9600	102805	0.096	0.023	0.144	0.119
9600	102805	0.104	0.225	0.321	0.329
9600	102805	0.097	0.006	0.11	0.103
9600	102805	0.088	0.032	0.129	0.12
9600	102805	0.055	0.008	0.096	0.063
9600	102805	0.088	0.105	0.16	0.193
9600	102805	0.136	0.008	0.096	0.144
9600	102805	0.128	0.048	0.088	0.08
9600	102805	0.08	0.408	0.536	0.488
9600	102805	0.08	0.048	0.128	0.128
9600	102805	0.118	0.121	0.201	0.239
9600	102817	0.255	0.0	0.0	0.0
9600	102817	0.072	0.025	0.23	0.047
9600	102817	0.073	0.008	0.064	0.065
9600	102817	0.104	0.032	0.105	0.136
9600	102817	0.127	0.007	0.097	0.12
9600	102817	0.135	0.08	0.047	0.055
9600	102817	0.064	0.041	0.176	0.105
9600	102817	0.104	0.024	0.04	0.08
9600	102817	0.08	0.008	0.112	0.088
9600	102817	0.072	0.104	0.184	0.176
9600	102817	0.071	0.032	0.04	0.039
9600	102817	0.097	0.008	0.079	0.105
9600	102817	0.119	0.016	0.081	0.103
9600	102817	0.081	0.031	0.088	0.05
9600	102817	0.072	0.041	0.04	0.031
9600	102817	0.08	0.056	0.128	0.136
9600	102817	0.09	0.041	0.039	0.049
9600	102817	0.081	0.023	0.113	0.104
9600	102817	0.103	0.032	0.113	0.135
9600	102817	0.104	0.032	0.071	0.072
9600	102817	0.135	0.047	0.057	0.088
9600	102817	0.104	0.064	0.071	0.04
9600	102817	0.08	0.008	0.112	0.088
9600	102817	0.103	0.048	0.128	0.151
9600	102817	0.08	0.089	0.192	0.169
9600	102817	0.104	0.04	0.12	0.144
9600	102817	0.11	0.015	0.089	0.095
9600	102817	0.072	0.023	0.087	0.049
9600	102817	0.079	0.016	0.056	0.063
9600	102817	0.121	0.007	0.072	0.114
9600	102817	0.079	0.056	0.065	0.023
9600	102817	0.086	0.009	0.088	0.095
9600	102817	0.095	0.047	0.039	0.048
9600	102817	0.048	0.007	0.088	0.041
9600	102817	0.086	0.065	0.113	0.151
9600	102817	0.08	0.009	0.095	0.089
9600	102817	0.129	0.032	0.048	0.097
9600	102817	0.11	0.079	0.05	0.031
9600	102817	0.104	0.04	0.15	0.144
9600	102817	0.096	0.04	0.064	0.056
9600	102817	0.08	0.344	0.44	0.424
9600	102817	0.095	0.144	0.224	0.239
9600	102817	0.089	0.008	0.087	0.081
9600	102817	0.113	0.048	0.137	0.161
9600	102817	0.104	0.032	0.081	0.072
9600	102817	0.12	0.127	0.231	0.247
9600	102817	0.095	0.032	0.152	0.127
9600	102817	0.112	0.017	0.112	0.129
9600	102817	0.08	0.448	0.56	0.528
9600	102817	0.071	0.032	0.112	0.103
9600	102817	0.089	0.023	0.048	0.066
9600	102817	0.121	0.018	0.071	0.103
9600	102817	0.071	0.023	0.098	0.048
9600	102817	0.064	0.144	0.215	0.208
9600	102817	0.119	0.073	0.137	0.192
9600	102817	0.096	0.056	0.175	0.152
9600	102817	0.151	0.048	0.144	0.199
9600	102817	0.088	0.057	0.208	0.145
9600	102817	0.081	0.024	0.064	0.057
9600	102817	0.112	0.024	0.105	0.136
9600	102817	0.088	0.017	0.095	0.071
9600	102817	0.08	0.031	0.057	0.049
9600	102817	0.063	0.08	0.16	0.143
9600	102817	0.065	0.104	0.167	0.169
9600	102817	0.072	0.055	0.12	0.127
9600	102817	0.08	0.032	0.104	0.112
9600	102817	0.113	0.072	0.152	0.185
9600	102817	0.096	0.033	0.08	0.063
9600	102817	0.0	0.0	0.0	0.0
9600	102817	0.0	0.0	0.0	0.0
9600	102827	0.11	0.0	0.0	0.0
9600	102827	0.12	0.047	0.063	0.073
9600	102827	0.105	0.016	0.136	0.121
9600	102827	0.104	0.065	0.04	0.039
9600	102827	0.088	0.032	0.072	0.056
9600	102827	0.078	0.006	0.082	0.072
9600	102827	0.129	0.016	0.062	0.113
9600	102827	0.079	0.031	0.16	0.11
9600	102827	0.081	0.016	0.095	0.097
9600	102827	0.065	0.015	0.096	0.08
9600	102827	0.079	0.016	0.081	0.095
9600	102827	0.11	0.014	0.065	0.096
9600	102827	0.104	0.055	0.055	0.049
9600	102827	0.112	0.016	0.088	0.096
9600	102827	0.088	0.04	0.152	0.128
9600	102827	0.08	0.072	0.16	0.152
9600	102827	0.135	0.008	0.088	0.143
9600	102827	0.056	0.047	0.088	0.009
9600	102827	0.088	0.104	0.16	0.192
9600	102827	0.097	0.049	0.039	0.048
9600	102827	0.073	0.025	0.072	0.048
9600	102827	0.104	0.04	0.033	0.064
9600	102827	0.103	0.089	0.193	0.192
9600	102827	0.136	0.032	0.135	0.168
9600	102827	0.095	0.048	0.088	0.047
9600	102827	0.104	0.015	0.08	0.089
9600	102827	0.114	0.015	0.119	0.129
9600	102827	0.096	0.065	0.049	0.031
9600	102827	0.105	0.095	0.191	0.2
9600	102827	0.0	0.0	0.0	0.0
9600	102827	0.0	0.0	0.0	0.0
9600	102827	0.0	0.0	0.0	0.0
9600	102827	0.0	0.0	0.0	0.0
9600	102827	0.0	0.0	0.0	0.0
9600	102827	0.0	0.0	0.0	0.0
9600	102827	0.0	0.0	0.0	0.0
9600	102827	0.0	0.0	0.0	0.0
9600	102827	0.0	0.0	0.0	0.0
9600	102827	0.0	0.0	0.0	0.0
9600	102827	0.0	0.0	0.0	0.0
9600	102827	0.0	0.0	0.0	0.0
9600	102827	0.0	0.0	0.0	0.0
9600	102827	0.0	0.0	0.0	0.0
9600	102827	0.0	0.0	0.0	0.0
9600	102827	0.0	0.0	0.0	0.0
9600	102827	0.0	0.0	0.0	0.0
9600	102827	0.0	0.0	0.0	0.0
9600	102827	0.0	0.0	0.0	0.0
9600	102827	0.0	0.0	0.0	0.0
9600	102827	0.0	0.0	0.0	0.0
9600	102827	0.0	0.0	0.0	0.0
9600	102827	0.0	0.0	0.0	0.0
9600	102827	0.0	0.0	0.0	0.0
9600	102827	0.0	0.0	0.0	0.0
9600	102827	0.0	0.0	0.0	0.0
9600	102827	0.0	0.0	0.0	0.0
9600	102827	0.0	0.0	0.0	0.0
9600	102827	0.0	0.0	0.0	0.0
9600	102827	0.0	0.0	0.0	0.0
9600	102827	0.0	0.0	0.0	0.0
9600	102827	0.0	0.0	0.0	0.0
9600	102827	0.0	0.0	0.0	0.0
9600	102827	0.0	0.0	0.0	0.0
9600	102827	0.0	0.0	0.0	0.0
9600	102827	0.0	0.0	0.0	0.0
9600	102827	0.0	0.0	0.0	0.0
9600	102827	0.0	0.0	0.0	0.0
9600	102827	0.0	0.0	0.0	0.0
9600	102827	0.0	0.0	0.0	0.0
9600	102827	0.0	0.0	0.0	0.0
9600	102831	0.936	0.0	0.0	0.0
9600	102831	0.08	0.032	0.904	0.048
9600	102831	0.072	0.024	0.056	0.048
9600	102831	0.112	0.023	0.095	0.135
9600	102831	0.088	0.041	0.153	0.129
9600	102831	0.079	0.008	0.096	0.087
9600	102831	0.128	0.015	0.064	0.113
9600	102831	0.104	0.04	0.088	0.064
9600	102831	0.112	0.024	0.128	0.136
9600	102831	0.079	0.032	0.08	0.047
9600	102831	0.095	0.015	0.064	0.08
9600	102831	0.123	0.031	0.064	0.092
9600	102831	0.136	0.005	0.128	0.141
9600	102831	0.153	0.065	0.071	0.088
9600	102831	0.095	0.024	0.129	0.071
9600	102831	0.113	0.032	0.063	0.081
9600	102831	0.103	0.008	0.121	0.111
9600	102831	0.072	0.008	0.095	0.064
9600	102831	0.096	0.009	0.081	0.105
9600	102831	0.087	0.016	0.08	0.071
9600	102831	0.096	0.031	0.056	0.065
9600	102831	0.096	0.009	0.087	0.087
9600	102831	0.079	0.026	0.122	0.105
9600	102831	0.12	0.12	0.199	0.24
9600	102831	0.104	0.312	0.432	0.416
9600	102831	0.087	0.009	0.113	0.096
9600	102831	0.112	0.048	0.039	0.064
9600	102831	0.12	0.008	0.12	0.128
9600	102831	0.128	0.12	0.24	0.248
9600	102831	0.08	0.039	0.089	0.041
9600	102831	0.072	0.033	0.047	0.039
9600	102831	0.088	0.04	0.112	0.128
9600	102831	0.081	0.041	0.047	0.04
9600	102831	0.103	0.008	0.089	0.111
9600	102831	0.049	0.024	0.079	0.025
9600	102831	0.089	0.295	0.344	0.384
9600	102831	0.08	0.056	0.145	0.136
9600	102831	0.111	0.073	0.153	0.184
9600	102831	0.113	0.009	0.102	0.104
9600	102831	0.12	0.04	0.153	0.16
9600	102831	0.073	0.009	0.111	0.064
9600	102831	0.096	0.072	0.145	0.168
9600	102831	0.103	0.024	0.072	0.079
9600	102831	0.0	0.0	0.0	0.0
9600	102831	0.0	0.0	0.0	0.0
9600	102831	0.0	0.0	0.0	0.0
9600	102831	0.0	0.0	0.0	0.0
9600	102831	0.0	0.0	0.0	0.0
9600	102831	0.0	0.0	0.0	0.0
9600	102831	0.0	0.0	0.0	0.0
9600	102831	0.0	0.0	0.0	0.0
9600	102831	0.0	0.0	0.0	0.0
9600	102831	0.0	0.0	0.0	0.0
9600	102831	0.0	0.0	0.0	0.0
9600	102831	0.0	0.0	0.0	0.0
9600	102831	0.0	0.0	0.0	0.0
9600	102831	0.0	0.0	0.0	0.0
9600	102831	0.0	0.0	0.0	0.0
9600	102831	0.0	0.0	0.0	0.0
9600	102831	0.0	0.0	0.0	0.0
9600	102831	0.0	0.0	0.0	0.0
9600	102831	0.0	0.0	0.0	0.0
9600	102831	0.0	0.0	0.0	0.0
9600	102831	0.0	0.0	0.0	0.0
9600	102831	0.0	0.0	0.0	0.0
9600	102831	0.0	0.0	0.0	0.0
9600	102831	0.0	0.0	0.0	0.0
9600	102831	0.0	0.0	0.0	0.0
9600	102831	0.0	0.0	0.0	0.0
9600	102831	0.0	0.0	0.0	0.0
9600	102838	0.295	0.0	0.0	0.0
9600	102838	0.088	0.023	0.272	0.065
9600	102838	0.104	0.024	0.064	0.08
9600	102838	0.097	0.056	0.048	0.041
9600	102838	0.08	0.049	0.048	0.031
9600	102838	0.048	0.008	0.088	0.056
9600	102838	0.16	0.008	0.04	0.152
9600	102838	0.112	0.04	0.12	0.072
9600	102838	0.12	0.031	0.143	0.151
9600	102838	0.063	0.047	0.073	0.016
9600	102838	0.145	0.08	0.143	0.225
9600	102838	0.103	0.064	0.081	0.039
9600	102838	0.104	0.031	0.072	0.073
9600	102838	0.103	0.008	0.112	0.111
9600	102838	0.08	0.023	0.08	0.057
9600	102838	0.074	0.079	0.159	0.153
9600	102838	0.103	0.08	0.154	0.183
9600	102838	0.088	0.104	0.207	0.192
9600	102838	0.094	0.065	0.153	0.159
9600	102838	0.095	0.006	0.088	0.089
9600	102838	0.113	0.007	0.102	0.12
9600	102838	0.095	0.032	0.081	0.063
9600	102838	0.129	0.096	0.191	0.225
9600	102838	0.0	0.0	0.0	0.0
9600	102838	0.0	0.0	0.0	0.0
9600	102838	0.0	0.0	0.0	0.0
9600	102838	0.0	0.0	0.0	0.0
9600	102838	0.0	0.0	0.0	0.0
9600	102838	0.0	0.0	0.0	0.0
9600	102838	0.0	0.0	0.0	0.0
9600	102838	0.0	0.0	0.0	0.0
9600	102838	0.0	0.0	0.0	0.0
9600	102838	0.0	0.0	0.0	0.0
9600	102838	0.0	0.0	0.0	0.0
9600	102838	0.0	0.0	0.0	0.0
9600	102838	0.0	0.0	0.0	0.0
9600	102838	0.0	0.0	0.0	0.0
9600	102838	0.0	0.0	0.0	0.0
9600	102838	0.0	0.0	0.0	0.0
9600	102838	0.0	0.0	0.0	0.0
9600	102838	0.0	0.0	0.0	0.0
9600	102838	0.0	0.0	0.0	0.0
9600	102838	0.0	0.0	0.0	0.0
9600	102838	0.0	0.0	0.0	0.0
9600	102838	0.0	0.0	0.0	0.0
9600	102838	0.0	0.0	0.0	0.0
9600	102838	0.0	0.0	0.0	0.0
9600	102838	0.0	0.0	0.0	0.0
9600	102838	0.0	0.0	0.0	0.0
9600	102838	0.0	0.0	0.0	0.0
9600	102838	0.0	0.0	0.0	0.0
9600	102838	0.0	0.0	0.0	0.0
9600	102838	0.0	0.0	0.0	0.0
9600	102838	0.0	0.0	0.0	0.0
9600	102838	0.0	0.0	0.0	0.0
9600	102838	0.0	0.0	0.0	0.0
9600	102838	0.0	0.0	0.0	0.0
9600	102838	0.0	0.0	0.0	0.0
9600	102838	0.0	0.0	0.0	0.0
9600	102838	0.0	0.0	0.0	0.0
9600	102838	0.0	0.0	0.0	0.0
9600	102838	0.0	0.0	0.0	0.0
9600	102838	0.0	0.0	0.0	0.0
9600	102838	0.0	0.0	0.0	0.0
9600	102838	0.0	0.0	0.0	0.0
9600	102838	0.0	0.0	0.0	0.0
9600	102838	0.0	0.0	0.0	0.0
9600	102838	0.0	0.0	0.0	0.0
9600	102838	0.0	0.0	0.0	0.0
9600	102838	0.0	0.0	0.0	0.0
9600	102845	0.048	0.0	0.0	0.0
9600	102845	0.36	0.4	0.448	0.76
9600	102845	0.112	0.104	0.256	0.008
9600	102845	0.111	0.129	0.241	0.24
9600	102845	0.08	0.04	0.071	0.04
9600	102845	0.152	0.056	0.136	0.208
9600	102845	0.12	0.056	0.096	0.064
9600	102845	0.104	0.04	0.08	0.064
9600	102845	0.088	0.016	0.12	0.104
9600	102845	0.096	0.073	0.161	0.169
9600	102845	0.16	0.034	0.062	0.126
9600	102845	0.119	0.046	0.114	0.073
9600	102845	0.072	0.016	0.103	0.056
9600	102845	0.087	0.065	0.137	0.152
9600	102845	0.096	0.032	0.055	0.064
9600	102845	0.081	0.008	0.104	0.089
9600	102845	0.208	0.071	0.152	0.279
9600	102845	0.121	0.153	0.055	0.032
9600	102845	0.096	0.032	0.089	0.064
9600	102845	0.113	0.041	0.055	0.072
9600	102845	0.127	0.008	0.121	0.135
9600	102845	0.08	0.065	0.192	0.145
9600	102845	0.08	0.049	0.031	0.031
9600	102845	0.072	0.034	0.114	0.106
9600	102845	0.072	0.025	0.047	0.047
9600	102845	0.089	0.015	0.087	0.104
9600	102845	0.071	0.031	0.058	0.04
9600	102845	0.12	0.024	0.047	0.096
9600	102845	0.096	0.032	0.088	0.064
9600	102845	0.064	0.056	0.04	0.008
9600	102845	0.064	0.055	0.119	0.119
9600	102845	0.08	0.007	0.057	0.073
9600	102845	0.08	0.008	0.088	0.088
9600	102845	0.129	0.008	0.072	0.121
9600	102845	0.064	0.017	0.112	0.047
9600	102845	0.096	0.088	0.152	0.184
9600	102845	0.12	0.032	0.064	0.088
9600	102845	0.137	0.056	0.064	0.081
9600	102845	0.168	0.065	0.072	0.103
9600	102845	0.095	0.063	0.105	0.032
9600	102845	0.112	0.016	0.079	0.096
9600	102845	0.071	0.049	0.161	0.12
9600	102845	0.063	0.024	0.095	0.087
9600	102845	0.089	0.007	0.056	0.082
9600	102845	0.095	0.033	0.056	0.062
9600	102845	0.073	0.048	0.047	0.025
9600	102845	0.088	0.064	0.137	0.152
9600	102845	0.112	0.024	0.064	0.088
9600	102845	0.103	0.047	0.065	0.056
9600	102845	0.111	0.023	0.08	0.088
9600	102845	0.128	0.04	0.071	0.088
9600	102845	0.152	0.081	0.209	0.233
9600	102845	0.096	0.191	0.343	0.287
9600	102845	0.128	0.104	0.2	0.232
9600	102845	0.135	0.056	0.072	0.079
9600	102845	0.08	0.129	0.264	0.209
9600	102845	0.111	0.008	0.072	0.103
9600	102845	0.128	0.039	0.072	0.089
9600	102845	0.089	0.049	0.079	0.04
9600	102845	0.087	0.008	0.097	0.095
9600	102845	0.071	0.058	0.145	0.129
9600	102845	0.113	0.015	0.086	0.128
9600	102845	0.072	0.032	0.081	0.04
9600	102845	0.079	0.081	0.153	0.16
9600	102845	0.072	0.216	0.295	0.288
9600	102845	0.064	0.072	0.144	0.136
9600	102845	0.063	0.073	0.137	0.136
9600	102845	0.073	0.071	0.134	0.144
9600	102845	0.08	0.056	0.129	0.136
9600	102845	0.097	0.12	0.2	0.217
9600	102861	0.225	0.0	0.0	0.0
9600	102861	0.08	0.104	0.121	0.024
9600	102861	0.096	0.08	0.16	0.176
9600	102861	0.104	0.016	0.08	0.088
9600	102861	0.113	0.039	0.143	0.152
9600	102861	0.063	0.007	0.106	0.056
9600	102861	0.119	0.064	0.127	0.183
9600	102861	0.135	0.047	0.072	0.088
9600	102861	0.12	0.071	0.064	0.049
9600	102861	0.128	0.144	0.264	0.272
9600	102861	0.104	0.032	0.096	0.072
9600	102861	0.129	0.048	0.056	0.081
9600	102861	0.151	0.208	0.337	0.359
9600	102861	0.064	0.04	0.111	0.024
9600	102861	0.057	0.103	0.167	0.16
9600	102861	0.128	0.072	0.129	0.2
9600	102861	0.088	0.04	0.088	0.048
9600	102861	0.093	0.061	0.027	0.032
9600	102861	0.104	0.032	0.125	0.136
9600	102861	0.088	0.048	0.152	0.136
9600	102861	0.088	0.016	0.104	0.104
9600	102861	0.08	0.016	0.072	0.064
9600	102861	0.112	0.04	0.04	0.072
9600	102861	0.088	0.016	0.096	0.072
9600	102861	0.072	0.008	0.08	0.064
9600	102861	0.08	0.016	0.088	0.096
9600	102861	0.104	0.008	0.072	0.096
9600	102861	0.088	0.048	0.056	0.04
9600	102861	0.128	0.024	0.064	0.104
9600	102861	0.088	0.008	0.12	0.08
9600	102861	0.047	0.016	0.104	0.063
9600	102861	0.097	0.016	0.063	0.113
9600	102861	0.08	0.008	0.105	0.088
9600	102861	0.096	0.04	0.04	0.056
9600	102861	0.112	0.016	0.08	0.096
9600	102861	0.136	0.04	0.072	0.096
9600	102861	0.128	0.048	0.088	0.08
9600	102861	0.152	0.048	0.08	0.104
9600	102861	0.072	0.056	0.208	0.128
9600	102861	0.12	0.04	0.112	0.16
9600	102861	0.072	0.032	0.088	0.04
9600	102861	0.113	0.009	0.063	0.104
9600	102861	0.088	0.144	0.257	0.232
9600	102861	0.129	0.016	0.104	0.145
9600	102861	0.064	0.057	0.072	0.007
9600	102861	0.088	0.064	0.128	0.152
9600	102861	0.066	0.009	0.079	0.057
9600	102861	0.07	0.08	0.146	0.15
9600	102861	0.0	0.0	0.0	0.0
9600	102861	0.0	0.0	0.0	0.0
9600	102861	0.0	0.0	0.0	0.0
9600	102861	0.0	0.0	0.0	0.0
9600	102861	0.0	0.0	0.0	0.0
9600	102861	0.0	0.0	0.0	0.0
9600	102861	0.0	0.0	0.0	0.0
9600	102861	0.0	0.0	0.0	0.0
9600	102861	0.0	0.0	0.0	0.0
9600	102861	0.0	0.0	0.0	0.0
9600	102861	0.0	0.0	0.0	0.0
9600	102861	0.0	0.0	0.0	0.0
9600	102861	0.0	0.0	0.0	0.0
9600	102861	0.0	0.0	0.0	0.0
9600	102861	0.0	0.0	0.0	0.0
9600	102861	0.0	0.0	0.0	0.0
9600	102861	0.0	0.0	0.0	0.0
9600	102861	0.0	0.0	0.0	0.0
9600	102861	0.0	0.0	0.0	0.0
9600	102861	0.0	0.0	0.0	0.0
9600	102861	0.0	0.0	0.0	0.0
9600	102861	0.0	0.0	0.0	0.0
9600	102866	0.367	0.0	0.0	0.0
9600	102866	0.08	0.023	0.344	0.057
9600	102866	0.081	0.025	0.055	0.056
9600	102866	0.103	0.04	0.121	0.143
9600	102866	0.049	0.024	0.079	0.025
9600	102866	0.105	0.064	0.113	0.169
9600	102866	0.104	0.049	0.056	0.055
9600	102866	0.087	0.024	0.08	0.063
9600	102866	0.128	0.015	0.072	0.113
9600	102866	0.096	0.032	0.096	0.064
9600	102866	0.144	0.04	0.056	0.104
9600	102866	0.065	0.016	0.128	0.049
9600	102866	0.121	0.062	0.127	0.183
9600	102866	0.112	0.04	0.081	0.072
9600	102866	0.079	0.064	0.048	0.015
9600	102866	0.119	0.047	0.032	0.072
9600	102866	0.104	0.007	0.112	0.097
9600	102866	0.087	0.056	0.048	0.031
9600	102866	0.128	0.057	0.144	0.185
9600	102866	0.113	0.048	0.08	0.065
9600	102866	0.096	0.033	0.08	0.063
9600	102866	0.136	0.048	0.144	0.184
9600	102866	0.112	0.056	0.08	0.056
9600	102866	0.096	0.04	0.152	0.136
9600	102866	0.12	0.032	0.064	0.088
9600	102866	0.096	0.208	0.328	0.304
9600	102866	0.04	0.008	0.104	0.048
9600	102866	0.088	0.056	0.096	0.144
9600	102866	0.072	0.056	0.032	0.016
9600	102866	0.089	0.072	0.144	0.161
9600	102866	0.096	0.007	0.096	0.103
9600	102866	0.088	0.016	0.08	0.072
9600	102866	0.128	0.008	0.096	0.136
9600	102866	0.104	0.04	0.088	0.064
9600	102866	0.111	0.009	0.113	0.12
9600	102866	0.08	0.44	0.551	0.52
9600	102866	0.127	0.081	0.161	0.208
9600	102866	0.104	0.112	0.239	0.216
9600	102866	0.088	0.056	0.048	0.032
9600	102866	0.079	0.04	0.048	0.039
9600	102866	0.081	0.007	0.072	0.074
9600	102866	0.073	0.015	0.096	0.088
9600	102866	0.113	0.025	0.048	0.088
9600	102866	0.081	0.05	0.063	0.031
9600	102866	0.16	0.048	0.129	0.208
9600	102866	0.095	0.079	0.081	0.016
9600	102866	0.072	0.128	0.223	0.2
9600	102866	0.105	0.032	0.104	0.137
9600	102866	0.105	0.478	0.583	0.583
9600	102866	0.103	0.2	0.305	0.303
9600	102866	0.143	0.007	0.096	0.136
9600	102866	0.136	0.047	0.096	0.089
9600	102866	0.144	0.016	0.152	0.16
9600	102866	0.144	0.064	0.08	0.08
9600	102866	0.151	0.097	0.241	0.248
9600	102866	0.104	0.048	0.103	0.056
9600	102866	0.112	0.073	0.177	0.185
9600	102866	0.108	0.057	0.055	0.051
9600	102866	0.112	0.044	0.064	0.068
9600	102866	0.143	0.121	0.233	0.264
9600	102866	0.0	0.0	0.0	0.0
9600	102866	0.0	0.0	0.0	0.0
9600	102866	0.0	0.0	0.0	0.0
9600	102866	0.0	0.0	0.0	0.0
9600	102866	0.0	0.0	0.0	0.0
9600	102866	0.0	0.0	0.0	0.0
9600	102866	0.0	0.0	0.0	0.0
9600	102866	0.0	0.0	0.0	0.0
9600	102866	0.0	0.0	0.0	0.0
9600	102866	0.0	0.0	0.0	0.0
