PARTICIPANT_ID	TEST_SECTION_ID	HOLD_LATENCY	INTERKEY_LATENCY	PRESS_LATENCY	RELEASE_LATENCY
9850	105351	0.154	0.0	0.0	0.0
9850	105351	0.077	0.044	0.11	0.033
9850	105351	0.107	0.109	0.186	0.216
9850	105351	0.077	0.141	0.248	0.218
9850	105351	0.08	0.174	0.251	0.254
9850	105351	0.068	0.078	0.158	0.146
9850	105351	0.136	0.508	0.576	0.644
9850	105351	0.137	0.0	0.136	0.137
9850	105351	0.074	0.079	0.216	0.153
9850	105351	0.104	0.11	0.184	0.214
9850	105351	0.086	0.016	0.12	0.102
9850	105351	0.115	0.065	0.151	0.18
9850	105351	0.151	0.047	0.162	0.198
9850	105351	0.089	0.016	0.167	0.105
9850	105351	0.111	0.119	0.208	0.23
9850	105351	0.09	0.047	0.158	0.137
9850	105351	0.124	0.236	0.326	0.36
9850	105351	0.159	0.409	0.533	0.568
9850	105351	0.075	0.047	0.206	0.122
9850	105351	0.075	0.125	0.2	0.2
9850	105351	0.131	0.031	0.106	0.162
9850	105351	0.091	0.047	0.178	0.138
9850	105351	0.187	0.188	0.279	0.375
9850	105351	0.091	0.266	0.453	0.357
9850	105351	0.111	0.109	0.2	0.22
9850	105351	0.121	0.195	0.306	0.316
9850	105351	0.082	0.0	0.121	0.082
9850	105351	0.105	0.093	0.175	0.198
9850	105351	0.191	0.159	0.264	0.35
9850	105351	0.164	0.032	0.223	0.196
9850	105351	0.343	0.376	0.54	0.719
9850	105351	0.107	0.154	0.189	0.047
9850	105351	0.0	0.0	0.0	0.0
9850	105351	0.0	0.0	0.0	0.0
9850	105351	0.0	0.0	0.0	0.0
9850	105351	0.0	0.0	0.0	0.0
9850	105351	0.0	0.0	0.0	0.0
9850	105351	0.0	0.0	0.0	0.0
9850	105351	0.0	0.0	0.0	0.0
9850	105351	0.0	0.0	0.0	0.0
9850	105351	0.0	0.0	0.0	0.0
9850	105351	0.0	0.0	0.0	0.0
9850	105351	0.0	0.0	0.0	0.0
9850	105351	0.0	0.0	0.0	0.0
9850	105351	0.0	0.0	0.0	0.0
9850	105351	0.0	0.0	0.0	0.0
9850	105351	0.0	0.0	0.0	0.0
9850	105351	0.0	0.0	0.0	0.0
9850	105351	0.0	0.0	0.0	0.0
9850	105351	0.0	0.0	0.0	0.0
9850	105351	0.0	0.0	0.0	0.0
9850	105351	0.0	0.0	0.0	0.0
9850	105351	0.0	0.0	0.0	0.0
9850	105351	0.0	0.0	0.0	0.0
9850	105351	0.0	0.0	0.0	0.0
9850	105351	0.0	0.0	0.0	0.0
9850	105351	0.0	0.0	0.0	0.0
9850	105351	0.0	0.0	0.0	0.0
9850	105351	0.0	0.0	0.0	0.0
9850	105351	0.0	0.0	0.0	0.0
9850	105351	0.0	0.0	0.0	0.0
9850	105351	0.0	0.0	0.0	0.0
9850	105351	0.0	0.0	0.0	0.0
9850	105351	0.0	0.0	0.0	0.0
9850	105351	0.0	0.0	0.0	0.0
9850	105351	0.0	0.0	0.0	0.0
9850	105351	0.0	0.0	0.0	0.0
9850	105351	0.0	0.0	0.0	0.0
9850	105351	0.0	0.0	0.0	0.0
9850	105351	0.0	0.0	0.0	0.0
9850	105363	0.22	0.0	0.0	0.0
9850	105363	0.126	0.064	0.156	0.062
9850	105363	0.073	0.063	0.189	0.136
9850	105363	0.118	0.164	0.237	0.282
9850	105363	0.085	0.0	0.118	0.085
9850	105363	0.108	0.407	0.492	0.515
9850	105363	0.085	0.049	0.157	0.134
9850	105363	0.135	0.267	0.352	0.402
9850	105363	0.161	0.052	0.083	0.109
9850	105363	0.146	0.172	0.333	0.318
9850	105363	0.21	0.063	0.209	0.273
9850	105363	0.166	0.056	0.154	0.11
9850	105363	0.098	0.141	0.307	0.239
9850	105363	0.088	0.062	0.16	0.15
9850	105363	0.074	0.11	0.198	0.184
9850	105363	0.098	0.0	0.074	0.098
9850	105363	0.087	0.063	0.161	0.15
9850	105363	0.118	0.081	0.168	0.199
9850	105363	0.119	0.016	0.102	0.103
9850	105363	0.128	0.082	0.037	0.046
9850	105363	0.074	0.047	0.175	0.121
9850	105363	0.155	0.14	0.214	0.295
9850	105363	0.107	0.095	0.25	0.202
9850	105363	0.106	0.344	0.451	0.45
9850	105363	0.107	0.093	0.199	0.2
9850	105363	0.095	0.172	0.279	0.267
9850	105363	0.107	0.094	0.189	0.201
9850	105363	0.085	0.034	0.141	0.119
9850	105363	0.088	0.109	0.194	0.197
9850	105363	0.09	0.094	0.182	0.184
9850	105363	0.103	0.046	0.136	0.149
9850	105363	0.131	0.0	0.103	0.131
9850	105363	0.134	0.11	0.241	0.244
9850	105363	0.099	0.109	0.243	0.208
9850	105363	0.123	0.094	0.193	0.217
9850	105363	0.088	0.047	0.17	0.135
9850	105363	0.169	0.381	0.469	0.55
9850	105363	0.114	0.0	0.169	0.114
9850	105363	0.118	0.015	0.129	0.133
9850	105363	0.091	0.062	0.18	0.153
9850	105363	0.088	0.078	0.169	0.166
9850	105363	0.166	0.345	0.433	0.511
9850	105363	0.113	0.14	0.306	0.253
9850	105363	0.101	0.568	0.681	0.669
9850	105363	0.0	0.0	0.0	0.0
9850	105363	0.0	0.0	0.0	0.0
9850	105363	0.0	0.0	0.0	0.0
9850	105363	0.0	0.0	0.0	0.0
9850	105363	0.0	0.0	0.0	0.0
9850	105363	0.0	0.0	0.0	0.0
9850	105363	0.0	0.0	0.0	0.0
9850	105363	0.0	0.0	0.0	0.0
9850	105363	0.0	0.0	0.0	0.0
9850	105363	0.0	0.0	0.0	0.0
9850	105363	0.0	0.0	0.0	0.0
9850	105363	0.0	0.0	0.0	0.0
9850	105363	0.0	0.0	0.0	0.0
9850	105363	0.0	0.0	0.0	0.0
9850	105363	0.0	0.0	0.0	0.0
9850	105363	0.0	0.0	0.0	0.0
9850	105363	0.0	0.0	0.0	0.0
9850	105363	0.0	0.0	0.0	0.0
9850	105363	0.0	0.0	0.0	0.0
9850	105363	0.0	0.0	0.0	0.0
9850	105363	0.0	0.0	0.0	0.0
9850	105363	0.0	0.0	0.0	0.0
9850	105363	0.0	0.0	0.0	0.0
9850	105363	0.0	0.0	0.0	0.0
9850	105363	0.0	0.0	0.0	0.0
9850	105363	0.0	0.0	0.0	0.0
9850	105376	0.184	0.0	0.0	0.0
9850	105376	0.084	0.068	0.116	0.016
9850	105376	0.09	0.109	0.193	0.199
9850	105376	0.124	0.14	0.23	0.264
9850	105376	0.09	0.063	0.187	0.153
9850	105376	0.088	0.078	0.168	0.166
9850	105376	0.093	0.107	0.195	0.2
9850	105376	0.135	0.062	0.155	0.197
9850	105376	0.148	0.0	0.135	0.148
9850	105376	0.088	0.0	0.148	0.088
9850	105376	0.181	0.063	0.151	0.244
9850	105376	0.154	0.164	0.345	0.318
9850	105376	0.211	0.096	0.25	0.307
9850	105376	0.221	0.071	0.14	0.15
9850	105376	0.134	0.056	0.165	0.078
9850	105376	0.095	0.047	0.181	0.142
9850	105376	0.113	0.079	0.174	0.192
9850	105376	0.147	0.015	0.098	0.132
9850	105376	0.103	0.0	0.147	0.103
9850	105376	0.147	0.016	0.119	0.163
9850	105376	0.089	0.0	0.147	0.089
9850	105376	0.119	0.111	0.2	0.23
9850	105376	0.071	0.816	0.935	0.887
9850	105376	0.0	0.0	0.0	0.0
9850	105376	0.0	0.0	0.0	0.0
9850	105376	0.0	0.0	0.0	0.0
9850	105376	0.0	0.0	0.0	0.0
9850	105376	0.0	0.0	0.0	0.0
9850	105376	0.0	0.0	0.0	0.0
9850	105376	0.0	0.0	0.0	0.0
9850	105376	0.0	0.0	0.0	0.0
9850	105376	0.0	0.0	0.0	0.0
9850	105376	0.0	0.0	0.0	0.0
9850	105376	0.0	0.0	0.0	0.0
9850	105376	0.0	0.0	0.0	0.0
9850	105376	0.0	0.0	0.0	0.0
9850	105376	0.0	0.0	0.0	0.0
9850	105376	0.0	0.0	0.0	0.0
9850	105376	0.0	0.0	0.0	0.0
9850	105376	0.0	0.0	0.0	0.0
9850	105376	0.0	0.0	0.0	0.0
9850	105376	0.0	0.0	0.0	0.0
9850	105376	0.0	0.0	0.0	0.0
9850	105376	0.0	0.0	0.0	0.0
9850	105376	0.0	0.0	0.0	0.0
9850	105376	0.0	0.0	0.0	0.0
9850	105376	0.0	0.0	0.0	0.0
9850	105376	0.0	0.0	0.0	0.0
9850	105376	0.0	0.0	0.0	0.0
9850	105376	0.0	0.0	0.0	0.0
9850	105376	0.0	0.0	0.0	0.0
9850	105376	0.0	0.0	0.0	0.0
9850	105376	0.0	0.0	0.0	0.0
9850	105376	0.0	0.0	0.0	0.0
9850	105376	0.0	0.0	0.0	0.0
9850	105376	0.0	0.0	0.0	0.0
9850	105376	0.0	0.0	0.0	0.0
9850	105376	0.0	0.0	0.0	0.0
9850	105376	0.0	0.0	0.0	0.0
9850	105376	0.0	0.0	0.0	0.0
9850	105376	0.0	0.0	0.0	0.0
9850	105376	0.0	0.0	0.0	0.0
9850	105376	0.0	0.0	0.0	0.0
9850	105376	0.0	0.0	0.0	0.0
9850	105376	0.0	0.0	0.0	0.0
9850	105376	0.0	0.0	0.0	0.0
9850	105376	0.0	0.0	0.0	0.0
9850	105376	0.0	0.0	0.0	0.0
9850	105376	0.0	0.0	0.0	0.0
9850	105376	0.0	0.0	0.0	0.0
9850	105382	0.16	0.0	0.0	0.0
9850	105382	0.176	0.098	0.062	0.078
9850	105382	0.17	0.016	0.16	0.154
9850	105382	0.176	0.082	0.088	0.094
9850	105382	0.096	0.124	0.3	0.22
9850	105382	0.101	0.125	0.221	0.226
9850	105382	0.096	0.079	0.18	0.175
9850	105382	0.101	0.0	0.096	0.101
9850	105382	0.117	0.031	0.132	0.148
9850	105382	0.139	0.109	0.226	0.248
9850	105382	0.15	0.015	0.154	0.165
9850	105382	0.102	0.031	0.181	0.133
9850	105382	0.137	0.249	0.351	0.386
9850	105382	0.085	0.0	0.137	0.085
9850	105382	0.151	0.062	0.147	0.213
9850	105382	0.15	0.0	0.151	0.15
9850	105382	0.121	0.046	0.104	0.075
9850	105382	0.357	0.283	0.404	0.64
9850	105382	0.096	0.174	0.183	0.078
9850	105382	0.0	0.0	0.0	0.0
9850	105382	0.0	0.0	0.0	0.0
9850	105382	0.0	0.0	0.0	0.0
9850	105382	0.0	0.0	0.0	0.0
9850	105382	0.0	0.0	0.0	0.0
9850	105382	0.0	0.0	0.0	0.0
9850	105382	0.0	0.0	0.0	0.0
9850	105382	0.0	0.0	0.0	0.0
9850	105382	0.0	0.0	0.0	0.0
9850	105382	0.0	0.0	0.0	0.0
9850	105382	0.0	0.0	0.0	0.0
9850	105382	0.0	0.0	0.0	0.0
9850	105382	0.0	0.0	0.0	0.0
9850	105382	0.0	0.0	0.0	0.0
9850	105382	0.0	0.0	0.0	0.0
9850	105382	0.0	0.0	0.0	0.0
9850	105382	0.0	0.0	0.0	0.0
9850	105382	0.0	0.0	0.0	0.0
9850	105382	0.0	0.0	0.0	0.0
9850	105382	0.0	0.0	0.0	0.0
9850	105382	0.0	0.0	0.0	0.0
9850	105382	0.0	0.0	0.0	0.0
9850	105382	0.0	0.0	0.0	0.0
9850	105382	0.0	0.0	0.0	0.0
9850	105382	0.0	0.0	0.0	0.0
9850	105382	0.0	0.0	0.0	0.0
9850	105382	0.0	0.0	0.0	0.0
9850	105382	0.0	0.0	0.0	0.0
9850	105382	0.0	0.0	0.0	0.0
9850	105382	0.0	0.0	0.0	0.0
9850	105382	0.0	0.0	0.0	0.0
9850	105382	0.0	0.0	0.0	0.0
9850	105382	0.0	0.0	0.0	0.0
9850	105382	0.0	0.0	0.0	0.0
9850	105382	0.0	0.0	0.0	0.0
9850	105382	0.0	0.0	0.0	0.0
9850	105382	0.0	0.0	0.0	0.0
9850	105382	0.0	0.0	0.0	0.0
9850	105382	0.0	0.0	0.0	0.0
9850	105382	0.0	0.0	0.0	0.0
9850	105382	0.0	0.0	0.0	0.0
9850	105382	0.0	0.0	0.0	0.0
9850	105382	0.0	0.0	0.0	0.0
9850	105382	0.0	0.0	0.0	0.0
9850	105382	0.0	0.0	0.0	0.0
9850	105382	0.0	0.0	0.0	0.0
9850	105382	0.0	0.0	0.0	0.0
9850	105382	0.0	0.0	0.0	0.0
9850	105382	0.0	0.0	0.0	0.0
9850	105382	0.0	0.0	0.0	0.0
9850	105382	0.0	0.0	0.0	0.0
9850	105392	0.23	0.0	0.0	0.0
9850	105392	0.119	0.119	0.111	0.0
9850	105392	0.14	0.018	0.137	0.158
9850	105392	0.14	0.109	0.249	0.249
9850	105392	0.091	0.031	0.171	0.122
9850	105392	0.117	0.046	0.137	0.163
9850	105392	0.12	0.063	0.18	0.183
9850	105392	0.071	0.299	0.419	0.37
9850	105392	0.172	0.109	0.18	0.281
9850	105392	0.099	0.035	0.137	0.064
9850	105392	0.111	0.043	0.056	0.068
9850	105392	0.095	0.218	0.329	0.313
9850	105392	0.067	0.14	0.235	0.207
9850	105392	0.166	0.078	0.145	0.244
9850	105392	0.179	0.093	0.259	0.272
9850	105392	0.21	0.084	0.095	0.126
9850	105392	0.155	0.114	0.324	0.269
9850	105392	0.131	0.125	0.28	0.256
9850	105392	0.166	0.125	0.256	0.291
9850	105392	0.169	0.0	0.166	0.169
9850	105392	0.12	0.0	0.169	0.12
9850	105392	0.111	0.143	0.263	0.254
9850	105392	0.133	0.062	0.173	0.195
9850	105392	0.121	0.031	0.164	0.152
9850	105392	0.168	0.078	0.199	0.246
9850	105392	0.14	0.031	0.199	0.171
9850	105392	0.101	0.065	0.205	0.166
9850	105392	0.096	0.156	0.257	0.252
9850	105392	0.137	0.109	0.205	0.246
9850	105392	0.123	0.062	0.199	0.185
9850	105392	0.163	0.267	0.39	0.43
9850	105392	0.137	0.015	0.178	0.152
9850	105392	0.09	0.015	0.152	0.105
9850	105392	0.099	0.031	0.121	0.13
9850	105392	0.12	0.063	0.162	0.183
9850	105392	0.158	0.0	0.12	0.158
9850	105392	0.099	0.028	0.186	0.127
9850	105392	0.145	0.124	0.223	0.269
9850	105392	0.129	0.067	0.078	0.062
9850	105392	0.117	0.0	0.129	0.117
9850	105392	0.102	0.0	0.117	0.102
9850	105392	0.143	0.474	0.576	0.617
9850	105392	0.1	0.0	0.143	0.1
9850	105392	0.123	0.093	0.193	0.216
9850	105392	0.102	0.047	0.17	0.149
9850	105392	0.121	0.141	0.243	0.262
9850	105392	0.112	0.127	0.248	0.239
9850	105392	0.099	0.109	0.221	0.208
9850	105392	0.134	0.188	0.287	0.322
9850	105392	0.132	0.078	0.212	0.21
9850	105392	0.164	0.125	0.257	0.289
9850	105392	0.094	0.127	0.291	0.221
9850	105392	0.119	0.063	0.157	0.182
9850	105392	0.122	0.062	0.181	0.184
9850	105392	0.108	0.062	0.184	0.17
9850	105392	0.055	0.078	0.186	0.133
9850	105392	0.166	0.0	0.055	0.166
9850	105392	0.161	0.083	0.083	0.078
9850	105392	0.091	0.015	0.176	0.106
9850	105392	0.095	0.219	0.31	0.314
9850	105392	0.097	0.236	0.331	0.333
9850	105392	0.078	0.109	0.206	0.187
9850	105392	0.074	0.109	0.187	0.183
9850	105392	0.074	0.125	0.199	0.199
9850	105392	0.06	0.125	0.199	0.185
9850	105392	0.159	0.19	0.25	0.349
9850	105392	0.164	0.068	0.091	0.096
9850	105392	0.092	0.094	0.258	0.186
9850	105392	0.102	0.078	0.17	0.18
9850	105392	0.133	0.0	0.102	0.133
9850	105406	0.154	0.0	0.0	0.0
9850	105406	0.139	0.061	0.093	0.078
9850	105406	0.089	0.047	0.186	0.136
9850	105406	0.154	0.031	0.12	0.185
9850	105406	0.115	0.036	0.118	0.079
9850	105406	0.076	0.094	0.209	0.17
9850	105406	0.119	0.095	0.171	0.214
9850	105406	0.116	0.502	0.621	0.618
9850	105406	0.173	0.219	0.335	0.392
9850	105406	0.08	0.033	0.14	0.047
9850	105406	0.085	0.094	0.174	0.179
9850	105406	0.077	0.14	0.225	0.217
9850	105406	0.086	0.079	0.156	0.165
9850	105406	0.107	0.094	0.18	0.201
9850	105406	0.138	0.109	0.216	0.247
9850	105406	0.086	0.234	0.372	0.32
9850	105406	0.122	0.142	0.228	0.264
9850	105406	0.117	0.033	0.155	0.15
9850	105406	0.106	0.078	0.195	0.184
9850	105406	0.118	0.0	0.106	0.118
9850	105406	0.203	0.015	0.133	0.218
9850	105406	0.138	0.071	0.132	0.067
9850	105406	0.11	0.067	0.071	0.043
9850	105406	0.117	0.171	0.281	0.288
9850	105406	0.068	0.0	0.117	0.068
9850	105406	0.135	0.078	0.146	0.213
9850	105406	0.134	0.0	0.135	0.134
9850	105406	0.102	0.0	0.134	0.102
9850	105406	0.333	0.879	0.981	1.212
9850	105406	0.098	0.098	0.235	0.0
9850	105406	0.0	0.0	0.0	0.0
9850	105406	0.0	0.0	0.0	0.0
9850	105406	0.0	0.0	0.0	0.0
9850	105406	0.0	0.0	0.0	0.0
9850	105406	0.0	0.0	0.0	0.0
9850	105406	0.0	0.0	0.0	0.0
9850	105406	0.0	0.0	0.0	0.0
9850	105406	0.0	0.0	0.0	0.0
9850	105406	0.0	0.0	0.0	0.0
9850	105406	0.0	0.0	0.0	0.0
9850	105406	0.0	0.0	0.0	0.0
9850	105406	0.0	0.0	0.0	0.0
9850	105406	0.0	0.0	0.0	0.0
9850	105406	0.0	0.0	0.0	0.0
9850	105406	0.0	0.0	0.0	0.0
9850	105406	0.0	0.0	0.0	0.0
9850	105406	0.0	0.0	0.0	0.0
9850	105406	0.0	0.0	0.0	0.0
9850	105406	0.0	0.0	0.0	0.0
9850	105406	0.0	0.0	0.0	0.0
9850	105406	0.0	0.0	0.0	0.0
9850	105406	0.0	0.0	0.0	0.0
9850	105406	0.0	0.0	0.0	0.0
9850	105406	0.0	0.0	0.0	0.0
9850	105406	0.0	0.0	0.0	0.0
9850	105406	0.0	0.0	0.0	0.0
9850	105406	0.0	0.0	0.0	0.0
9850	105406	0.0	0.0	0.0	0.0
9850	105406	0.0	0.0	0.0	0.0
9850	105406	0.0	0.0	0.0	0.0
9850	105406	0.0	0.0	0.0	0.0
9850	105406	0.0	0.0	0.0	0.0
9850	105406	0.0	0.0	0.0	0.0
9850	105406	0.0	0.0	0.0	0.0
9850	105406	0.0	0.0	0.0	0.0
9850	105406	0.0	0.0	0.0	0.0
9850	105406	0.0	0.0	0.0	0.0
9850	105406	0.0	0.0	0.0	0.0
9850	105406	0.0	0.0	0.0	0.0
9850	105406	0.0	0.0	0.0	0.0
9850	105416	0.209	0.0	0.0	0.0
9850	105416	0.113	0.113	0.096	0.0
9850	105416	0.106	0.094	0.207	0.2
9850	105416	0.132	0.031	0.137	0.163
9850	105416	0.096	0.078	0.21	0.174
9850	105416	0.118	0.109	0.205	0.227
9850	105416	0.123	0.111	0.229	0.234
9850	105416	0.119	0.047	0.17	0.166
9850	105416	0.124	0.127	0.246	0.251
9850	105416	0.088	0.047	0.171	0.135
9850	105416	0.105	0.328	0.416	0.433
9850	105416	0.117	0.048	0.153	0.165
9850	105416	0.119	0.031	0.148	0.15
9850	105416	0.126	0.325	0.444	0.451
9850	105416	0.111	0.109	0.235	0.22
9850	105416	0.083	0.031	0.142	0.114
9850	105416	0.111	0.238	0.321	0.349
9850	105416	0.084	0.0	0.111	0.084
9850	105416	0.135	0.031	0.115	0.166
9850	105416	0.103	0.047	0.182	0.15
9850	105416	0.077	0.109	0.212	0.186
9850	105416	0.135	0.158	0.235	0.293
9850	105416	0.108	0.063	0.198	0.171
9850	105416	0.132	0.016	0.124	0.148
9850	105416	0.101	0.016	0.116	0.085
9850	105416	0.105	0.078	0.179	0.183
9850	105416	0.133	0.032	0.137	0.165
9850	105416	0.105	0.047	0.18	0.152
9850	105416	0.115	0.101	0.206	0.216
9850	105416	0.123	0.343	0.458	0.466
9850	105416	0.102	0.0	0.123	0.102
9850	105416	0.1	0.033	0.135	0.133
9850	105416	0.081	0.156	0.256	0.237
9850	105416	0.115	0.016	0.097	0.131
9850	105416	0.101	0.031	0.146	0.132
9850	105416	0.074	0.094	0.195	0.168
9850	105416	0.136	0.112	0.186	0.248
9850	105416	0.088	0.047	0.183	0.135
9850	105416	0.165	0.015	0.103	0.18
9850	105416	0.536	0.109	0.274	0.645
9850	105416	0.176	0.207	0.329	0.031
9850	105416	0.0	0.0	0.0	0.0
9850	105416	0.0	0.0	0.0	0.0
9850	105416	0.0	0.0	0.0	0.0
9850	105416	0.0	0.0	0.0	0.0
9850	105416	0.0	0.0	0.0	0.0
9850	105416	0.0	0.0	0.0	0.0
9850	105416	0.0	0.0	0.0	0.0
9850	105416	0.0	0.0	0.0	0.0
9850	105416	0.0	0.0	0.0	0.0
9850	105416	0.0	0.0	0.0	0.0
9850	105416	0.0	0.0	0.0	0.0
9850	105416	0.0	0.0	0.0	0.0
9850	105416	0.0	0.0	0.0	0.0
9850	105416	0.0	0.0	0.0	0.0
9850	105416	0.0	0.0	0.0	0.0
9850	105416	0.0	0.0	0.0	0.0
9850	105416	0.0	0.0	0.0	0.0
9850	105416	0.0	0.0	0.0	0.0
9850	105416	0.0	0.0	0.0	0.0
9850	105416	0.0	0.0	0.0	0.0
9850	105416	0.0	0.0	0.0	0.0
9850	105416	0.0	0.0	0.0	0.0
9850	105416	0.0	0.0	0.0	0.0
9850	105416	0.0	0.0	0.0	0.0
9850	105416	0.0	0.0	0.0	0.0
9850	105416	0.0	0.0	0.0	0.0
9850	105416	0.0	0.0	0.0	0.0
9850	105416	0.0	0.0	0.0	0.0
9850	105416	0.0	0.0	0.0	0.0
9850	105428	0.157	0.0	0.0	0.0
9850	105428	0.077	0.046	0.111	0.031
9850	105428	0.121	0.11	0.187	0.231
9850	105428	0.095	0.141	0.262	0.236
9850	105428	0.132	0.531	0.626	0.663
9850	105428	0.102	0.0	0.132	0.102
9850	105428	0.1	0.032	0.134	0.132
9850	105428	0.082	0.187	0.287	0.269
9850	105428	0.166	0.015	0.067	0.151
9850	105428	0.145	0.016	0.15	0.129
9850	105428	0.164	0.0	0.145	0.164
9850	105428	0.073	0.0	0.164	0.073
9850	105428	0.127	0.171	0.244	0.298
9850	105428	0.096	0.08	0.047	0.016
9850	105428	0.109	0.064	0.16	0.173
9850	105428	0.13	0.047	0.156	0.177
9850	105428	0.101	0.0	0.13	0.101
9850	105428	0.097	0.204	0.305	0.301
9850	105428	0.101	0.031	0.128	0.132
9850	105428	0.106	0.078	0.179	0.184
9850	105428	0.125	0.109	0.215	0.234
9850	105428	0.104	0.078	0.203	0.182
9850	105428	0.106	0.078	0.182	0.184
9850	105428	0.076	0.093	0.199	0.169
9850	105428	0.085	0.063	0.139	0.148
9850	105428	0.153	0.093	0.178	0.246
9850	105428	0.104	0.0	0.153	0.104
9850	105428	0.133	0.047	0.151	0.18
9850	105428	0.144	0.456	0.589	0.6
9850	105428	0.106	0.047	0.191	0.153
9850	105428	0.092	0.108	0.214	0.2
9850	105428	0.126	0.347	0.439	0.473
9850	105428	0.127	0.0	0.126	0.127
9850	105428	0.085	0.0	0.127	0.085
9850	105428	0.139	0.158	0.243	0.297
9850	105428	0.086	0.015	0.154	0.101
9850	105428	0.087	0.08	0.166	0.167
9850	105428	0.121	0.094	0.181	0.215
9850	105428	0.091	0.111	0.232	0.202
9850	105428	0.115	0.016	0.107	0.131
9850	105428	0.103	0.016	0.131	0.119
9850	105428	0.11	0.205	0.308	0.315
9850	105428	0.0	0.0	0.0	0.0
9850	105428	0.0	0.0	0.0	0.0
9850	105428	0.0	0.0	0.0	0.0
9850	105428	0.0	0.0	0.0	0.0
9850	105428	0.0	0.0	0.0	0.0
9850	105428	0.0	0.0	0.0	0.0
9850	105428	0.0	0.0	0.0	0.0
9850	105428	0.0	0.0	0.0	0.0
9850	105428	0.0	0.0	0.0	0.0
9850	105428	0.0	0.0	0.0	0.0
9850	105428	0.0	0.0	0.0	0.0
9850	105428	0.0	0.0	0.0	0.0
9850	105428	0.0	0.0	0.0	0.0
9850	105428	0.0	0.0	0.0	0.0
9850	105428	0.0	0.0	0.0	0.0
9850	105428	0.0	0.0	0.0	0.0
9850	105428	0.0	0.0	0.0	0.0
9850	105428	0.0	0.0	0.0	0.0
9850	105428	0.0	0.0	0.0	0.0
9850	105428	0.0	0.0	0.0	0.0
9850	105428	0.0	0.0	0.0	0.0
9850	105428	0.0	0.0	0.0	0.0
9850	105428	0.0	0.0	0.0	0.0
9850	105428	0.0	0.0	0.0	0.0
9850	105428	0.0	0.0	0.0	0.0
9850	105428	0.0	0.0	0.0	0.0
9850	105428	0.0	0.0	0.0	0.0
9850	105428	0.0	0.0	0.0	0.0
9850	105442	0.137	0.0	0.0	0.0
9850	105442	0.103	0.043	0.094	0.06
9850	105442	0.056	0.078	0.181	0.134
9850	105442	0.144	0.016	0.072	0.16
9850	105442	0.08	0.032	0.176	0.112
9850	105442	0.099	0.358	0.438	0.457
9850	105442	0.121	0.096	0.195	0.217
9850	105442	0.103	0.063	0.184	0.166
9850	105442	0.15	0.016	0.119	0.166
9850	105442	0.146	0.219	0.369	0.365
9850	105442	0.134	0.0	0.146	0.134
9850	105442	0.166	0.065	0.199	0.231
9850	105442	0.089	0.0	0.166	0.089
9850	105442	0.136	0.062	0.151	0.198
9850	105442	0.181	0.031	0.167	0.212
9850	105442	0.125	0.031	0.212	0.156
9850	105442	0.141	0.173	0.298	0.314
9850	105442	0.152	0.031	0.172	0.183
9850	105442	0.12	0.048	0.2	0.168
9850	105442	0.125	0.125	0.245	0.25
9850	105442	0.086	0.0	0.125	0.086
9850	105442	0.118	0.126	0.212	0.244
9850	105442	0.145	0.125	0.243	0.27
9850	105442	0.12	0.031	0.176	0.151
9850	105442	0.095	0.156	0.276	0.251
9850	105442	0.103	0.047	0.142	0.15
9850	105442	0.087	0.18	0.283	0.267
9850	105442	0.117	0.047	0.134	0.164
9850	105442	0.109	0.094	0.211	0.203
9850	105442	0.13	0.016	0.093	0.114
9850	105442	0.071	0.582	0.712	0.653
9850	105442	0.133	0.016	0.087	0.149
9850	105442	0.138	0.093	0.226	0.231
9850	105442	0.105	0.047	0.185	0.152
9850	105442	0.101	0.015	0.12	0.116
9850	105442	0.073	0.08	0.181	0.153
9850	105442	0.118	0.111	0.184	0.229
9850	105442	0.09	0.078	0.196	0.168
9850	105442	0.147	0.0	0.09	0.147
9850	105442	0.093	0.094	0.241	0.187
9850	105442	0.126	0.172	0.265	0.298
9850	105442	0.113	0.22	0.346	0.333
9850	105442	0.0	0.0	0.0	0.0
9850	105442	0.0	0.0	0.0	0.0
9850	105442	0.0	0.0	0.0	0.0
9850	105442	0.0	0.0	0.0	0.0
9850	105442	0.0	0.0	0.0	0.0
9850	105442	0.0	0.0	0.0	0.0
9850	105442	0.0	0.0	0.0	0.0
9850	105442	0.0	0.0	0.0	0.0
9850	105442	0.0	0.0	0.0	0.0
9850	105442	0.0	0.0	0.0	0.0
9850	105442	0.0	0.0	0.0	0.0
9850	105442	0.0	0.0	0.0	0.0
9850	105442	0.0	0.0	0.0	0.0
9850	105442	0.0	0.0	0.0	0.0
9850	105442	0.0	0.0	0.0	0.0
9850	105442	0.0	0.0	0.0	0.0
9850	105442	0.0	0.0	0.0	0.0
9850	105442	0.0	0.0	0.0	0.0
9850	105442	0.0	0.0	0.0	0.0
9850	105442	0.0	0.0	0.0	0.0
9850	105442	0.0	0.0	0.0	0.0
9850	105442	0.0	0.0	0.0	0.0
9850	105442	0.0	0.0	0.0	0.0
9850	105442	0.0	0.0	0.0	0.0
9850	105442	0.0	0.0	0.0	0.0
9850	105442	0.0	0.0	0.0	0.0
9850	105442	0.0	0.0	0.0	0.0
9850	105442	0.0	0.0	0.0	0.0
9850	105454	0.159	0.0	0.0	0.0
9850	105454	0.097	0.066	0.093	0.031
9850	105454	0.104	0.078	0.175	0.182
9850	105454	0.155	0.015	0.119	0.17
9850	105454	0.169	0.042	0.113	0.127
9850	105454	0.105	0.031	0.2	0.136
9850	105454	0.082	0.187	0.292	0.269
9850	105454	0.072	0.078	0.16	0.15
9850	105454	0.109	0.172	0.244	0.281
9850	105454	0.131	0.0	0.109	0.131
9850	105454	0.095	0.11	0.241	0.205
9850	105454	0.115	0.048	0.143	0.163
9850	105454	0.106	0.063	0.178	0.169
9850	105454	0.101	0.031	0.137	0.132
9850	105454	0.116	0.0	0.101	0.116
9850	105454	0.088	0.064	0.18	0.152
9850	105454	0.121	0.127	0.215	0.248
9850	105454	0.127	0.125	0.246	0.252
9850	105454	0.15	0.031	0.158	0.181
9850	105454	0.072	0.016	0.166	0.088
9850	105454	0.125	0.12	0.192	0.245
9850	105454	0.091	0.063	0.188	0.154
9850	105454	0.138	0.124	0.215	0.262
9850	105454	0.088	0.031	0.169	0.119
9850	105454	0.103	0.047	0.135	0.15
9850	105454	0.154	0.093	0.196	0.247
9850	105454	0.152	0.016	0.17	0.168
9850	105454	0.117	0.0	0.152	0.117
9850	105454	0.105	0.047	0.164	0.152
9850	105454	0.106	0.109	0.214	0.215
9850	105454	0.28	0.063	0.169	0.343
9850	105454	0.139	0.3	0.58	0.439
9850	105454	0.129	0.14	0.279	0.269
9850	105454	0.066	0.171	0.3	0.237
9850	105454	0.104	0.642	0.708	0.746
9850	105454	0.62	0.124	0.228	0.744
9850	105454	0.148	0.195	0.425	0.047
9850	105454	0.086	1.051	1.199	1.137
9850	105454	0.914	0.234	0.32	1.148
9850	105454	0.063	0.159	0.755	0.096
9850	105454	0.0	0.0	0.0	0.0
9850	105454	0.0	0.0	0.0	0.0
9850	105454	0.0	0.0	0.0	0.0
9850	105454	0.0	0.0	0.0	0.0
9850	105454	0.0	0.0	0.0	0.0
9850	105454	0.0	0.0	0.0	0.0
9850	105454	0.0	0.0	0.0	0.0
9850	105454	0.0	0.0	0.0	0.0
9850	105454	0.0	0.0	0.0	0.0
9850	105454	0.0	0.0	0.0	0.0
9850	105454	0.0	0.0	0.0	0.0
9850	105454	0.0	0.0	0.0	0.0
9850	105454	0.0	0.0	0.0	0.0
9850	105454	0.0	0.0	0.0	0.0
9850	105454	0.0	0.0	0.0	0.0
9850	105454	0.0	0.0	0.0	0.0
9850	105454	0.0	0.0	0.0	0.0
9850	105454	0.0	0.0	0.0	0.0
9850	105454	0.0	0.0	0.0	0.0
9850	105454	0.0	0.0	0.0	0.0
9850	105454	0.0	0.0	0.0	0.0
9850	105454	0.0	0.0	0.0	0.0
9850	105454	0.0	0.0	0.0	0.0
9850	105454	0.0	0.0	0.0	0.0
9850	105454	0.0	0.0	0.0	0.0
9850	105454	0.0	0.0	0.0	0.0
9850	105454	0.0	0.0	0.0	0.0
9850	105454	0.0	0.0	0.0	0.0
9850	105454	0.0	0.0	0.0	0.0
9850	105454	0.0	0.0	0.0	0.0
9850	105464	0.177	0.0	0.0	0.0
9850	105464	0.097	0.066	0.111	0.031
9850	105464	0.142	0.14	0.237	0.282
9850	105464	0.103	0.031	0.173	0.134
9850	105464	0.087	0.08	0.183	0.167
9850	105464	0.228	0.125	0.212	0.353
9850	105464	0.087	0.056	0.172	0.031
9850	105464	0.139	0.157	0.244	0.296
9850	105464	0.089	0.031	0.17	0.12
9850	105464	0.119	0.096	0.185	0.215
9850	105464	0.106	0.062	0.181	0.168
9850	105464	0.12	0.046	0.152	0.166
9850	105464	0.117	0.016	0.136	0.133
9850	105464	0.148	0.0	0.117	0.148
9850	105464	0.131	0.187	0.335	0.318
9850	105464	0.045	0.078	0.209	0.123
9850	105464	0.194	0.078	0.123	0.272
9850	105464	0.142	0.172	0.366	0.314
9850	105464	0.1	0.511	0.653	0.611
9850	105464	0.104	0.062	0.162	0.166
9850	105464	0.148	0.031	0.135	0.179
9850	105464	0.104	0.0	0.148	0.104
9850	105464	0.103	0.048	0.152	0.151
9850	105464	0.164	0.046	0.149	0.21
9850	105464	0.155	0.032	0.196	0.187
9850	105464	0.104	0.063	0.218	0.167
9850	105464	0.122	0.078	0.182	0.2
9850	105464	0.103	0.015	0.137	0.118
9850	105464	0.135	0.062	0.165	0.197
9850	105464	0.102	0.016	0.119	0.086
9850	105464	0.1	0.0	0.102	0.1
9850	105464	0.101	0.0	0.1	0.101
9850	105464	0.101	0.048	0.149	0.149
9850	105464	0.218	0.141	0.242	0.359
9850	105464	0.154	0.062	0.28	0.216
9850	105464	0.165	0.14	0.294	0.305
9850	105464	0.103	0.0	0.165	0.103
9850	105464	0.121	0.063	0.166	0.184
9850	105464	0.164	0.031	0.152	0.195
9850	105464	0.107	0.016	0.18	0.123
9850	105464	0.133	0.047	0.154	0.18
9850	105464	0.086	0.0	0.133	0.086
9850	105464	0.105	0.095	0.181	0.2
9850	105464	0.12	0.078	0.183	0.198
9850	105464	0.092	0.325	0.445	0.417
9850	105464	0.0	0.0	0.0	0.0
9850	105464	0.0	0.0	0.0	0.0
9850	105464	0.0	0.0	0.0	0.0
9850	105464	0.0	0.0	0.0	0.0
9850	105464	0.0	0.0	0.0	0.0
9850	105464	0.0	0.0	0.0	0.0
9850	105464	0.0	0.0	0.0	0.0
9850	105464	0.0	0.0	0.0	0.0
9850	105464	0.0	0.0	0.0	0.0
9850	105464	0.0	0.0	0.0	0.0
9850	105464	0.0	0.0	0.0	0.0
9850	105464	0.0	0.0	0.0	0.0
9850	105464	0.0	0.0	0.0	0.0
9850	105464	0.0	0.0	0.0	0.0
9850	105464	0.0	0.0	0.0	0.0
9850	105464	0.0	0.0	0.0	0.0
9850	105464	0.0	0.0	0.0	0.0
9850	105464	0.0	0.0	0.0	0.0
9850	105464	0.0	0.0	0.0	0.0
9850	105464	0.0	0.0	0.0	0.0
9850	105464	0.0	0.0	0.0	0.0
9850	105464	0.0	0.0	0.0	0.0
9850	105464	0.0	0.0	0.0	0.0
9850	105464	0.0	0.0	0.0	0.0
9850	105464	0.0	0.0	0.0	0.0
9850	105475	0.229	0.0	0.0	0.0
9850	105475	0.136	0.136	0.093	0.0
9850	105475	0.165	0.25	0.386	0.415
9850	105475	0.116	0.205	0.37	0.321
9850	105475	0.106	0.078	0.194	0.184
9850	105475	0.143	0.156	0.262	0.299
9850	105475	0.118	0.015	0.158	0.133
9850	105475	0.06	0.078	0.196	0.138
9850	105475	0.101	0.111	0.171	0.212
9850	105475	0.107	0.078	0.179	0.185
9850	105475	0.12	0.094	0.201	0.214
9850	105475	0.104	0.048	0.168	0.152
9850	105475	0.12	0.046	0.15	0.166
9850	105475	0.138	0.245	0.365	0.383
9850	105475	0.106	0.062	0.2	0.168
9850	105475	0.148	0.0	0.106	0.148
9850	105475	0.117	0.033	0.181	0.15
9850	105475	0.136	0.047	0.164	0.183
9850	105475	0.15	0.081	0.217	0.231
9850	105475	0.09	0.033	0.183	0.123
9850	105475	0.083	0.234	0.324	0.317
9850	105475	0.136	0.142	0.225	0.278
9850	105475	0.158	0.182	0.318	0.34
9850	105475	0.162	0.053	0.105	0.109
9850	105475	0.109	0.062	0.224	0.171
9850	105475	0.08	0.156	0.265	0.236
9850	105475	0.092	0.188	0.268	0.28
9850	105475	0.112	0.156	0.248	0.268
9850	105475	0.12	0.078	0.19	0.198
9850	105475	0.114	0.219	0.339	0.333
9850	105475	0.137	0.047	0.161	0.184
9850	105475	0.091	0.095	0.232	0.186
9850	105475	0.128	0.452	0.543	0.58
9850	105475	0.086	0.0	0.128	0.086
9850	105475	0.136	0.062	0.148	0.198
9850	105475	0.167	0.313	0.449	0.48
9850	105475	0.089	0.033	0.2	0.122
9850	105475	0.118	0.063	0.152	0.181
9850	105475	0.166	0.016	0.134	0.182
9850	105475	0.098	0.203	0.369	0.301
9850	105475	0.111	0.156	0.254	0.267
9850	105475	0.119	0.064	0.175	0.183
9850	105475	0.089	0.046	0.165	0.135
9850	105475	0.137	0.078	0.167	0.215
9850	105475	0.102	0.0	0.137	0.102
9850	105475	0.116	0.218	0.32	0.334
9850	105475	0.138	0.125	0.241	0.263
9850	105475	0.12	0.047	0.185	0.167
9850	105475	0.132	0.0	0.12	0.132
9850	105475	0.147	0.203	0.335	0.35
9850	105475	0.144	0.156	0.303	0.3
9850	105475	0.174	0.173	0.317	0.347
9850	105475	0.0	0.0	0.0	0.0
9850	105475	0.0	0.0	0.0	0.0
9850	105475	0.0	0.0	0.0	0.0
9850	105475	0.0	0.0	0.0	0.0
9850	105475	0.0	0.0	0.0	0.0
9850	105475	0.0	0.0	0.0	0.0
9850	105475	0.0	0.0	0.0	0.0
9850	105475	0.0	0.0	0.0	0.0
9850	105475	0.0	0.0	0.0	0.0
9850	105475	0.0	0.0	0.0	0.0
9850	105475	0.0	0.0	0.0	0.0
9850	105475	0.0	0.0	0.0	0.0
9850	105475	0.0	0.0	0.0	0.0
9850	105475	0.0	0.0	0.0	0.0
9850	105475	0.0	0.0	0.0	0.0
9850	105475	0.0	0.0	0.0	0.0
9850	105475	0.0	0.0	0.0	0.0
9850	105475	0.0	0.0	0.0	0.0
9850	105489	0.189	0.0	0.0	0.0
9850	105489	0.103	0.079	0.11	0.024
9850	105489	0.103	0.094	0.197	0.197
9850	105489	0.073	0.08	0.183	0.153
9850	105489	0.16	0.125	0.198	0.285
9850	105489	0.166	0.039	0.121	0.127
9850	105489	0.104	0.016	0.182	0.12
9850	105489	0.09	0.093	0.197	0.183
9850	105489	0.085	0.141	0.231	0.226
9850	105489	0.137	0.015	0.07	0.122
9850	105489	0.044	0.078	0.215	0.122
9850	105489	0.085	0.096	0.14	0.181
9850	105489	0.103	0.078	0.163	0.181
9850	105489	0.111	0.094	0.197	0.205
9850	105489	0.147	0.109	0.22	0.256
9850	105489	0.092	0.0	0.147	0.092
9850	105489	0.134	0.094	0.186	0.228
9850	105489	0.167	0.031	0.165	0.198
9850	105489	0.11	0.0	0.167	0.11
9850	105489	0.14	0.172	0.282	0.312
9850	105489	0.163	0.016	0.156	0.179
9850	105489	0.041	0.0	0.163	0.041
9850	105489	0.104	0.094	0.135	0.198
9850	105489	0.12	0.093	0.197	0.213
9850	105489	0.127	0.094	0.214	0.221
9850	105489	0.102	0.129	0.256	0.231
9850	105489	0.102	0.049	0.151	0.151
9850	105489	0.124	0.141	0.243	0.265
9850	105489	0.103	0.047	0.171	0.15
9850	105489	0.148	0.0	0.103	0.148
9850	105489	0.104	0.078	0.226	0.182
9850	105489	0.17	0.08	0.184	0.25
9850	105489	0.149	0.047	0.123	0.102
9850	105489	0.141	0.109	0.258	0.25
9850	105489	0.174	0.079	0.22	0.253
9850	105489	0.166	0.083	0.091	0.083
9850	105489	0.087	0.035	0.131	0.052
9850	105489	0.15	0.127	0.214	0.277
9850	105489	0.099	0.407	0.557	0.506
9850	105489	0.305	0.14	0.239	0.445
9850	105489	0.075	0.053	0.252	0.022
9850	105489	0.105	0.109	0.184	0.214
9850	105489	0.139	0.109	0.214	0.248
9850	105489	0.15	0.049	0.188	0.199
9850	105489	0.122	0.047	0.197	0.169
9850	105489	0.08	0.094	0.216	0.174
9850	105489	0.079	0.517	0.597	0.596
9850	105489	0.115	0.08	0.159	0.195
9850	105489	0.12	0.031	0.146	0.151
9850	105489	0.124	0.109	0.229	0.233
9850	105489	0.115	0.488	0.612	0.603
9850	105489	0.105	0.094	0.209	0.199
9850	105489	0.131	0.0	0.105	0.131
9850	105489	0.118	0.016	0.147	0.134
9850	105489	0.101	0.0	0.118	0.101
9850	105489	0.136	0.127	0.228	0.263
9850	105489	0.165	0.061	0.075	0.104
9850	105489	0.158	0.206	0.371	0.364
9850	105489	0.102	0.0	0.158	0.102
9850	105489	0.133	0.032	0.134	0.165
9850	105489	0.074	0.048	0.181	0.122
9850	105489	0.165	0.078	0.152	0.243
9850	105489	0.133	0.054	0.219	0.187
9850	105489	0.132	0.032	0.165	0.164
9850	105489	0.12	0.266	0.398	0.386
9850	105489	0.0	0.0	0.0	0.0
9850	105489	0.0	0.0	0.0	0.0
9850	105489	0.0	0.0	0.0	0.0
9850	105489	0.0	0.0	0.0	0.0
9850	105489	0.0	0.0	0.0	0.0
9850	105501	0.17	0.0	0.0	0.0
9850	105501	0.121	0.046	0.124	0.075
9850	105501	0.088	0.031	0.152	0.119
9850	105501	0.147	0.015	0.103	0.162
9850	105501	0.1	0.015	0.132	0.085
9850	105501	0.121	0.11	0.21	0.231
9850	105501	0.105	0.032	0.153	0.137
9850	105501	0.131	0.234	0.339	0.365
9850	105501	0.522	0.125	0.256	0.647
9850	105501	0.113	0.16	0.362	0.047
9850	105501	0.112	0.172	0.285	0.284
9850	105501	0.069	0.568	0.68	0.637
9850	105501	0.104	0.093	0.162	0.197
9850	105501	0.057	0.611	0.715	0.668
9850	105501	0.096	0.102	0.159	0.198
9850	105501	0.111	0.704	0.8	0.815
9850	105501	0.085	0.0	0.111	0.085
9850	105501	0.148	0.0	0.085	0.148
9850	105501	0.101	0.501	0.649	0.602
9850	105501	0.139	0.408	0.509	0.547
9850	105501	0.102	0.0	0.139	0.102
9850	105501	0.103	0.031	0.133	0.134
9850	105501	0.107	0.093	0.196	0.2
9850	105501	0.122	0.078	0.185	0.2
9850	105501	0.137	0.033	0.089	0.104
9850	105501	0.17	0.046	0.091	0.124
9850	105501	0.074	0.0	0.17	0.074
9850	105501	0.121	0.109	0.183	0.23
9850	105501	0.107	0.094	0.215	0.201
9850	105501	0.06	0.394	0.501	0.454
9850	105501	0.087	0.094	0.154	0.181
9850	105501	0.075	0.109	0.196	0.184
9850	105501	0.1	0.48	0.555	0.58
9850	105501	0.165	0.106	0.206	0.271
9850	105501	0.103	0.04	0.125	0.063
9850	105501	0.111	0.078	0.181	0.189
9850	105501	0.085	0.093	0.204	0.178
9850	105501	0.106	0.11	0.195	0.216
9850	105501	0.2	0.073	0.033	0.127
9850	105501	0.091	0.0	0.2	0.091
9850	105501	0.113	0.203	0.294	0.316
9850	105501	0.104	0.046	0.159	0.15
9850	105501	0.124	0.109	0.213	0.233
9850	105501	0.162	0.086	0.21	0.248
9850	105501	0.12	0.064	0.226	0.184
9850	105501	0.122	0.078	0.198	0.2
9850	105501	0.132	0.0	0.122	0.132
9850	105501	0.124	0.094	0.226	0.218
9850	105501	0.142	0.08	0.204	0.222
9850	105501	0.101	0.037	0.105	0.064
9850	105501	0.127	0.094	0.195	0.221
9850	105501	0.199	0.124	0.251	0.323
9850	105501	0.075	0.549	0.748	0.624
9850	105501	0.0	0.0	0.0	0.0
9850	105501	0.0	0.0	0.0	0.0
9850	105501	0.0	0.0	0.0	0.0
9850	105501	0.0	0.0	0.0	0.0
9850	105501	0.0	0.0	0.0	0.0
9850	105501	0.0	0.0	0.0	0.0
9850	105501	0.0	0.0	0.0	0.0
9850	105501	0.0	0.0	0.0	0.0
9850	105501	0.0	0.0	0.0	0.0
9850	105501	0.0	0.0	0.0	0.0
9850	105501	0.0	0.0	0.0	0.0
9850	105501	0.0	0.0	0.0	0.0
9850	105501	0.0	0.0	0.0	0.0
9850	105501	0.0	0.0	0.0	0.0
9850	105501	0.0	0.0	0.0	0.0
9850	105501	0.0	0.0	0.0	0.0
9850	105501	0.0	0.0	0.0	0.0
9850	105519	0.234	0.0	0.0	0.0
9850	105519	0.109	0.062	0.172	0.047
9850	105519	0.154	0.109	0.218	0.263
9850	105519	0.13	0.72	0.874	0.85
9850	105519	0.142	0.374	0.504	0.516
9850	105519	0.087	0.117	0.259	0.204
9850	105519	0.118	0.313	0.4	0.431
9850	105519	0.112	0.455	0.573	0.567
9850	105519	0.058	0.063	0.175	0.121
9850	105519	0.087	0.094	0.152	0.181
9850	105519	0.166	0.046	0.133	0.212
9850	105519	0.198	0.016	0.182	0.214
9850	105519	0.137	0.016	0.182	0.121
9850	105519	0.166	0.065	0.202	0.231
9850	105519	0.142	0.093	0.259	0.235
9850	105519	0.106	0.016	0.158	0.122
9850	105519	0.116	0.063	0.169	0.179
9850	105519	0.117	0.0	0.116	0.117
9850	105519	0.134	0.047	0.164	0.181
9850	105519	0.082	0.124	0.258	0.206
9850	105519	0.152	0.093	0.175	0.245
9850	105519	0.071	0.016	0.168	0.087
9850	105519	0.136	0.094	0.165	0.23
9850	105519	0.104	0.0	0.136	0.104
9850	105519	0.078	0.523	0.627	0.601
9850	105519	0.1	0.031	0.109	0.131
9850	105519	0.088	0.096	0.196	0.184
9850	105519	0.091	0.094	0.182	0.185
9850	105519	0.13	0.249	0.34	0.379
9850	105519	0.111	0.125	0.255	0.236
9850	105519	0.101	0.032	0.143	0.133
9850	105519	0.091	0.376	0.477	0.467
9850	105519	0.09	0.11	0.201	0.2
9850	105519	0.075	0.093	0.183	0.168
9850	105519	0.105	0.509	0.584	0.614
9850	105519	0.127	0.487	0.592	0.614
9850	105519	0.121	0.031	0.158	0.152
9850	105519	0.103	0.048	0.169	0.151
9850	105519	0.121	0.094	0.197	0.215
9850	105519	0.103	0.016	0.137	0.119
9850	105519	0.132	0.048	0.151	0.18
9850	105519	0.121	0.047	0.179	0.168
9850	105519	0.106	0.063	0.184	0.169
9850	105519	0.071	0.063	0.169	0.134
9850	105519	0.108	0.374	0.445	0.482
9850	105519	0.118	0.031	0.139	0.149
9850	105519	0.106	0.095	0.213	0.201
9850	105519	0.102	0.015	0.121	0.117
9850	105519	0.117	0.015	0.117	0.132
9850	105519	0.108	0.062	0.179	0.17
9850	105519	0.084	0.265	0.373	0.349
9850	105519	0.115	0.0	0.084	0.115
9850	105519	0.086	0.031	0.146	0.117
9850	105519	0.133	0.131	0.217	0.264
9850	105519	0.106	0.049	0.182	0.155
9850	105519	0.091	0.141	0.247	0.232
9850	105519	0.112	0.015	0.076	0.097
9850	105519	0.12	0.047	0.159	0.167
9850	105519	0.097	0.094	0.214	0.191
9850	105519	0.14	0.235	0.332	0.375
9850	105519	0.139	0.062	0.202	0.201
9850	105519	0.107	0.296	0.435	0.403
9850	105519	0.061	0.04	0.147	0.101
9850	105519	0.151	0.125	0.186	0.276
9850	105519	0.119	0.0	0.151	0.119
9850	105519	0.126	0.11	0.229	0.236
9850	105519	0.115	0.125	0.251	0.24
9850	105519	0.099	0.094	0.209	0.193
9850	105519	0.0	0.0	0.0	0.0
9850	105519	0.0	0.0	0.0	0.0
