PARTICIPANT_ID	TEST_SECTION_ID	HOLD_LATENCY	INTERKEY_LATENCY	PRESS_LATENCY	RELEASE_LATENCY
9974	106553	0.464	0.0	0.0	0.0
9974	106553	0.087	0.161	0.303	0.074
9974	106553	0.067	0.23	0.317	0.297
9974	106553	0.086	0.314	0.381	0.4
9974	106553	0.065	0.25	0.336	0.315
9974	106553	0.073	0.375	0.44	0.448
9974	106553	0.093	0.074	0.147	0.167
9974	106553	0.086	0.063	0.156	0.149
9974	106553	0.073	0.612	0.698	0.685
9974	106553	0.093	0.156	0.229	0.249
9974	106553	0.088	0.078	0.171	0.166
9974	106553	0.1	0.099	0.187	0.199
9974	106553	0.092	0.109	0.209	0.201
9974	106553	0.137	0.094	0.186	0.231
9974	106553	0.037	0.767	0.904	0.804
9974	106553	0.077	0.11	0.147	0.187
9974	106553	0.083	0.077	0.154	0.16
9974	106553	0.095	0.156	0.239	0.251
9974	106553	0.074	0.109	0.204	0.183
9974	106553	0.077	0.125	0.199	0.202
9974	106553	0.091	0.141	0.218	0.232
9974	106553	0.079	0.069	0.16	0.148
9974	106553	0.092	0.608	0.687	0.7
9974	106553	0.08	0.187	0.279	0.267
9974	106553	0.072	0.094	0.174	0.166
9974	106553	0.086	1.129	1.201	1.215
9974	106553	0.1	0.034	0.12	0.134
9974	106553	0.075	0.094	0.194	0.169
9974	106553	0.086	0.031	0.106	0.117
9974	106553	0.073	0.659	0.745	0.732
9974	106553	0.08	0.203	0.276	0.283
9974	106553	0.065	0.101	0.181	0.166
9974	106553	0.058	0.125	0.19	0.183
9974	106553	0.075	0.125	0.183	0.2
9974	106553	0.065	0.115	0.19	0.18
9974	106553	0.075	0.679	0.744	0.754
9974	106553	0.074	0.073	0.148	0.147
9974	106553	0.079	0.14	0.214	0.219
9974	106553	0.077	0.156	0.235	0.233
9974	106553	0.096	0.105	0.182	0.201
9974	106553	0.047	0.576	0.672	0.623
9974	106553	0.1	0.091	0.138	0.191
9974	106553	0.09	0.093	0.193	0.183
9974	106553	0.071	0.297	0.387	0.368
9974	106553	0.073	0.11	0.181	0.183
9974	106553	0.101	0.063	0.136	0.164
9974	106553	0.087	1.113	1.214	1.2
9974	106553	0.093	0.099	0.186	0.192
9974	106553	0.087	0.106	0.199	0.193
9974	106553	0.072	0.078	0.165	0.15
9974	106553	0.072	0.14	0.212	0.212
9974	106553	0.081	0.789	0.861	0.87
9974	106553	0.065	0.234	0.315	0.299
9974	106553	0.075	0.095	0.16	0.17
9974	106553	0.092	0.172	0.247	0.264
9974	106553	0.083	0.141	0.233	0.224
9974	106553	0.078	0.7	0.783	0.778
9974	106553	0.062	0.847	0.925	0.909
9974	106553	0.0	0.0	0.0	0.0
9974	106553	0.0	0.0	0.0	0.0
9974	106553	0.0	0.0	0.0	0.0
9974	106553	0.0	0.0	0.0	0.0
9974	106553	0.0	0.0	0.0	0.0
9974	106553	0.0	0.0	0.0	0.0
9974	106553	0.0	0.0	0.0	0.0
9974	106553	0.0	0.0	0.0	0.0
9974	106553	0.0	0.0	0.0	0.0
9974	106553	0.0	0.0	0.0	0.0
9974	106553	0.0	0.0	0.0	0.0
9974	106553	0.0	0.0	0.0	0.0
9974	106576	0.549	0.0	0.0	0.0
9974	106576	0.078	0.156	0.393	0.078
9974	106576	0.073	0.642	0.72	0.715
9974	106576	0.071	0.11	0.183	0.181
9974	106576	0.072	0.062	0.133	0.134
9974	106576	0.077	0.175	0.247	0.252
9974	106576	0.082	0.531	0.608	0.613
9974	106576	0.067	0.417	0.499	0.484
9974	106576	0.071	0.094	0.161	0.165
9974	106576	0.076	0.874	0.945	0.95
9974	106576	0.082	0.172	0.248	0.254
9974	106576	0.059	0.139	0.221	0.198
9974	106576	0.047	0.079	0.138	0.126
9974	106576	0.081	0.775	0.822	0.856
9974	106576	0.076	0.203	0.284	0.279
9974	106576	0.08	0.176	0.252	0.256
9974	106576	0.087	1.033	1.113	1.12
9974	106576	0.087	0.032	0.119	0.119
9974	106576	0.079	0.215	0.302	0.294
9974	106576	0.076	0.674	0.753	0.75
9974	106576	0.098	0.25	0.326	0.348
9974	106576	0.089	0.328	0.426	0.417
9974	106576	0.084	0.799	0.888	0.883
9974	106576	0.084	0.046	0.13	0.13
9974	106576	0.089	0.078	0.162	0.167
9974	106576	0.058	0.078	0.167	0.136
9974	106576	0.113	0.313	0.371	0.426
9974	106576	0.056	0.436	0.549	0.492
9974	106576	0.052	0.078	0.134	0.13
9974	106576	0.063	0.972	1.024	1.035
9974	106576	0.073	0.173	0.236	0.246
9974	106576	0.079	0.722	0.795	0.801
9974	106576	0.076	0.094	0.173	0.17
9974	106576	0.088	0.109	0.185	0.197
9974	106576	0.062	0.861	0.949	0.923
9974	106576	0.081	0.094	0.156	0.175
9974	106576	0.081	0.172	0.253	0.253
9974	106576	0.071	1.051	1.132	1.122
9974	106576	0.084	0.016	0.087	0.1
9974	106576	0.06	1.012	1.096	1.072
9974	106576	0.0	0.0	0.0	0.0
9974	106576	0.0	0.0	0.0	0.0
9974	106576	0.0	0.0	0.0	0.0
9974	106576	0.0	0.0	0.0	0.0
9974	106576	0.0	0.0	0.0	0.0
9974	106576	0.0	0.0	0.0	0.0
9974	106576	0.0	0.0	0.0	0.0
9974	106576	0.0	0.0	0.0	0.0
9974	106576	0.0	0.0	0.0	0.0
9974	106576	0.0	0.0	0.0	0.0
9974	106576	0.0	0.0	0.0	0.0
9974	106576	0.0	0.0	0.0	0.0
9974	106576	0.0	0.0	0.0	0.0
9974	106576	0.0	0.0	0.0	0.0
9974	106576	0.0	0.0	0.0	0.0
9974	106576	0.0	0.0	0.0	0.0
9974	106576	0.0	0.0	0.0	0.0
9974	106576	0.0	0.0	0.0	0.0
9974	106576	0.0	0.0	0.0	0.0
9974	106576	0.0	0.0	0.0	0.0
9974	106576	0.0	0.0	0.0	0.0
9974	106576	0.0	0.0	0.0	0.0
9974	106576	0.0	0.0	0.0	0.0
9974	106576	0.0	0.0	0.0	0.0
9974	106576	0.0	0.0	0.0	0.0
9974	106576	0.0	0.0	0.0	0.0
9974	106576	0.0	0.0	0.0	0.0
9974	106576	0.0	0.0	0.0	0.0
9974	106576	0.0	0.0	0.0	0.0
9974	106576	0.0	0.0	0.0	0.0
9974	106598	0.425	0.0	0.0	0.0
9974	106598	0.081	0.175	0.25	0.094
9974	106598	0.13	0.734	0.815	0.864
9974	106598	0.087	0.015	0.145	0.102
9974	106598	0.077	0.125	0.212	0.202
9974	106598	0.132	0.052	0.025	0.08
9974	106598	0.076	0.96	1.092	1.036
9974	106598	0.075	0.063	0.139	0.138
9974	106598	0.083	0.712	0.787	0.795
9974	106598	0.083	0.047	0.13	0.13
9974	106598	0.072	0.312	0.395	0.384
9974	106598	0.069	0.084	0.156	0.153
9974	106598	0.068	0.094	0.163	0.162
9974	106598	0.155	2.556	2.624	2.711
9974	106598	0.1	0.012	0.143	0.088
9974	106598	0.122	0.078	0.178	0.2
9974	106598	0.073	0.125	0.247	0.198
9974	106598	0.069	0.254	0.327	0.323
9974	106598	0.053	0.526	0.595	0.579
9974	106598	0.057	0.109	0.162	0.166
9974	106598	0.101	0.647	0.704	0.748
9974	106598	0.084	0.586	0.687	0.67
9974	106598	0.088	0.062	0.146	0.15
9974	106598	0.087	0.078	0.166	0.165
9974	106598	0.09	0.693	0.78	0.783
9974	106598	0.1	0.113	0.203	0.213
9974	106598	0.087	0.016	0.116	0.103
9974	106598	0.088	0.864	0.951	0.952
9974	106598	0.07	0.047	0.135	0.117
9974	106598	0.076	0.188	0.258	0.264
9974	106598	0.097	0.137	0.213	0.234
9974	106598	0.093	0.738	0.835	0.831
9974	106598	0.074	0.312	0.405	0.386
9974	106598	0.076	0.125	0.199	0.201
9974	106598	0.084	0.031	0.107	0.115
9974	106598	0.1	0.799	0.883	0.899
9974	106598	0.085	0.018	0.118	0.103
9974	106598	0.09	0.125	0.21	0.215
9974	106598	0.078	0.219	0.309	0.297
9974	106598	0.077	0.157	0.235	0.234
9974	106598	0.106	0.062	0.139	0.168
9974	106598	0.107	0.657	0.763	0.764
9974	106598	0.119	0.032	0.139	0.151
9974	106598	0.085	0.815	0.934	0.9
9974	106598	0.078	0.421	0.506	0.499
9974	106598	0.074	0.094	0.172	0.168
9974	106598	0.062	0.181	0.255	0.243
9974	106598	0.069	0.223	0.285	0.292
9974	106598	0.061	2.505	2.574	2.566
9974	106598	0.098	1.881	1.942	1.979
9974	106598	0.099	0.047	0.145	0.146
9974	106598	0.105	0.083	0.182	0.188
9974	106598	0.073	0.078	0.183	0.151
9974	106598	0.038	1.633	1.706	1.671
9974	106598	0.082	0.138	0.176	0.22
9974	106598	0.083	0.039	0.121	0.122
9974	106598	0.063	0.108	0.191	0.171
9974	106598	0.074	0.608	0.671	0.682
9974	106598	0.05	0.234	0.308	0.284
9974	106598	0.058	0.141	0.191	0.199
9974	106598	0.072	0.829	0.887	0.901
9974	106598	0.083	0.015	0.087	0.098
9974	106598	0.074	0.642	0.725	0.716
9974	106598	0.071	0.359	0.433	0.43
9974	106598	0.083	0.755	0.826	0.838
9974	106598	0.074	0.156	0.239	0.23
9974	106598	0.056	0.078	0.152	0.134
9974	106598	0.067	0.266	0.322	0.333
9974	106598	0.103	0.098	0.165	0.201
9974	106598	0.059	0.156	0.259	0.215
9974	106633	0.383	0.0	0.0	0.0
9974	106633	0.075	0.149	0.234	0.074
9974	106633	0.105	0.638	0.713	0.743
9974	106633	0.091	0.078	0.183	0.169
9974	106633	0.082	0.015	0.106	0.097
9974	106633	0.11	0.157	0.239	0.267
9974	106633	0.077	0.442	0.552	0.519
9974	106633	0.103	0.094	0.171	0.197
9974	106633	0.07	0.063	0.166	0.133
9974	106633	0.093	0.172	0.242	0.265
9974	106633	0.076	0.109	0.202	0.185
9974	106633	0.129	0.62	0.696	0.749
9974	106633	0.073	0.047	0.176	0.12
9974	106633	0.067	0.282	0.355	0.349
9974	106633	0.085	0.046	0.113	0.131
9974	106633	0.062	0.188	0.273	0.25
9974	106633	0.068	1.027	1.089	1.095
9974	106633	0.079	0.133	0.201	0.212
9974	106633	0.068	0.059	0.138	0.127
9974	106633	0.09	0.144	0.212	0.234
9974	106633	0.088	0.094	0.184	0.182
9974	106633	0.084	0.115	0.203	0.199
9974	106633	0.059	0.477	0.561	0.536
9974	106633	0.073	0.094	0.153	0.167
9974	106633	0.065	0.266	0.339	0.331
9974	106633	0.098	0.767	0.832	0.865
9974	106633	0.064	0.172	0.27	0.236
9974	106633	0.114	0.501	0.565	0.615
9974	106633	0.072	0.158	0.272	0.23
9974	106633	0.099	0.835	0.907	0.934
9974	106633	0.072	0.115	0.214	0.187
9974	106633	0.106	0.125	0.197	0.231
9974	106633	0.075	0.094	0.2	0.169
9974	106633	0.073	10.102	10.177	10.175
9974	106633	0.081	0.13	0.203	0.211
9974	106633	0.08	0.947	1.028	1.027
9974	106633	0.084	0.08	0.16	0.164
9974	106633	0.073	0.36	0.444	0.433
9974	106633	0.122	0.094	0.167	0.216
9974	106633	0.042	0.138	0.26	0.18
9974	106633	0.104	1.529	1.571	1.633
9974	106633	0.094	0.129	0.233	0.223
9974	106633	0.075	0.063	0.157	0.138
9974	106633	0.073	0.137	0.212	0.21
9974	106633	0.094	1.238	1.311	1.332
9974	106633	0.09	0.11	0.204	0.2
9974	106633	0.066	0.051	0.141	0.117
9974	106633	0.091	0.509	0.575	0.6
9974	106633	0.072	1.073	1.164	1.145
9974	106633	0.0	0.0	0.0	0.0
9974	106633	0.0	0.0	0.0	0.0
9974	106633	0.0	0.0	0.0	0.0
9974	106633	0.0	0.0	0.0	0.0
9974	106633	0.0	0.0	0.0	0.0
9974	106633	0.0	0.0	0.0	0.0
9974	106633	0.0	0.0	0.0	0.0
9974	106633	0.0	0.0	0.0	0.0
9974	106633	0.0	0.0	0.0	0.0
9974	106633	0.0	0.0	0.0	0.0
9974	106633	0.0	0.0	0.0	0.0
9974	106633	0.0	0.0	0.0	0.0
9974	106633	0.0	0.0	0.0	0.0
9974	106633	0.0	0.0	0.0	0.0
9974	106633	0.0	0.0	0.0	0.0
9974	106633	0.0	0.0	0.0	0.0
9974	106633	0.0	0.0	0.0	0.0
9974	106633	0.0	0.0	0.0	0.0
9974	106633	0.0	0.0	0.0	0.0
9974	106633	0.0	0.0	0.0	0.0
9974	106633	0.0	0.0	0.0	0.0
9974	106658	0.727	0.0	0.0	0.0
9974	106658	0.077	0.057	0.67	0.02
9974	106658	0.08	1.522	1.599	1.602
9974	106658	0.104	0.052	0.132	0.156
9974	106658	0.066	1.186	1.29	1.252
9974	106658	0.07	0.668	0.734	0.738
9974	106658	0.069	0.664	0.734	0.733
9974	106658	0.108	2.261	2.33	2.369
9974	106658	0.1	0.0	0.108	0.1
9974	106658	0.058	0.109	0.209	0.167
9974	106658	0.127	0.454	0.512	0.581
9974	106658	0.172	0.125	0.252	0.297
9974	106658	0.132	0.535	0.707	0.667
9974	106658	0.158	0.156	0.288	0.314
9974	106658	0.063	0.769	0.927	0.832
9974	106658	0.071	0.071	0.134	0.142
9974	106658	0.146	0.735	0.806	0.881
9974	106658	0.176	0.187	0.333	0.363
9974	106658	0.082	1.345	1.521	1.427
9974	106658	0.085	0.142	0.224	0.227
9974	106658	0.09	0.094	0.179	0.184
9974	106658	0.085	0.396	0.486	0.481
9974	106658	0.071	0.031	0.116	0.102
9974	106658	0.089	0.125	0.196	0.214
9974	106658	0.068	0.236	0.325	0.304
9974	106658	0.071	0.344	0.412	0.415
9974	106658	0.071	0.062	0.133	0.133
9974	106658	0.092	0.359	0.43	0.451
9974	106658	0.054	0.11	0.202	0.164
9974	106658	0.077	0.088	0.142	0.165
9974	106658	0.091	0.125	0.202	0.216
9974	106658	0.092	0.094	0.185	0.186
9974	106658	0.069	0.534	0.626	0.603
9974	106658	0.069	0.078	0.147	0.147
9974	106658	0.054	0.078	0.147	0.132
9974	106658	0.093	0.189	0.243	0.282
9974	106658	0.036	0.109	0.202	0.145
9974	106658	0.086	0.103	0.139	0.189
9974	106658	0.049	0.537	0.623	0.586
9974	106658	0.088	0.343	0.392	0.431
9974	106658	0.07	0.266	0.354	0.336
9974	106658	0.071	0.094	0.164	0.165
9974	106658	0.103	0.063	0.134	0.166
9974	106658	0.105	0.078	0.181	0.183
9974	106658	0.05	0.673	0.778	0.723
9974	106658	0.052	0.905	0.955	0.957
9974	106658	0.0	0.0	0.0	0.0
9974	106658	0.0	0.0	0.0	0.0
9974	106658	0.0	0.0	0.0	0.0
9974	106658	0.0	0.0	0.0	0.0
9974	106658	0.0	0.0	0.0	0.0
9974	106658	0.0	0.0	0.0	0.0
9974	106658	0.0	0.0	0.0	0.0
9974	106658	0.0	0.0	0.0	0.0
9974	106658	0.0	0.0	0.0	0.0
9974	106658	0.0	0.0	0.0	0.0
9974	106658	0.0	0.0	0.0	0.0
9974	106658	0.0	0.0	0.0	0.0
9974	106658	0.0	0.0	0.0	0.0
9974	106658	0.0	0.0	0.0	0.0
9974	106658	0.0	0.0	0.0	0.0
9974	106658	0.0	0.0	0.0	0.0
9974	106658	0.0	0.0	0.0	0.0
9974	106658	0.0	0.0	0.0	0.0
9974	106658	0.0	0.0	0.0	0.0
9974	106658	0.0	0.0	0.0	0.0
9974	106658	0.0	0.0	0.0	0.0
9974	106658	0.0	0.0	0.0	0.0
9974	106658	0.0	0.0	0.0	0.0
9974	106658	0.0	0.0	0.0	0.0
9974	106678	0.377	0.0	0.0	0.0
9974	106678	0.078	0.111	0.266	0.033
9974	106678	0.089	0.568	0.646	0.657
9974	106678	0.086	0.075	0.164	0.161
9974	106678	0.086	0.031	0.117	0.117
9974	106678	0.08	0.219	0.305	0.299
9974	106678	0.088	0.494	0.574	0.582
9974	106678	0.064	0.156	0.244	0.22
9974	106678	0.085	0.078	0.142	0.163
9974	106678	0.081	0.219	0.304	0.3
9974	106678	0.094	0.956	1.037	1.05
9974	106678	0.079	0.045	0.139	0.124
9974	106678	0.077	0.216	0.295	0.293
9974	106678	0.085	0.832	0.909	0.917
9974	106678	0.072	0.078	0.163	0.15
9974	106678	0.076	0.141	0.213	0.217
9974	106678	0.071	0.13	0.206	0.201
9974	106678	0.073	0.125	0.196	0.198
9974	106678	0.071	0.063	0.136	0.134
9974	106678	0.088	0.597	0.668	0.685
9974	106678	0.084	0.094	0.182	0.178
9974	106678	0.077	0.107	0.191	0.184
9974	106678	0.077	0.156	0.233	0.233
9974	106678	0.091	0.125	0.202	0.216
9974	106678	0.07	0.534	0.625	0.604
9974	106678	0.098	0.063	0.133	0.161
9974	106678	0.098	0.963	1.061	1.061
9974	106678	0.089	0.102	0.2	0.191
9974	106678	0.072	0.11	0.199	0.182
9974	106678	0.076	0.078	0.15	0.154
9974	106678	0.087	0.36	0.436	0.447
9974	106678	0.053	0.464	0.551	0.517
9974	106678	0.071	0.078	0.131	0.149
9974	106678	0.467	1.192	1.263	1.659
9974	106678	0.091	0.248	0.219	0.157
9974	106678	0.077	0.495	0.586	0.572
9974	106678	0.112	0.059	0.136	0.171
9974	106678	0.089	0.151	0.263	0.24
9974	106678	0.075	0.205	0.294	0.28
9974	106678	0.081	0.172	0.247	0.253
9974	106678	0.074	0.674	0.755	0.748
9974	106678	0.085	0.297	0.371	0.382
9974	106678	0.076	0.141	0.226	0.217
9974	106678	0.059	0.893	0.969	0.952
9974	106678	0.1	0.063	0.122	0.163
9974	106678	0.073	0.063	0.163	0.136
9974	106678	0.085	0.047	0.12	0.132
9974	106678	0.072	0.722	0.807	0.794
9974	106678	0.083	0.121	0.193	0.204
9974	106678	0.064	0.203	0.286	0.267
9974	106678	0.073	0.429	0.493	0.502
9974	106678	0.068	0.156	0.229	0.224
9974	106678	0.075	0.086	0.154	0.161
9974	106678	0.069	0.145	0.22	0.214
9974	106678	0.068	0.25	0.319	0.318
9974	106678	0.067	0.094	0.162	0.161
9974	106678	0.085	0.819	0.886	0.904
9974	106678	0.06	0.141	0.226	0.201
9974	106678	0.076	0.088	0.148	0.164
9974	106678	0.077	0.14	0.216	0.217
9974	106678	0.07	0.047	0.124	0.117
9974	106678	0.073	0.11	0.18	0.183
9974	106678	0.077	0.109	0.182	0.186
9974	106678	0.067	0.133	0.21	0.2
9974	106678	0.075	0.141	0.208	0.216
9974	106678	0.069	0.612	0.687	0.681
9974	106678	0.056	0.265	0.334	0.321
9974	106678	0.0	0.0	0.0	0.0
9974	106678	0.0	0.0	0.0	0.0
9974	106678	0.0	0.0	0.0	0.0
9974	106714	0.622	0.0	0.0	0.0
9974	106714	0.119	0.17	0.452	0.051
9974	106714	0.077	0.098	0.217	0.175
9974	106714	0.096	1.859	1.936	1.955
9974	106714	0.078	0.192	0.288	0.27
9974	106714	0.091	0.91	0.988	1.001
9974	106714	0.088	0.047	0.138	0.135
9974	106714	0.045	0.515	0.603	0.56
9974	106714	0.097	1.042	1.087	1.139
9974	106714	0.072	0.093	0.19	0.165
9974	106714	0.076	0.141	0.213	0.217
9974	106714	0.076	0.091	0.167	0.167
9974	106714	0.079	0.421	0.497	0.5
9974	106714	0.079	0.39	0.469	0.469
9974	106714	0.086	0.063	0.142	0.149
9974	106714	0.077	0.437	0.523	0.514
9974	106714	0.089	0.062	0.139	0.151
9974	106714	0.073	0.14	0.229	0.213
9974	106714	0.068	0.103	0.176	0.171
9974	106714	0.071	0.125	0.193	0.196
9974	106714	0.066	0.801	0.872	0.867
9974	106714	0.106	0.062	0.128	0.168
9974	106714	0.083	0.081	0.187	0.164
9974	106714	0.106	0.078	0.161	0.184
9974	106714	0.071	1.33	1.436	1.401
9974	106714	0.079	0.094	0.165	0.173
9974	106714	0.055	0.122	0.201	0.177
9974	106714	0.052	0.564	0.619	0.616
9974	106714	0.075	0.644	0.696	0.719
9974	106714	0.062	0.078	0.153	0.14
9974	106714	0.087	0.885	0.947	0.972
9974	106714	0.086	0.047	0.134	0.133
9974	106714	0.076	0.141	0.227	0.217
9974	106714	0.061	0.158	0.234	0.219
9974	106714	0.083	0.15	0.211	0.233
9974	106714	0.087	0.063	0.146	0.15
9974	106714	0.077	0.172	0.259	0.249
9974	106714	0.079	0.337	0.414	0.416
9974	106714	0.059	0.297	0.376	0.356
9974	106714	0.086	0.842	0.901	0.928
9974	106714	0.087	0.094	0.18	0.181
9974	106714	0.059	0.328	0.415	0.387
9974	106714	0.086	0.078	0.137	0.164
9974	106714	0.071	0.047	0.133	0.118
9974	106714	0.076	1.441	1.512	1.517
9974	106714	0.043	2.49	2.566	2.533
9974	106714	0.07	0.095	0.138	0.165
9974	106714	0.072	0.094	0.164	0.166
9974	106714	0.055	0.094	0.166	0.149
9974	106714	0.08	0.094	0.149	0.174
9974	106714	0.06	0.169	0.249	0.229
9974	106714	0.057	0.125	0.185	0.182
9974	106714	0.055	0.109	0.166	0.164
9974	106714	0.057	0.11	0.165	0.167
9974	106714	0.059	0.109	0.166	0.168
9974	106714	0.044	0.109	0.168	0.153
9974	106714	0.055	0.107	0.151	0.162
9974	106714	0.061	0.11	0.165	0.171
9974	106714	0.056	0.109	0.17	0.165
9974	106714	0.056	0.109	0.165	0.165
9974	106714	0.071	0.094	0.15	0.165
9974	106714	0.074	0.078	0.149	0.152
9974	106714	0.07	0.094	0.168	0.164
9974	106714	0.064	0.234	0.304	0.298
9974	106714	0.064	0.74	0.804	0.804
9974	106714	0.06	0.391	0.455	0.451
9974	106714	0.072	0.094	0.154	0.166
9974	106714	0.07	0.063	0.135	0.133
9974	106714	0.085	0.749	0.819	0.834
9974	106714	0.089	0.157	0.242	0.246
9974	106761	0.277	0.0	0.0	0.0
9974	106761	0.094	0.046	0.231	0.048
9974	106761	0.078	0.849	0.943	0.927
9974	106761	0.104	0.087	0.165	0.191
9974	106761	0.068	0.467	0.571	0.535
9974	106761	0.078	0.188	0.256	0.266
9974	106761	0.083	0.136	0.214	0.219
9974	106761	0.073	0.14	0.223	0.213
9974	106761	0.087	0.064	0.137	0.151
9974	106761	0.069	1.033	1.12	1.102
9974	106761	0.084	0.109	0.178	0.193
9974	106761	0.094	0.044	0.128	0.138
9974	106761	0.072	0.093	0.187	0.165
9974	106761	0.108	0.172	0.244	0.28
9974	106761	0.086	0.104	0.212	0.19
9974	106761	0.066	0.129	0.215	0.195
9974	106761	0.095	1.805	1.871	1.9
9974	106761	0.136	0.063	0.158	0.199
9974	106761	0.093	0.078	0.214	0.171
9974	106761	0.072	0.717	0.81	0.789
9974	106761	0.048	0.18	0.252	0.228
9974	106761	0.072	0.111	0.159	0.183
9974	106761	0.096	0.131	0.203	0.227
9974	106761	0.088	1.398	1.494	1.486
9974	106761	0.074	0.11	0.198	0.184
9974	106761	0.081	0.235	0.309	0.316
9974	106761	0.069	0.135	0.216	0.204
9974	106761	0.078	0.84	0.909	0.918
9974	106761	0.086	0.075	0.153	0.161
9974	106761	0.076	0.125	0.211	0.201
9974	106761	0.079	0.422	0.498	0.501
9974	106761	0.082	0.066	0.145	0.148
9974	106761	0.074	0.094	0.176	0.168
9974	106761	0.086	0.078	0.152	0.164
9974	106761	0.093	1.192	1.278	1.285
9974	106761	0.098	1.049	1.142	1.147
9974	106761	0.101	0.067	0.165	0.168
9974	106761	0.085	0.063	0.164	0.148
9974	106761	0.106	0.11	0.195	0.216
9974	106761	0.073	0.047	0.153	0.12
9974	106761	0.067	0.549	0.622	0.616
9974	106761	0.074	0.078	0.145	0.152
9974	106761	0.065	1.205	1.279	1.27
9974	106761	0.071	0.091	0.156	0.162
9974	106761	0.072	0.109	0.18	0.181
9974	106761	0.076	0.11	0.182	0.186
9974	106761	0.086	0.611	0.687	0.697
9974	106761	0.074	0.375	0.461	0.449
9974	106761	0.057	1.726	1.8	1.783
9974	106761	0.07	0.094	0.151	0.164
9974	106761	0.058	0.093	0.163	0.151
9974	106761	0.046	0.109	0.167	0.155
9974	106761	0.059	0.094	0.14	0.153
9974	106761	0.062	0.091	0.15	0.153
9974	106761	0.065	0.092	0.154	0.157
9974	106761	0.062	0.423	0.488	0.485
9974	106761	0.07	0.094	0.156	0.164
9974	106761	0.076	0.094	0.164	0.17
9974	106761	0.068	0.344	0.42	0.412
9974	106761	0.024	0.524	0.592	0.548
9974	106761	0.072	0.114	0.138	0.186
9974	106761	0.072	0.094	0.166	0.166
9974	106761	0.057	0.096	0.168	0.153
9974	106761	0.058	0.125	0.182	0.183
9974	106761	0.091	1.33	1.388	1.421
9974	106761	0.0	0.0	0.0	0.0
9974	106761	0.0	0.0	0.0	0.0
9974	106761	0.0	0.0	0.0	0.0
9974	106761	0.0	0.0	0.0	0.0
9974	106761	0.0	0.0	0.0	0.0
9974	106796	0.396	0.0	0.0	0.0
9974	106796	0.146	0.13	0.266	0.016
9974	106796	0.089	0.561	0.707	0.65
9974	106796	0.117	0.062	0.151	0.179
9974	106796	0.091	0.329	0.446	0.42
9974	106796	0.075	0.093	0.184	0.168
9974	106796	0.1	0.066	0.141	0.166
9974	106796	0.101	1.299	1.399	1.4
9974	106796	0.085	0.032	0.133	0.117
9974	106796	0.087	0.125	0.21	0.212
9974	106796	0.08	0.992	1.079	1.072
9974	106796	0.079	0.103	0.183	0.182
9974	106796	0.077	0.141	0.22	0.218
9974	106796	0.086	0.109	0.186	0.195
9974	106796	0.057	0.165	0.251	0.222
9974	106796	0.41	1.098	1.155	1.508
9974	106796	0.18	0.16	0.25	0.02
9974	106796	0.092	0.609	0.789	0.701
9974	106796	0.094	0.032	0.124	0.126
9974	106796	0.073	0.118	0.212	0.191
9974	106796	0.103	0.078	0.151	0.181
9974	106796	0.059	0.443	0.546	0.502
9974	106796	0.094	0.103	0.162	0.197
9974	106796	0.076	0.094	0.188	0.17
9974	106796	0.088	0.094	0.17	0.182
9974	106796	0.096	0.737	0.825	0.833
9974	106796	0.09	0.125	0.221	0.215
9974	106796	0.091	0.359	0.449	0.45
9974	106796	0.09	0.142	0.233	0.232
9974	106796	0.079	0.691	0.781	0.77
9974	106796	0.089	0.109	0.188	0.198
9974	106796	0.091	0.078	0.167	0.169
9974	106796	0.086	0.047	0.138	0.133
9974	106796	0.089	0.935	1.021	1.024
9974	106796	0.087	0.055	0.144	0.142
9974	106796	0.089	0.109	0.196	0.198
9974	106796	0.074	0.11	0.199	0.184
9974	106796	0.088	0.125	0.199	0.213
9974	106796	0.044	0.056	0.032	0.012
9974	106796	0.072	0.814	0.858	0.886
9974	106796	0.07	0.075	0.147	0.145
9974	106796	0.086	0.079	0.149	0.165
9974	106796	0.062	0.14	0.226	0.202
9974	106796	0.06	0.957	1.019	1.017
9974	106796	0.066	0.13	0.19	0.196
9974	106796	0.077	0.129	0.195	0.206
9974	106796	0.07	0.111	0.188	0.181
9974	106796	0.074	0.157	0.227	0.231
9974	106796	0.095	0.958	1.032	1.053
9974	106796	0.068	0.125	0.22	0.193
9974	106796	0.072	0.102	0.17	0.174
9974	106796	0.085	0.159	0.231	0.244
9974	106796	0.088	0.097	0.182	0.185
9974	106796	0.054	0.833	0.921	0.887
9974	106796	0.054	0.094	0.148	0.148
9974	106796	0.07	0.079	0.133	0.149
9974	106796	0.072	0.062	0.132	0.134
9974	106796	0.075	1.129	1.201	1.204
9974	106796	0.085	0.044	0.119	0.129
9974	106796	0.07	0.031	0.116	0.101
9974	106796	0.067	1.315	1.385	1.382
9974	106796	0.446	1.882	1.949	2.328
9974	106796	0.119	0.15	0.296	0.031
9974	106796	0.072	0.577	0.696	0.649
9974	106796	0.085	0.067	0.139	0.152
9974	106796	0.085	1.114	1.199	1.199
9974	106796	0.085	0.035	0.12	0.12
9974	106796	0.087	0.109	0.194	0.196
9974	106796	0.084	0.25	0.337	0.334
9974	106796	0.072	0.094	0.178	0.166
9974	106825	0.766	0.0	0.0	0.0
9974	106825	0.063	0.158	0.608	0.095
9974	106825	0.081	0.454	0.517	0.535
9974	106825	0.084	0.09	0.171	0.174
9974	106825	0.067	0.039	0.123	0.106
9974	106825	0.065	0.612	0.679	0.677
9974	106825	0.08	0.145	0.21	0.225
9974	106825	0.077	0.234	0.314	0.311
9974	106825	0.066	0.253	0.33	0.319
9974	106825	0.069	0.422	0.488	0.491
9974	106825	0.074	0.118	0.187	0.192
9974	106825	0.073	0.229	0.303	0.302
9974	106825	0.064	0.109	0.182	0.173
9974	106825	0.072	0.685	0.749	0.757
9974	106825	0.066	0.109	0.181	0.175
9974	106825	0.073	0.134	0.2	0.207
9974	106825	0.088	0.115	0.188	0.203
9974	106825	0.058	0.533	0.621	0.591
9974	106825	0.078	0.93	0.988	1.008
9974	106825	0.075	0.125	0.203	0.2
9974	106825	0.062	0.672	0.747	0.734
9974	106825	0.076	0.257	0.319	0.333
9974	106825	0.072	0.094	0.17	0.166
9974	106825	0.075	0.156	0.228	0.231
9974	106825	0.076	0.109	0.184	0.185
9974	106825	0.089	0.109	0.185	0.198
9974	106825	0.048	0.068	0.021	0.02
9974	106825	0.015	0.821	0.869	0.836
9974	106825	0.068	0.1	0.115	0.168
9974	106825	0.083	0.015	0.083	0.098
9974	106825	0.083	0.203	0.286	0.286
9974	106825	0.076	1.441	1.524	1.517
9974	106825	0.086	0.062	0.138	0.148
9974	106825	0.07	0.015	0.101	0.085
9974	106825	0.052	0.195	0.265	0.247
9974	106825	0.127	0.991	1.043	1.118
9974	106825	0.087	0.062	0.189	0.149
9974	106825	0.099	0.093	0.18	0.192
9974	106825	0.412	0.805	0.904	1.217
9974	106825	0.077	0.218	0.194	0.141
9974	106825	0.091	0.609	0.686	0.7
9974	106825	0.069	0.014	0.105	0.083
9974	106825	0.121	0.109	0.178	0.23
9974	106825	0.081	0.754	0.875	0.835
9974	106825	0.091	0.109	0.19	0.2
9974	106825	0.1	0.015	0.106	0.115
9974	106825	0.114	0.134	0.234	0.248
9974	106825	0.085	0.568	0.682	0.653
9974	106825	0.078	0.251	0.336	0.329
9974	106825	0.0	0.0	0.0	0.0
9974	106825	0.0	0.0	0.0	0.0
9974	106825	0.0	0.0	0.0	0.0
9974	106825	0.0	0.0	0.0	0.0
9974	106825	0.0	0.0	0.0	0.0
9974	106825	0.0	0.0	0.0	0.0
9974	106825	0.0	0.0	0.0	0.0
9974	106825	0.0	0.0	0.0	0.0
9974	106825	0.0	0.0	0.0	0.0
9974	106825	0.0	0.0	0.0	0.0
9974	106825	0.0	0.0	0.0	0.0
9974	106825	0.0	0.0	0.0	0.0
9974	106825	0.0	0.0	0.0	0.0
9974	106825	0.0	0.0	0.0	0.0
9974	106825	0.0	0.0	0.0	0.0
9974	106825	0.0	0.0	0.0	0.0
9974	106825	0.0	0.0	0.0	0.0
9974	106825	0.0	0.0	0.0	0.0
9974	106825	0.0	0.0	0.0	0.0
9974	106825	0.0	0.0	0.0	0.0
9974	106825	0.0	0.0	0.0	0.0
9974	106851	0.461	0.0	0.0	0.0
9974	106851	0.083	0.165	0.296	0.082
9974	106851	0.088	0.866	0.949	0.954
9974	106851	0.076	0.474	0.562	0.55
9974	106851	0.108	0.14	0.216	0.248
9974	106851	0.074	0.109	0.217	0.183
9974	106851	0.075	0.095	0.169	0.17
9974	106851	0.087	0.094	0.169	0.181
9974	106851	0.091	0.97	1.057	1.061
9974	106851	0.071	0.114	0.205	0.185
9974	106851	0.074	0.114	0.185	0.188
9974	106851	0.085	0.098	0.172	0.183
9974	106851	0.095	0.219	0.304	0.314
9974	106851	0.086	0.816	0.911	0.902
9974	106851	0.092	0.125	0.211	0.217
9974	106851	0.082	0.25	0.342	0.332
9974	106851	0.091	0.09	0.172	0.181
9974	106851	0.09	0.66	0.751	0.75
9974	106851	0.093	0.094	0.184	0.187
9974	106851	0.064	0.203	0.296	0.267
9974	106851	0.076	0.172	0.236	0.248
9974	106851	0.118	0.065	0.141	0.183
9974	106851	0.082	1.424	1.542	1.506
9974	106851	0.101	0.62	0.702	0.721
9974	106851	0.08	0.176	0.277	0.256
9974	106851	0.089	1.376	1.456	1.465
9974	106851	0.082	0.063	0.152	0.145
9974	106851	0.085	0.485	0.567	0.57
9974	106851	0.071	0.079	0.164	0.15
9974	106851	0.496	0.674	0.745	1.17
9974	106851	0.089	0.292	0.204	0.203
9974	106851	0.098	1.598	1.687	1.696
9974	106851	0.073	0.129	0.227	0.202
9974	106851	0.09	0.145	0.218	0.235
9974	106851	0.09	0.094	0.184	0.184
9974	106851	0.084	0.156	0.246	0.24
9974	106851	0.097	1.668	1.752	1.765
9974	106851	0.088	0.106	0.203	0.194
9974	106851	0.076	0.094	0.182	0.17
9974	106851	0.086	1.342	1.418	1.428
9974	106851	0.064	0.172	0.258	0.236
9974	106851	0.089	0.737	0.801	0.826
9974	106851	0.065	0.191	0.28	0.256
9974	106851	0.069	0.162	0.227	0.231
9974	106851	0.075	0.11	0.179	0.185
9974	106851	0.084	0.083	0.158	0.167
9974	106851	0.1	0.999	1.083	1.099
9974	106851	0.101	0.046	0.146	0.147
9974	106851	0.102	0.146	0.247	0.248
9974	106851	0.074	1.162	1.264	1.236
9974	106851	0.107	0.111	0.185	0.218
9974	106851	0.087	0.063	0.17	0.15
9974	106851	0.107	0.125	0.212	0.232
9974	106851	0.067	0.365	0.472	0.432
9974	106851	0.088	0.063	0.13	0.151
9974	106851	0.088	0.627	0.715	0.715
9974	106851	0.121	0.078	0.166	0.199
9974	106851	0.092	0.078	0.199	0.17
9974	106851	0.09	0.127	0.219	0.217
9974	106851	0.065	0.784	0.874	0.849
9974	106851	0.073	0.078	0.143	0.151
9974	106851	0.086	0.062	0.135	0.148
9974	106851	0.072	0.078	0.164	0.15
9974	106851	0.068	0.643	0.715	0.711
9974	106851	0.106	0.616	0.684	0.722
9974	106851	0.155	0.047	0.153	0.202
9974	106851	0.086	0.021	0.134	0.065
9974	106851	0.047	0.581	0.667	0.628
9974	106851	0.0	0.0	0.0	0.0
9974	106851	0.0	0.0	0.0	0.0
9974	106905	0.414	0.0	0.0	0.0
9974	106905	0.081	0.164	0.25	0.083
9974	106905	0.084	0.597	0.678	0.681
9974	106905	0.094	0.114	0.198	0.208
9974	106905	0.071	0.043	0.137	0.114
9974	106905	0.091	0.156	0.227	0.247
9974	106905	0.097	0.201	0.292	0.298
9974	106905	0.078	0.208	0.305	0.286
9974	106905	0.073	0.141	0.219	0.214
9974	106905	0.076	0.71	0.783	0.786
9974	106905	0.104	0.094	0.17	0.198
9974	106905	0.075	0.127	0.231	0.202
9974	106905	0.082	0.099	0.174	0.181
9974	106905	0.079	1.71	1.792	1.789
9974	106905	0.092	0.137	0.216	0.229
9974	106905	0.068	0.156	0.248	0.224
9974	106905	0.103	0.086	0.154	0.189
9974	106905	0.07	0.799	0.902	0.869
9974	106905	0.072	0.078	0.148	0.15
9974	106905	0.076	0.141	0.213	0.217
9974	106905	0.091	0.156	0.232	0.247
9974	106905	0.054	0.551	0.642	0.605
9974	106905	0.074	0.141	0.195	0.215
9974	106905	0.062	0.737	0.811	0.799
9974	106905	0.072	0.078	0.14	0.15
9974	106905	0.073	0.109	0.181	0.182
9974	106905	0.063	1.567	1.64	1.63
9974	106905	0.112	0.442	0.505	0.554
9974	106905	0.1	0.079	0.191	0.179
9974	106905	0.099	0.036	0.136	0.135
9974	106905	0.107	0.109	0.208	0.216
9974	106905	0.084	1.866	1.973	1.95
9974	106905	0.114	0.052	0.136	0.166
9974	106905	0.105	0.063	0.177	0.168
9974	106905	0.072	1.143	1.248	1.215
9974	106905	0.084	0.067	0.139	0.151
9974	106905	0.091	0.376	0.46	0.467
9974	106905	0.073	0.078	0.169	0.151
9974	106905	0.052	0.514	0.587	0.566
9974	106905	0.079	0.054	0.106	0.133
9974	106905	0.099	1.834	1.913	1.933
9974	106905	0.097	0.078	0.177	0.175
9974	106905	0.091	0.149	0.246	0.24
9974	106905	0.0	0.0	0.0	0.0
9974	106905	0.0	0.0	0.0	0.0
9974	106905	0.0	0.0	0.0	0.0
9974	106905	0.0	0.0	0.0	0.0
9974	106905	0.0	0.0	0.0	0.0
9974	106905	0.0	0.0	0.0	0.0
9974	106905	0.0	0.0	0.0	0.0
9974	106905	0.0	0.0	0.0	0.0
9974	106905	0.0	0.0	0.0	0.0
9974	106905	0.0	0.0	0.0	0.0
9974	106905	0.0	0.0	0.0	0.0
9974	106905	0.0	0.0	0.0	0.0
9974	106905	0.0	0.0	0.0	0.0
9974	106905	0.0	0.0	0.0	0.0
9974	106905	0.0	0.0	0.0	0.0
9974	106905	0.0	0.0	0.0	0.0
9974	106905	0.0	0.0	0.0	0.0
9974	106905	0.0	0.0	0.0	0.0
9974	106905	0.0	0.0	0.0	0.0
9974	106905	0.0	0.0	0.0	0.0
9974	106905	0.0	0.0	0.0	0.0
9974	106905	0.0	0.0	0.0	0.0
9974	106905	0.0	0.0	0.0	0.0
9974	106905	0.0	0.0	0.0	0.0
9974	106905	0.0	0.0	0.0	0.0
9974	106905	0.0	0.0	0.0	0.0
9974	106905	0.0	0.0	0.0	0.0
9974	106941	0.309	0.0	0.0	0.0
9974	106941	0.103	0.088	0.221	0.015
9974	106941	0.12	0.344	0.447	0.464
9974	106941	0.084	1.08	1.2	1.164
9974	106941	0.088	0.066	0.15	0.154
9974	106941	0.086	0.031	0.119	0.117
9974	106941	0.138	0.14	0.226	0.278
9974	106941	0.068	0.455	0.593	0.523
9974	106941	0.07	0.094	0.162	0.164
9974	106941	0.094	0.141	0.211	0.235
9974	106941	0.074	0.125	0.219	0.199
9974	106941	0.075	0.208	0.282	0.283
9974	106941	0.073	0.093	0.168	0.166
9974	106941	0.056	0.301	0.374	0.357
9974	106941	0.068	0.51	0.566	0.578
9974	106941	0.08	0.391	0.459	0.471
9974	106941	0.088	0.187	0.267	0.275
9974	106941	0.089	0.114	0.202	0.203
9974	106941	0.09	0.109	0.198	0.199
9974	106941	0.07	0.313	0.403	0.383
9974	106941	0.098	0.234	0.304	0.332
9974	106941	0.084	0.752	0.85	0.836
9974	106941	0.081	0.082	0.166	0.163
9974	106941	0.075	0.094	0.175	0.169
9974	106941	0.105	0.093	0.168	0.198
9974	106941	0.071	0.047	0.152	0.118
9974	106941	0.095	0.503	0.574	0.598
9974	106941	0.088	0.094	0.189	0.182
9974	106941	0.074	0.26	0.348	0.334
9974	106941	0.073	0.078	0.152	0.151
9974	106941	0.089	0.109	0.182	0.198
9974	106941	0.086	0.234	0.323	0.32
9974	106941	0.075	0.09	0.176	0.165
9974	106941	0.076	0.626	0.701	0.702
9974	106941	0.06	0.172	0.248	0.232
9974	106941	0.066	0.094	0.154	0.16
9974	106941	0.156	0.997	1.063	1.153
9974	106941	0.862	3.978	4.134	4.84
9974	106941	0.087	1.249	2.111	1.336
9974	106941	0.063	0.149	0.236	0.212
9974	106941	0.077	0.216	0.279	0.293
9974	106941	0.075	0.094	0.171	0.169
9974	106941	0.078	0.154	0.229	0.232
9974	106941	0.076	0.108	0.186	0.184
9974	106941	0.505	0.439	0.515	0.944
9974	106941	0.062	1.469	1.974	1.531
9974	106941	0.024	0.099	0.161	0.123
9974	106941	0.051	0.328	0.352	0.379
9974	106941	0.053	0.569	0.62	0.622
9974	106941	0.072	0.094	0.147	0.166
9974	106941	0.079	0.721	0.793	0.8
9974	106941	0.071	0.564	0.643	0.635
9974	106941	0.07	0.078	0.149	0.148
9974	106941	0.071	0.078	0.148	0.149
9974	106941	0.06	0.091	0.162	0.151
9974	106941	0.755	0.063	0.123	0.818
9974	106941	0.066	1.648	2.403	1.714
9974	106941	0.109	0.172	0.238	0.281
9974	106941	0.093	0.046	0.155	0.139
9974	106941	0.1	0.11	0.203	0.21
9974	106941	0.065	0.107	0.207	0.172
9974	106941	0.092	0.187	0.252	0.279
9974	106941	0.066	0.612	0.704	0.678
9974	106941	0.0	0.0	0.0	0.0
9974	106941	0.0	0.0	0.0	0.0
9974	106941	0.0	0.0	0.0	0.0
9974	106941	0.0	0.0	0.0	0.0
9974	106941	0.0	0.0	0.0	0.0
9974	106941	0.0	0.0	0.0	0.0
9974	106941	0.0	0.0	0.0	0.0
9974	106993	1.256	0.0	0.0	0.0
9974	106993	0.083	0.177	1.079	0.094
9974	106993	0.088	1.205	1.288	1.293
9974	106993	0.102	0.051	0.139	0.153
9974	106993	0.101	0.015	0.117	0.116
9974	106993	0.154	0.11	0.211	0.264
9974	106993	0.086	0.735	0.889	0.821
9974	106993	0.141	0.093	0.179	0.234
9974	106993	0.099	0.051	0.09	0.048
9974	106993	0.121	0.093	0.192	0.214
9974	106993	0.109	0.031	0.152	0.14
9974	106993	0.094	1.138	1.247	1.232
9974	106993	0.102	0.078	0.172	0.18
9974	106993	0.116	0.016	0.118	0.132
9974	106993	0.119	0.462	0.578	0.581
9974	106993	0.075	0.645	0.764	0.72
9974	106993	0.091	0.076	0.151	0.167
9974	106993	0.09	0.062	0.153	0.152
9974	106993	0.099	1.614	1.704	1.713
9974	106993	0.105	0.016	0.115	0.121
9974	106993	0.145	0.063	0.168	0.208
9974	106993	0.106	0.016	0.161	0.122
9974	106993	0.072	0.969	1.075	1.041
9974	106993	0.088	0.075	0.147	0.163
9974	106993	0.071	0.235	0.323	0.306
9974	106993	0.08	1.027	1.098	1.107
9974	106993	0.093	0.031	0.111	0.124
9974	106993	0.012	0.133	0.226	0.145
9974	106993	0.072	0.008	0.02	0.08
9974	106993	0.105	0.211	0.283	0.316
9974	106993	0.071	0.797	0.902	0.868
9974	106993	0.071	0.094	0.165	0.165
9974	106993	0.117	0.282	0.353	0.399
9974	106993	0.148	0.148	0.265	0.296
9974	106993	0.059	0.346	0.494	0.405
9974	106993	0.074	0.094	0.153	0.168
9974	106993	0.137	0.109	0.183	0.246
9974	106993	0.183	0.084	0.221	0.267
9974	106993	0.036	0.577	0.76	0.613
9974	106993	0.067	0.272	0.308	0.339
9974	106993	0.135	0.162	0.229	0.297
9974	106993	0.094	0.657	0.792	0.751
9974	106993	0.09	0.208	0.302	0.298
9974	106993	0.138	0.458	0.548	0.596
9974	106993	0.112	0.978	1.116	1.09
9974	106993	0.051	0.203	0.315	0.254
9974	106993	0.091	0.719	0.77	0.81
9974	106993	0.116	0.016	0.107	0.132
9974	106993	0.111	0.943	1.059	1.054
9974	106993	0.0	0.0	0.0	0.0
9974	106993	0.0	0.0	0.0	0.0
9974	106993	0.0	0.0	0.0	0.0
9974	106993	0.0	0.0	0.0	0.0
9974	106993	0.0	0.0	0.0	0.0
9974	106993	0.0	0.0	0.0	0.0
9974	106993	0.0	0.0	0.0	0.0
9974	106993	0.0	0.0	0.0	0.0
9974	106993	0.0	0.0	0.0	0.0
9974	106993	0.0	0.0	0.0	0.0
9974	106993	0.0	0.0	0.0	0.0
9974	106993	0.0	0.0	0.0	0.0
9974	106993	0.0	0.0	0.0	0.0
9974	106993	0.0	0.0	0.0	0.0
9974	106993	0.0	0.0	0.0	0.0
9974	106993	0.0	0.0	0.0	0.0
9974	106993	0.0	0.0	0.0	0.0
9974	106993	0.0	0.0	0.0	0.0
9974	106993	0.0	0.0	0.0	0.0
9974	106993	0.0	0.0	0.0	0.0
9974	106993	0.0	0.0	0.0	0.0
9974	107039	1.043	0.0	0.0	0.0
9974	107039	0.13	0.255	0.788	0.125
9974	107039	0.108	0.641	0.771	0.749
9974	107039	0.087	0.047	0.155	0.134
9974	107039	0.098	0.785	0.872	0.883
9974	107039	0.088	0.078	0.176	0.166
9974	107039	0.109	0.09	0.178	0.199
9974	107039	0.146	0.015	0.094	0.131
9974	107039	0.547	1.347	1.493	1.894
9974	107039	0.094	0.25	0.297	0.156
9974	107039	0.087	1.41	1.504	1.497
9974	107039	0.086	0.359	0.446	0.445
9974	107039	0.119	1.653	1.739	1.772
9974	107039	0.101	0.016	0.135	0.117
9974	107039	0.103	0.047	0.148	0.15
9974	107039	0.135	0.093	0.196	0.228
9974	107039	0.093	0.079	0.214	0.172
9974	107039	0.09	0.908	1.001	0.998
9974	107039	0.105	0.078	0.168	0.183
9974	107039	0.043	0.079	0.184	0.122
9974	107039	0.128	0.562	0.605	0.69
9974	107039	0.086	0.551	0.679	0.637
9974	107039	0.085	0.032	0.118	0.117
9974	107039	0.081	0.039	0.124	0.12
9974	107039	0.084	1.031	1.112	1.115
9974	107039	0.082	0.079	0.163	0.161
9974	107039	0.078	0.176	0.258	0.254
9974	107039	0.074	0.094	0.172	0.168
9974	107039	0.076	0.238	0.312	0.314
9974	107039	0.083	0.25	0.326	0.333
9974	107039	0.097	0.454	0.537	0.551
9974	107039	0.072	0.078	0.175	0.15
9974	107039	0.091	0.141	0.213	0.232
9974	107039	0.088	0.117	0.208	0.205
9974	107039	0.072	0.109	0.197	0.181
9974	107039	0.066	0.798	0.87	0.864
9974	107039	0.084	0.784	0.85	0.868
9974	107039	0.085	0.063	0.147	0.148
9974	107039	0.068	0.668	0.753	0.736
9974	107039	0.071	0.133	0.201	0.204
9974	107039	0.068	0.09	0.161	0.158
9974	107039	0.082	0.176	0.244	0.258
9974	107039	0.09	0.619	0.701	0.709
9974	107039	0.068	0.501	0.591	0.569
9974	107039	0.08	0.189	0.257	0.269
9974	107039	0.148	1.094	1.174	1.242
9974	107039	0.12	0.0	0.148	0.12
9974	107039	0.157	1.255	1.375	1.412
9974	107039	0.137	0.015	0.172	0.152
9974	107039	0.126	0.125	0.262	0.251
9974	107039	0.168	0.827	0.953	0.995
9974	107039	0.253	0.016	0.184	0.269
9974	107039	0.121	0.021	0.232	0.1
9974	107039	0.115	0.202	0.323	0.317
9974	107039	0.135	0.062	0.177	0.197
9974	107039	0.105	0.018	0.153	0.123
9974	107039	0.109	0.858	0.963	0.967
9974	107039	0.168	0.094	0.203	0.262
9974	107039	0.151	0.015	0.183	0.166
9974	107039	0.144	0.156	0.307	0.3
9974	107039	0.129	0.072	0.216	0.201
9974	107039	0.145	1.77	1.899	1.915
9974	107039	0.105	1.283	1.428	1.388
9974	107039	0.09	0.827	0.932	0.917
9974	107039	0.117	0.078	0.168	0.195
9974	107039	0.068	1.63	1.747	1.698
9974	107039	0.077	0.644	0.712	0.721
9974	107039	0.084	0.031	0.108	0.115
9974	107039	0.105	0.094	0.178	0.199
9974	107039	0.088	0.062	0.167	0.15
